4	0.030965392	0.040145985	523332
5	0.032786885	0.02919708	790249
4	0.031876138	0.040145985	580837
5	0.030993619	0.036363636	400768
4	0.031905196	0.032727273	765700
6	0.02276867	0.03649635	900526
6	0.025500911	0.02189781	900490
6	0.021857923	0.04379562	900557
6	0.023701003	0.032727273	900507
6	0.023701003	0.029090909	900505
7	0.013661202	0.025547445	900624
7	0.016393443	0.025547445	900601
6	0.012750455	0.040145985	900603
6	0.012762078	0.025454545	900632
6	0.013673655	0.021818182	900625
8	0.075268817	0.304347826	340741
8	0.086021505	0.304347826	575453
7	0.096774194	0.130434783	900276
5	0.107526882	0.086956522	900286
6	0.097826087	0.291666667	900275
11	0.043010753	0.304347826	900277
12	0.064516129	0.217391304	900301
9	0.064516129	0.260869565	900293
12	0.064516129	0.260869565	900302
11	0.065217391	0.333333333	900275
16	0.021505376	0.434782609	900327
14	0.021505376	0.260869565	900352
15	0.032258065	0.304347826	900353
18	0.032258065	0.434782609	900356
17	0.032608696	0.291666667	900340
6	0.027777778	0	1372
7	0.027777778	0	1224
6	0.013888889	0.055555556	373
5	0.013888889	0.222222222	390
6	0.027777778	0	1824
9	0.013888889	0	2521
5	0.013888889	0	3509
8	0	0.055555556	244
8	0	0.277777778	235
10	0	0.166666667	332
12	0	0.111111111	408
12	0	0.111111111	284
8	0	0.277777778	283
9	0	0.166666667	276
11	0	0.222222222	327
7	0.055555556	0.055555556	5489
5	0.055555556	0.277777778	7089
7	0.041666667	0.111111111	3288
8	0.027777778	0.111111111	2142
7	0.041666667	0.166666667	2816
10	0.041666667	0.388888889	76708
6	0.041666667	0.222222222	91487
10	0.041666667	0.222222222	95655
10	0.013888889	0.166666667	23907
6	0.027777778	0.333333333	12265
15	0.013888889	0.277777778	52428
14	0.013888889	0.277777778	70625
15	0	0.166666667	651
13	0	0.277777778	489
13	0.013888889	0.222222222	49456
4	0.053380783	0.071428571	900458
4	0.053380783	0.042857143	900404
4	0.049822064	0.071428571	900492
4	0.042704626	0.085714286	900428
4	0.042857143	0.112676056	900406
11	0.060498221	0.142857143	900514
8	0.039145907	0.057142857	900485
8	0.042704626	0.1	900509
6	0.028469751	0.114285714	900494
9	0.035714286	0.126760563	900522
16	0.028469751	0.114285714	900543
16	0.035587189	0.185714286	900536
11	0.024911032	0.114285714	900532
9	0.028469751	0.085714286	900580
12	0.028571429	0.183098592	900562
3	0	0.1	189
4	0.016666667	0.033333333	547
5	0.008333333	0.133333333	303
4	0.016666667	0.033333333	598
5	0.016666667	0	585
3	0	0.1	220
6	0.008333333	0.033333333	790
6	0	0.033333333	242
7	0.008333333	0	804
8	0.008333333	0.033333333	885
3	0	0.1	326
8	0	0.033333333	337
7	0	0.033333333	316
7	0	0.033333333	321
10	0	0.066666667	318
6	0.057971014	0.058823529	69406
6	0.062801932	0.039215686	75173
6	0.067961165	0.019230769	61713
6	0.048543689	0.115384615	33177
6	0.048543689	0.096153846	40919
9	0.033816425	0.098039216	338621
6	0.038647343	0.058823529	900275
7	0.048543689	0.019230769	900294
7	0.038834951	0.134615385	455048
6	0.038834951	0.076923077	721727
8	0.019323671	0.058823529	900367
10	0.024154589	0.019607843	900386
9	0.029126214	0	900388
11	0.019417476	0.096153846	900404
8	0.019417476	0.057692308	900417
5	0.10483871	0.338709677	900296
4	0.092741935	0.241935484	900295
5	0.112903226	0.14516129	900290
4	0.096774194	0.177419355	900291
5	0.10483871	0.209677419	900248
11	0.088709677	0.274193548	900328
8	0.088709677	0.241935484	900341
7	0.108870968	0.193548387	900344
7	0.080645161	0.258064516	900320
10	0.080645161	0.225806452	900351
17	0.060483871	0.258064516	900395
14	0.088709677	0.274193548	900400
17	0.080645161	0.064516129	900410
12	0.072580645	0.209677419	900388
15	0.064516129	0.258064516	900384
4	0	0.028571429	1898
5	0.006993007	0.028571429	23248
8	0	0.111111111	1167
8	0	0.055555556	734
7	0	0.083333333	541
11	0	0.057142857	1482
12	0	0.028571429	1438
10	0	0.111111111	1372
8	0	0.083333333	1369
6	0	0.083333333	758
10	0	0.057142857	1482
15	0	0.057142857	1391
9	0	0.027777778	1228
8	0	0.111111111	1603
8	0	0.083333333	791
5	0.079537238	0.057971014	710340
6	0.071583514	0.089855072	444725
5	0.073806078	0.080924855	606095
5	0.070188133	0.095375723	464593
6	0.081041968	0.052023121	900421
7	0.07230658	0.069565217	900606
7	0.069414317	0.075362319	900599
7	0.073082489	0.060693642	900632
8	0.061505065	0.106936416	900617
8	0.068740955	0.083815029	900621
9	0.051337672	0.026086957	900736
9	0.042660882	0.060869565	900787
11	0.044862518	0.052023121	900774
9	0.04341534	0.057803468	900759
10	0.048480463	0.066473988	900738
6	0.220588235	0.424242424	59550
6	0.274074074	0.235294118	139318
7	0.22962963	0.470588235	85950
6	0.251851852	0.264705882	163038
8	0.251851852	0.411764706	241495
13	0.161764706	0.121212121	900305
13	0.162962963	0.117647059	595310
12	0.125925926	0.323529412	150179
14	0.148148148	0.264705882	351082
13	0.155555556	0.441176471	364487
13	0	0.03030303	305
14	0	0	313
14	0	0	317
14	0	0	382
12	0	0	307