n: 500 f: 10 f_i: 10 f_red: 0 f_rep: 0 label_cnt: 4 noise: 0.05
500
10
4
-0.7749004587861358 2.3230525184646456 -1.11548763279634 0.7046858783640237 1.1064377511362036 -1.7076369282275325 2.813986407171683 1.2273898002270052 2.7651302318568627 -0.33659900626691863 0
0.12579499640909098 -3.94470528129519 2.6114189780983192 -0.33167045534310025 0.5616057197705697 -0.4159589239842356 1.2256747599958424 -1.7093144440681873 -1.69731236736673 -1.9810044093548744 0
-1.3763755111257292 0.5335464992649721 -2.6507119010561206 -3.0261713982101046 2.074395904480309 1.1880702189704948 2.9565523908335996 0.2777095054789831 1.5014470474853558 -1.1024871859222736 3
-1.610147085002158 0.5802804940667783 -1.3075654494317592 -4.195252472219764 0.2543977306978117 -1.5422805234425798 0.7450990949750763 1.9032195184477607 4.275050906882888 -0.4871918343932917 0
1.6979125229411844 0.06920748933439158 -2.9745552716636166 -0.5400571914249843 -0.3397530140874232 0.573921161048881 -1.3889182913269607 3.2001575366322625 -3.674749567522866 -3.318640763820441 2
-0.9233733588900422 -1.6179635843362377 4.607976827170644 2.0883009744764887 2.1125325874009726 -3.246880460309291 -1.2456881348024065 -4.379528705559639 2.079049147359818 4.3317307363475965 1
0.9937816914806128 -1.8150736788611033 -2.3520671060473646 -1.4396329127823337 -3.174942951658552 0.11535793892673107 -1.6568415003976802 -1.3414621232477493 0.8511215614828084 -3.1578553989112326 1
0.8486414041326068 1.4594147820685737 -3.5940413794956636 -1.0201278106959526 -3.0244754765478237 -1.6224689086895645 -0.8988423043980456 1.7006802309140392 2.2281979869604904 -0.625450011413546 1
-1.6157449313284333 1.825720355301253 -0.3288902354563552 -1.1507084411040935 0.6503100809181166 2.930528095145963 1.5971165375416394 0.7867486442698615 1.3818553772231106 -0.42514130372652903 3
1.7843092679181713 -1.0910916361717593 0.5849042129262163 -0.18164840686831685 1.7345144952619305 1.8090670574557772 3.6825197130666583 2.8848825307936075 2.4554498956327775 5.243472587078337 1
-1.0344120009537734 -1.3446791964085345 -0.12024871858991037 -1.8795658257496939 -0.27084528234994454 -1.6484957215869445 -1.3705469840045263 -0.2498760714418058 -1.483199657963326 -0.06181372924920625 3
-0.4085368317526117 -2.072724163492465 -1.0120170432891982 -3.2933609375991098 0.18095656139871252 1.4010102357908525 0.15698668920717407 1.3725360037619787 -0.5328070102390949 4.67900097488849 1
-1.0879415367120038 -0.38471464095268537 1.7633994647926954 0.07380578165280904 -1.6016885714386735 -1.293513100567064 0.4335379724374937 -0.20374320009156566 -1.6522361152022076 2.201703154581777 3
0.5792300860909161 -0.8806681943660083 1.5277414593564314 0.8977801279597619 -2.4583922981917588 -2.5103800488809767 -0.2213984699126983 -0.6251919825736247 1.0268419496487806 0.8869339398689818 3
-0.03656683809689487 3.0276402461759666 -2.659960869034723 -0.1964014059392606 2.0279917362367486 -0.5043936098654418 1.170577870793466 -1.3823820860830702 0.5267250798523185 0.1528737005899209 2
-2.0593350963042694 4.016653205175712 -1.8136715344019394 -1.1025679697703723 0.6627244223074981 1.666271696527052 -0.9880221808532339 -3.382287793336765 1.247126997462277 0.31228385107950385 1
-0.0642581678114098 0.2905097480343142 0.17967564451214113 -2.5843050761662862 -0.2015108940289687 -2.4672543320441362 -0.5607690975868296 0.21013616742909536 1.9464092553214962 0.1595688016553789 0
1.6146472310333904 1.767366455710306 4.387849398568884 5.276435450005276 -0.6315900219373036 2.525157151078943 -1.1263821389570978 -0.35739511460040374 -0.28270442166166543 -1.168513179320997 2
-4.135061815384655 5.053320149139808 -2.15072158614292 1.821726195169052 -0.4241787776486905 -1.784627921734549 1.9749609404063504 -4.849471580748261 -0.11143262919463193 3.064683802067516 2
-2.336344311811402 2.7759365744858915 2.5987654600876495 0.5139003899526902 -0.6228689519848569 -3.9112466457011283 -0.4077363410492665 1.8563458107693607 5.84953550330001 0.7456947131551431 0
-2.459587698829372 -1.3738202394182553 1.895040057721471 1.3398097586025757 -1.9908669706742397 -2.953593590206224 3.6480599873814645 -2.515899017584311 -3.7472843245420098 2.6271115074104756 3
-1.3560893576582727 -0.492083811029011 0.09195204878046292 -0.613008295796876 -2.0980300494538855 -2.4971070199030416 -1.1488005289931147 0.7787902501218882 -1.1034266124324432 1.348116787263974 3
1.981289769826899 -0.269445025122538 -3.1258529488602362 -0.7665849623844376 -2.131020940438731 1.8804081438761235 -2.9177094876404355 0.7842296942967084 -4.268251709067744 -2.8961683013999293 2
-1.4345345453159073 -0.3088707893837015 -1.904049211982294 1.1651221063309714 2.978716516280258 3.9434590283413122 2.1581990904561166 1.6748549986141623 4.340865413246842 -1.142152400270322 0
-0.9511757568968056 0.6675694828641512 2.3798141542558318 1.5499133528905786 0.09704483287636323 -0.7623236160158622 1.016550985453611 -2.9320995705585045 3.927434334945566 -4.2998926269579645 0
-3.25160307017228 -0.4080090257295418 -0.3238368616593592 -1.2507263389384105 3.4806647593060474 -2.3261152191299006 -0.262516458889657 -3.99860471070633 2.4501734730720357 3.1670243097956643 1
-0.46125591732357407 4.36035951285157 -5.885383700600043 0.9199495872766514 2.7588797144574286 -3.1531793124591916 -0.17421498544057168 -1.0321172534838137 1.7963787648724816 0.5597947574573635 2
1.1760446875086639 -2.375279481097456 2.591817775308559 -3.4399873578983846 0.8094047270613773 3.96719897639311 2.1236214286453254 1.265275153531901 1.1081889298532404 -0.9053908518907499 2
-2.355887995184859 0.23476595446701065 0.0816229280341132 -0.3864600352407397 -0.8725518822105286 1.3717727024657536 2.583200519576832 0.9839962355126819 -0.8415570661821894 5.062199963390907 3
-0.12508076026837378 3.9190124183364863 -3.93674945092572 -2.2718020636234058 -1.3468653571445652 1.5283155260091728 0.5768471618390136 -0.6162799860217714 4.760309446400925 1.7320483419154153 3
-1.4202769854265738 -4.999348474280675 -0.857651970543823 -1.680229288262495 -4.025084306630778 -0.17827024243093936 -2.5947139304461264 0.02464398887948871 -0.39309175160734977 -1.1300628448680359 0
2.068662575630764 0.7518519239647503 -0.5446344969090995 -3.52092903616828 4.413966406542556 -1.5237354897548154 2.587809539044172 -1.6788922265345112 0.751222415782733 -0.04393709276126334 0
-2.441556244880428 1.2356348743934666 3.859533647270329 1.3099130929762373 2.6813848726431324 -0.09021703858797359 0.6158233189629165 -2.087869137875719 0.8017674499030929 1.4057305064279455 1
-3.373573591522452 4.030632151661129 -5.1815723607836714 -0.8891845493984275 -1.0468029524156166 0.8706043041033779 -1.676382475530429 4.070534089902478 -6.954447794658002 3.953539661771711 2
-2.0163930712615312 0.7419434880091746 3.5169809508528544 2.4649870096012005 1.0797467599993944 4.758073981125778 -1.016597573528983 3.9177328669534655 -1.936293604851413 0.3030214811737746 1
1.5106669469708118 0.7313334804024989 -0.769919435399774 0.054252215490106614 0.966416949788965 0.45267462878916154 0.09736531304971718 0.750049283490994 1.543649594230486 -2.144373989156148 1
-2.383569977195175 0.7590128499497457 -3.1392219849371203 -0.8110621061514457 -0.8931927453950836 -1.4048407669099587 -0.10856148209133476 0.9925753175627083 -2.4746543374600085 0.44613532267447464 3
0.6588934851100341 1.4850282882043386 -0.18997103336187016 -0.8291438539825351 -0.4610382127453456 2.8312570195986373 -0.32858073523741416 2.082168544628201 -1.5394660435049419 0.7916233416844842 3
-4.214626489930785 -0.25402115347837806 -0.3977890626957641 0.5473087185428491 -2.2006250430864354 1.5938247001172128 1.4918847128773804 1.1165668515313918 1.977946018811776 0.4402771162126977 0
-0.628712637230096 0.3743924700038004 0.548993098683199 1.8505403935679534 -1.2461051528377365 0.0632919948662034 0.813122761319065 1.701676113286507 1.3667653106968718 1.8148848271123632 2
-2.4905152766365584 -1.2157812722258146 2.9565958080042503 1.1037266924410432 1.7279474172014777 3.0103423860624585 3.8451861322553476 -3.1402315221977064 2.4558132081373607 3.49655431307659 2
4.324155246957236 2.841179629901679 1.273971367499105 -2.0561439736517118 -1.2534633611236778 2.2631560476776835 5.333510565513857 -0.8926395418654833 1.4506531961459093 0.015049466367806907 1
-1.1567741845440338 -3.074104473426905 1.2886547472453822 -2.4852684560658655 3.780140867651744 -2.481450245585282 -2.3964616009315973 -3.05347610514229 -0.3870799933556839 0.46179939677012594 1
-3.0844627187748648 -2.392991563715401 -0.279409515482967 3.787244439185879 -5.6441990923008 -3.264675596518611 7.669030924664064 1.0836786351711387 -2.098821017035992 2.0522077104400402 3
-0.3741522941594204 -0.7016988655262957 -2.2006407049263235 3.1807564905006536 -0.4819321082346655 -0.6262517990825236 0.11944840987933047 -0.20454272745242918 0.4540022238476118 -0.1143201270781643 2
0.01793568032078574 -0.26271085901287927 0.6250226109089161 -1.730775764088052 0.8616064083170687 2.9498254811331166 1.7885963462458254 1.3349569147684162 -0.5447312388665366 -0.3057062576620777 3
1.4825272013529212 0.002852919291993272 -1.0802823774197818 -0.2860722913150857 0.030713082549959747 -0.6400665345341328 1.6652729806247617 5.247663589209735 2.2043717070996016 3.937705580986868 1
-2.7925815829638543 0.16098636831839142 0.32375300037927635 2.048446453789126 2.25579508988802 1.342844517181622 -0.28961428937075406 0.08902460644097632 0.8996308487293463 3.1481958434063535 0
-0.7542513207815099 -0.8723795051191625 0.9704390930308129 0.2644616402287503 1.1424217418673803 -2.586549153095823 -0.21371538935668266 -2.7199040593131008 -2.17695872474715 0.4369842351767378 1
0.9560233068137833 -1.3789814035362409 -2.2026580232383264 -0.14673059814137956 0.41372525557382844 0.6081913195838663 -1.3357828246262864 2.3984818043986795 1.1183713121513372 0.07824484448007307 1
-0.5283203351976364 -3.382230458054792 0.4734671950321543 -1.8686724887861248 0.8859376874214997 -0.7969062207502533 -0.480056570720774 -0.03767761780451284 0.4601557001873773 -0.6216020424387372 0
-0.06637325986795828 -0.9649495247458846 0.47589847478629643 0.9489082021709139 2.164919956204302 1.7358836659686943 3.7961050628423645 -1.7029134433762334 2.4172935206561497 -1.0641894857314271 3
0.46382040407496195 -0.8503441764431932 -1.0493522754713003 2.1541133499294642 0.725860649016403 3.8739136663252256 0.798651569860987 2.012362961465719 2.089424249123324 1.500374148797707 1
-4.699896224216621 -1.0862391243055087 2.308330891135341 -2.52348463548312 4.375255955238149 2.246905854415241 2.364777455279418 2.4118213481207973 1.7707206118880736 -0.573760346336385 0
-0.430707882513226 2.8026416808457832 -0.5274417827966593 -0.28789887806630576 -1.4928707705318853 4.055553883956866 1.0182330677568776 -2.5817052534990657 4.270859813803377 2.7782086985175325 3
-2.4145301656419624 -1.149272911647171 -0.14785727852691588 1.5648151100803167 -3.4828016244018722 -1.4541963086263687 3.9813215108518714 -1.4012503750790597 -0.2264025947204752 4.368654252752227 3
-4.331396458597446 0.11349115062635073 -4.697061042365774 -0.3227315500682072 2.50183655612951 0.427642089260742 0.2766067436901477 -0.4854346805272143 1.1496037539778414 4.466050022387229 0
-1.1988238374241957 0.6477924815195042 -0.4323353450052746 -0.05815654268355053 2.8060699119894785 1.95259991276562 0.4144190251939548 -2.248471603727194 -1.2179217334526147 1.5821450381133964 2
-1.3428010481867247 -2.7989182050641217 0.07367804275328638 -2.0803456206388944 -0.417543522100536 -0.9417711914432493 -1.1733185113077798 -1.7839327224506314 -3.2977535322698475 0.016004229244731993 3
-0.13750646597132643 -2.178135782384097 0.3144983397488933 0.8554713697885378 0.4739533807526012 -1.3802471092031061 -2.157730201141949 -0.8984426182386172 -0.16207299784121687 2.0617401452063353 1
-1.9425637005168053 3.869438490048487 -0.6877708896088486 0.2611730379674231 -0.6261984990868157 -0.7822104738440165 2.169191181381212 -3.437389354410218 1.1972828007886895 1.2875502955931148 2
-1.0079123233767064 -2.6626946196759564 0.7778852230732984 -6.569129348285323 3.7145472017884646 3.514217791838186 0.7008800525267349 -1.5939358903120013 -0.0399982729242081 1.0146249287755922 0
0.7833583872167679 0.9585102046698732 -3.0347642062667832 1.3109047722152871 -1.331292405165804 -0.17602550882534174 -2.8581673620785266 4.237706473005734 3.7457008693354257 -0.004138768564893258 1
-0.6575753654037904 -1.1621270569498863 0.9359569915889974 0.0994889070779077 1.141859253637199 1.4966777472023804 1.0860944205713503 -0.4570560053006796 1.330704340401054 -0.7866692783689757 0
-1.8146325100923941 1.883907297603158 -3.4706090387989503 -1.2110579341473162 3.8223316241704577 0.4171756838162004 1.8309711720060764 -2.4666078071854596 3.1225243286344804 -0.21301828777087473 0
-2.2939583495774363 0.6141531440367549 -1.5035723913467158 2.1982283993457994 1.3333651891633913 0.13951529671981888 1.743037188602793 0.57925598442011 1.1682631658691138 1.6838479227669425 0
-3.0386735148110775 -0.46213794238203565 -0.7666008756586096 5.372357527505961 4.499612869964902 3.5229414367770997 1.3352589026527606 0.938687470817029 0.46812979754180095 -0.6635907891832162 0
-2.04272422608337 -1.3365928971571588 -0.8777702767748656 -4.555052212688479 -1.2533536120860127 2.6559991241560654 -0.27146056913067285 -3.4272346923265857 -2.122767181457153 3.4478910504092473 3
3.192075128762042 -2.067210498403715 -4.219773280449121 -3.367217904852652 -0.879743991593106 0.3342044668433578 -2.850381684119789 -0.8887026130559206 0.5004769300977783 -2.4075262472021284 1
-4.2083700368607975 -1.9474748473532708 5.5318954342147455 0.6925207265530042 1.3444908203188142 -2.0470164315014063 1.219475897129277 -3.7047759641188445 0.1506966059818805 -3.0509041158649066 0
-4.816593066509471 -0.6824499204497461 2.126253172123183 -0.03621587351705502 -0.40502273722239024 5.065206455839384 1.214118091031815 -1.0167408670615454 -0.10857257722500457 3.5004894521052274 2
-1.2870695342335992 -2.215949069275392 1.2763235887246833 -1.6380760802608227 1.1728393948047786 -0.707250973369311 1.2339320343171456 -2.083908595675525 0.5425241335221072 -2.0902894553032985 0
2.275779511740398 -1.3629157473754063 -0.5437953129087858 -1.310731288596978 -0.6148178609563887 3.126583971296946 1.984699961418071 1.0370571961171557 1.0556438617935724 2.790824719384019 1
-3.6429547938780793 4.179175497732899 -3.2488568309711487 -2.0691648362276256 3.5604879995212784 -0.2865222200832602 -0.9166525581947238 1.9925639145247098 0.015330633285980944 -1.5354228195876398 3
-0.07956509846784954 -2.4767276616026885 -2.0077258967478824 -0.5525758401821652 -2.5331514159514046 -2.4780613477362246 1.7801545306180806 1.0713477895237111 -0.729239190910187 -1.1986612363621734 3
-0.7728500028864576 -1.335879287736161 -2.2381000134266817 0.8306456856356106 -1.1136949265386369 -0.18375537252200824 0.46002788584761223 3.54010981008559 1.9187888631603935 3.0233172503727768 1
-1.2317276990278945 -0.780002116967341 -3.3108437728951707 1.1567876794997005 3.609294794132797 1.7699284471774281 1.5577763412201846 -1.8225766022839185 2.340079841941983 0.7857609554486087 0
2.7740274774989997 2.5571648641565856 -1.2123270902838934 -1.083628837241263 -5.098578420617369 1.8045208226060934 3.2053874080976943 0.7253374046785916 1.8186846670476013 0.8318717045985686 1
-2.0163737886829423 0.4723087939054318 -0.01954920036308061 2.0116368467225096 -0.18433961502790175 -0.559743782529633 -0.7070053274475998 -4.944553230013351 -0.4585829519334763 -3.1119786090625685 3
-2.542344726406742 -0.5420796814434969 -1.1796543153223258 1.2896616477132015 -3.0564061405164797 -0.3649181144746386 3.444199349114261 2.401114758239741 -1.0990577308640188 4.400155458695323 3
0.4788118950700426 -2.8953952009221 2.995453137805364 -0.2530534781072269 2.4104366216448514 -0.7401259427383307 -1.333307342566238 -3.0612742531561006 1.2646376553087713 1.6124751646242446 1
-1.0382240537414964 0.27351892741267303 0.8235687605609001 1.7792735839688638 -2.0133920365865565 -3.0431864654978 3.2827282448178785 2.0907612428319258 2.2145420737383374 0.6922708446719235 3
-1.542912299654211 1.1167728770931271 -0.951086629713788 -2.1969827062709184 0.7803024691658013 -2.3101588528231187 5.114823444489374 -0.9797130549407629 2.6032394624078257 2.463129984323139 0
3.6897802741612202 -0.015912517762173395 -0.5330810873950406 -0.16896216680681075 0.6689809580504011 4.54144968075186 2.033162082393371 -0.25101049529369 2.3581162339498465 0.6122340000658231 1
0.594596174327696 2.311600298830707 -1.026003066875928 2.2014175065879567 -1.1394389301385848 0.9956557551361502 0.30824104902641336 -2.528487019215406 -1.3511251620279539 -1.7092873853021948 2
-2.4104584217225216 -0.8501589134538974 1.4620407547597627 -2.048467628879374 -2.2123193851536223 -2.0608202843601076 1.2930522580397035 -0.6618979726997092 -0.7776491317015457 -0.9841349215950361 3
-0.8482991310728756 -0.6335343692347721 0.7660818832055072 5.144352822622779 -0.7685100933923891 0.41742675179341204 -0.020114170733651626 -1.4796355223328845 0.22749612985594014 -1.4295046532365128 0
0.6178515485742995 1.398494140463812 2.7165107181083448 3.5688798096069245 -1.8568794877091923 1.7312291505040638 -1.1055931125487053 1.6709132728087752 -3.1261316337091762 -2.3744098198995456 1
-1.0156736853880008 -2.8682277778903953 1.0783096369576075 -0.6000548389789488 -1.8763404043641918 1.0380057485373158 3.23923336123878 -2.4422148843829374 -4.735646468280466 2.1553059984878877 3
0.7064911826872229 -0.20192034184923946 -2.8615295378248 -0.4252253060200907 1.5523451030161524 -1.7877899198451614 1.6149913643555138 0.11433874625707219 2.2737545387568225 -1.5606212537955524 2
-1.839204259790551 -0.8789198602795365 2.7675221689378358 -0.5236511449780088 1.1953573371228656 -0.7470897791141349 -0.17585254586083088 -3.3147766321850685 -1.0389468807591646 2.5941043121626968 3
1.3628923801118642 -0.06139842637288084 -2.187723363333885 -0.2259174355062925 -4.539488066303867 1.9215562108232098 1.323363230906383 2.5213651929699212 2.4496569926157505 3.4468833809760837 1
3.455764660571692 -0.23862875013669083 0.21700968659363706 -0.9876083067909883 -1.3055402047900824 0.7012697365832683 0.9580910071917911 -1.1210831972846063 0.8915809803984317 -0.6795830483283145 3
-1.6885972741778126 0.17881613855806844 -2.082453968814174 -1.7088920603790445 -0.725949387172848 -1.1312664553136815 -0.10763419225346582 -0.8786579508994489 -1.838856650640507 -0.3232503240333384 2
1.5267794171133438 2.88143682011304 -0.12122404768404316 3.68293454273646 0.4126580387794865 2.56060584359543 1.2995433528274702 -1.144614651284869 1.604365780268516 1.5291986091144607 2
-6.223656533393852 -2.0503717391473613 -1.1519598245957143 0.45094461381747863 3.8126850939890122 2.6623429645008034 -0.570874491411921 -1.0850204380940986 1.0648486399787314 0.026266228759919796 0
-3.8262207104254133 -0.13699360649242487 -1.9630935785769599 0.5085948865343937 1.6619774294490874 0.4861942129926986 -1.875703139252165 0.5270064167215123 2.1877417791057496 -0.43441581048465117 0
1.8499677899265734 1.3559848238505707 -1.2285020414562036 -1.0241419756604793 -1.7418706809719477 2.540998407462431 1.3367536556049329 4.326931979819895 2.005516675003774 5.061962908355834 1
3.323881924192315 1.4302633128329831 -0.1360358804049946 -0.8789085536398338 -1.9491350234494724 1.1499110667703627 -0.08688220732669849 4.168435816367279 -4.41505611384478 -3.2507151339398637 2
-2.0251294543932805 -3.808500981412951 5.37466790604262 0.7109288024528304 -0.10321411736265329 -2.436619118713815 0.30243504794231746 -0.31009133711177717 0.14609313836065096 -3.412883535146308 0
-0.5521054437827442 0.3619629969687763 -0.8478040886128344 0.6824939635322429 -3.005494543714263 0.21737498136198352 -1.6007993963700833 -1.1333976322335442 -0.15162179041027257 -0.03717973235896854 2
-1.048724677950082 -3.5904373159592273 -0.399577459732642 -1.4497060274229276 -1.4155549047152962 -1.2689678943758023 -1.1030814608120876 -3.688458766322714 -2.3692641783282187 -0.2580072980316255 3
-1.779888890899691 2.2758809862907743 -2.153297838542932 -0.9622171938232963 -0.4715005448121956 1.8364121701790606 1.2016223517215374 -2.066798772097645 0.35578270179019433 -1.02119046771498 3
-1.9214378296413535 -1.3867212640523348 0.4621403308383456 -0.4028608466563669 0.23875877672798507 0.19425469108802484 1.5383293528059916 -0.8796343980250464 1.959109585614436 2.468687658822338 2
-2.7758684742825444 0.10425382118552806 0.10200664704415208 -2.722909227273018 -2.2707819544161842 1.6771543955775243 -0.32626421914484927 0.4981849934295768 -0.4790428338532313 -2.1913319523664176 3
-2.732508839120211 -1.9973399309879118 0.3131500204069442 -1.1903081381678908 2.262998014916843 -1.8919804526535104 -3.3080716720437273 -1.1909329292380886 -1.5555619954103448 -0.5101936581254936 1
-0.9742765251419868 -0.9945207424602024 -0.13033451685289887 -1.933869434773911 -2.485135596150148 -1.4225212076003735 2.181778095613641 0.4796395411464174 0.1720921418119583 -0.8644614734227125 3
-1.42102472357398 1.4061562782160832 -2.311483167422263 -2.9128702339359807 -2.5882117269953495 0.4722193530740074 -2.125674539527499 0.3309575954091132 -1.622235722043265 -0.16377312572784597 2
-1.7068525793854663 -0.6513087918596545 -2.3670701734532145 -3.109870494360133 -3.4390239316789617 0.8753681626320237 -4.315850114410396 0.5119667762909419 -4.053489872199284 -1.635861565771709 2
-0.6328840628335168 0.254388269673106 -0.30624236932398674 0.900993527138361 -1.5376251720698457 0.451757020661837 -1.1179488897535148 1.0031585106787257 0.06347332560811236 -2.2806069510205136 2
4.144984125708056 2.739923615589733 -1.5069447113240846 2.325398511610678 1.1128811196960657 0.5983983441385385 -1.038877881197091 1.8983416754934592 -1.5997375624515642 -0.4796792920608398 2
0.9022047023923057 1.2209859371307097 0.7487341495340494 -0.5325667597963433 2.569583133148606 0.18106114202337098 0.5169221899334145 0.22110657762733732 3.2350288998339654 0.8966448474724554 0
-3.0440273075881743 -2.801701844970732 3.130437347761606 1.5236662633244134 -0.5913918783529706 4.965282335722963 3.3436215410208963 3.363903510656902 2.838546407551865 -2.414998134724595 0
0.22213488193824604 -0.13101848154931317 2.52928005580028 -1.255921797557719 2.079009525956743 -0.027935501302839172 -2.9294444553660504 -2.9040275277076404 -0.8315251966218088 3.286111408699719 3
1.5226032365434736 3.2981348307563874 -1.905460395987532 0.5792945737454046 -0.7717836858025322 2.028901047425582 -1.075076555811276 -1.8748400159691654 -0.6155839778298471 -2.2787336858432425 2
-0.3242972673057335 -4.200629100203599 -0.8639412612042676 -2.2780940049591516 3.9876183211494687 -1.9286468564350043 -1.5857674211550752 -0.8547211896838922 0.4563022013702829 0.32469733861410144 1
-0.9018730462744576 0.006173606485947447 0.4769041822010711 -0.8746090495583819 1.9450592015492454 -0.4358802379088874 1.8355498972321156 -0.12626859500731336 0.8466058089501107 0.9523647865350766 0
0.3480534253193869 -1.115183110550523 -2.4924111279133507 2.7118775103643937 0.708229883106499 0.5540160105065554 -3.68057687784625 0.875650963748852 -0.5604730847532786 -0.00822426805550902 2
-0.21787470373142415 1.3796553004300063 -3.3470788973510093 5.495093031605314 2.746261748099119 -0.738344555410515 -1.776861073381625 -3.3157956789425826 0.7767117975934317 -3.7106509012090805 2
-4.510835261381278 1.0209796350939824 -2.120078819727147 -0.34574851994396416 5.208543192083851 1.3046184259898548 3.0321097175168608 1.267151808485361 1.134821512111007 2.4892041550552424 0
1.5927875769299198 1.4757268821946057 -1.7371876408238394 -3.6194600405060315 -4.025945175387948 -0.21703796669831132 2.392591787036201 1.0793302006316445 -0.3821151280586481 2.0866287294933876 1
-0.458855425789389 0.8377103333917741 2.194788241493595 0.48325169605436824 6.5755875168852365 -2.1486288316018287 3.1001069639770282 -0.841767635432305 3.1306436937687914 -2.6639556873904278 0
-2.9866612790317544 -1.2740708784714694 4.342948991979636 1.6193506618938818 -2.269947474458329 2.82409602189593 3.40052755228079 0.8460688844294255 2.1905657878444273 -3.6312868731505823 0
1.358379415157986 0.010258363491518097 -0.830147055351563 0.04725722214717121 -1.7448366487324902 0.41977737909050095 0.10294634823297522 -2.2047954440201147 0.7664486470701296 -0.5966500331091058 3
-1.714495314806012 -0.13302851426216245 1.2511457750600636 -3.5332577636802975 0.4960024375701555 1.643544039637749 -1.0025670338345867 -0.4937150542737082 -1.5046768109460975 1.950980819868453 3
-0.5362693001620698 0.42228608952213675 -0.45338874344086044 -1.398059358366866 4.116215023882145 0.6089593089747335 4.830996697244493 -0.7483316662706336 2.4726214950879717 0.11966682757690161 0
0.19237225208779773 2.2546193469505393 -1.4546524102993843 -0.3433676299303341 2.2899316315749054 2.7101888229800792 0.2916153663043155 4.832459500243099 -2.8833062118658366 0.7865351433351175 3
-0.29061611040508306 3.336596222812614 -3.7313848601149315 -1.149566380500436 1.719921202057189 0.07539732428309986 0.9505308367377275 0.8954894075107511 3.863977198111561 0.6082783789630843 3
1.1343098229506652 -0.34961675064747477 -1.3884053456505399 -1.4758255320513984 -3.0787023999166183 1.8686122773604008 -3.766426725795656 1.5292679539484113 -3.0083324817544326 -1.2171972780086326 2
0.7585979929808639 -0.2801181609201209 -2.3260184718718606 0.4140155506074419 0.40126327948838647 -0.806700890445275 2.128635335013959 -3.303750514343001 2.7655018745634807 1.1453870214404374 0
1.2612615280568766 -0.5513367387311277 2.560611374213561 1.0958490809325183 6.4308365328398365 4.763241362834274 4.113385290219419 -1.0216382643534938 3.2338741107975038 4.991953163062055 2
-2.0252573126816853 -5.153163273281892 1.008455715728454 2.297498972673809 -0.5919915703518914 1.8633823274042913 -0.7205296448258767 1.4896231785708958 0.7988318524604588 -2.454865552999743 0
-1.771025469411256 -1.628942138641967 2.246539117985068 0.6658880882984446 1.0688283643501395 -1.4189396768744111 1.392602755844643 -0.918081892687538 0.8571865043162997 -2.383484276274256 0
-1.2725054577584625 -0.6381557149476704 -1.776924543337012 -0.37508640056314124 1.4537829385796346 0.3310062221294948 1.2010644967066977 2.2796439037022944 -4.061187580748215 0.5230559590035571 2
-0.31329011379560945 0.007477947232593873 1.3558406427215348 1.9797396366693154 1.0711730626880003 -1.447785887647779 0.4254418511943465 -2.5096944848323464 1.8138447932068082 2.5024710386868496 1
1.0740615013875228 -0.48053716722417505 -1.336336286999423 -2.789226805332369 -4.599877200240432 4.349618853177699 0.5427181711539495 -0.9271598154023766 -0.7567529748513591 1.6615443773783265 1
1.89909804126356 -2.1367600200433294 -1.0472463000290382 -2.018800629705731 -1.9590929057066524 2.956684958198495 2.725968296278191 0.4113023993863175 -0.2981235526861423 2.73108325055747 1
-2.070727437621415 -2.684522485782491 0.46326255301850094 -0.8740648947711656 -2.5573207749697198 0.7775527345961262 0.6751115371341878 -2.4074069453802442 -0.8660387921141575 -1.0740195723264472 0
-2.454019859171571 -1.0520259676219774 -0.31534014698598534 1.351731468285533 -4.336926512998188 -0.16612438358419945 5.352361595664829 -0.07306527573380961 -2.50118060733684 4.696436989625296 3
-0.4470656945038274 -3.584200725708356 -1.151039652249902 -5.171746760749588 -1.2377028970711759 -1.685649644561575 -0.6671927019249277 -0.6261520643402168 -3.0477668875173625 -5.457419272436309 3
2.6052630894589694 -3.5200509204606623 1.5501826477841223 -1.9505657067331201 2.5564123830180208 -3.6476648989955667 1.6860126410042517 -2.4217604431451187 -2.671131797550222 -2.131464209334995 0
-5.093690138609793 -1.1400378401787075 -0.9149229613443235 1.0036285253393884 0.7440545813716879 1.026969552309408 0.524189867572836 -1.9456862989584915 -0.05266674655435777 3.845318808299437 2
-0.09395539895093508 2.767634113443875 -3.401569508492864 -1.2110095701299468 -0.6406979212041202 1.9155570190327413 0.5157589058243923 -0.811241818080861 0.1387540765919214 0.8995525285826356 3
-0.24838429623470082 1.563379411947691 0.5428043759386281 -2.214422188356316 0.8754044443448109 2.5575307276164034 1.1632467175803776 -1.6235873585963807 0.7980796711616234 1.6974193716991368 2
0.0730442672860041 3.2519126980909534 -0.8695152807778375 0.25784655189597094 1.312963963587117 -0.5360071373483533 -0.7478032537807338 -2.517023045252743 3.1255541252090584 -0.7083675352726122 3
0.9202886647788613 1.7452070619948317 -3.17147197272143 -3.5136937093175704 2.1106072652323666 3.4150770715959706 -0.7457726013212871 5.372474801282372 -3.8039270012237463 4.601803126813834 2
-2.5554036401150304 1.537411455582977 -0.6637511487395304 0.48909622788783635 0.5479808654945351 0.4744385581832359 1.826372743633299 -1.8451262646410842 3.7188659481076 0.584587822833072 2
-2.4978377289922005 -1.6076416688692654 5.236243638710614 -0.7044629816125041 1.2877879366405365 -1.7386724108845164 3.1598306554803317 -4.5329110078549295 -1.974004914612998 -1.5859293806554113 0
-4.8063632554197575 0.658237082674227 0.3645337833507474 0.37367200266283596 -0.4308940197851179 4.349625085139126 0.964877485543065 0.509409979872947 -0.5322765578073849 4.3654229642926765 2
-3.15238680829303 0.8442264609158951 -0.6170572559207326 -1.6377893525604073 2.124357707817965 0.018842830794530085 3.166201422960496 -0.03222504189425357 2.5211339724359587 0.10669543534170889 0
-2.6939613280004346 -1.1025736358402456 -1.185065901654363 -3.3227811059894723 -0.9412721234241794 2.706671836792099 -0.36255659894502346 0.31144368665225475 -1.9796293195450319 3.56486929337236 3
2.3698680760865987 4.063268618406804 -4.350584889508032 0.6123185032760408 0.9220675606232172 0.3800450372307208 1.648554373579842 -1.4121548060454452 -4.281498247478719 -4.399857897576602 2
-3.3437652833742524 -1.0639436778327345 0.18748380743745674 -0.01682718437637487 -0.4670502282077049 -1.4865223937368204 1.339620221200485 -0.44842894861344684 -1.0770682117801396 2.1316961608361495 3
0.36021187230956864 -1.547040859493125 2.8317588714678816 1.9481590835923694 2.1632474148887852 0.8129515231302853 0.8469355341575828 -0.49949238358872405 0.11295649090828008 1.316348222154641 1
-2.0274854728201395 1.8145262405133802 -1.639310733879498 0.16883188608508826 -1.0754832200363182 -1.8571730621628992 1.4693098390952484 0.9663260596419005 4.434197653074893 3.544730199796609 2
-3.286024699515604 5.023438657898039 -0.8782090446947399 0.9255888892860218 -0.23011774826366826 0.661571441953998 1.8466922292053694 -2.430916748551243 0.8819432570809238 2.8930394470301057 2
-2.110137733499286 -0.35390174466523583 1.5013607887956533 0.7455362007478568 1.850625927711003 -0.885040800013635 0.7328231279797798 -1.2791148149138982 2.3189230864550554 -1.878356206910478 0
-2.028398417371916 -1.3108018276561904 -2.2683643420396242 -2.033156163711716 2.3663734801415375 1.572695621650288 1.2545540293256672 -1.0039822343926526 0.7981281080196729 2.0222205478815574 0
-2.3011222876876722 -1.771394328015921 1.271492789182441 -1.3417597924245568 -0.5089968945475241 -2.2916692473374445 -2.1477268194059853 -2.070746786709877 0.6626242419981033 -0.3295781503027184 0
-6.827877621077947 3.835823425808886 -2.4905338637040657 4.106988255723223 -1.9728542186108307 -0.7137361309407715 1.640560342545608 -1.178802300460771 -0.009947528595408262 0.27045939463438395 2
0.4814357768239268 -0.9064031806140762 2.9782843065761737 0.41978414497263894 -2.8877828097119327 0.05161226953808551 -2.397786515409082 -6.336166662699518 2.8572833132923465 -0.3079882374637275 3
-2.075135781266937 -0.42736566470444615 1.019661425672845 -3.446179555774044 1.4259078069804287 -0.5977002975766343 -1.5670090026116448 -1.4188324023579084 -2.5107687456553323 0.6766480835895057 3
0.9783010615725636 -0.7484980380627309 2.584673156061743 -0.5453106392417125 1.61354678302696 -1.2267263795388463 -0.5454193904336546 -2.601460396028969 -0.008926377585957601 0.45521070464121227 3
-1.1895337146726057 1.3598457499480183 -0.7002471864551609 0.5035044289716346 1.4667639641750525 0.439234479693427 2.1877569846916307 -1.6015015844022198 1.7172911284858512 1.2164171055424622 2
-1.552881802185972 -2.0531799562896156 -1.948322371179784 -0.6391754189996137 0.4164530894273635 2.2754878683364232 -3.0277964672557394 -0.5637053712552744 0.47689136488454353 4.651807467420381 0
-1.3618990103523034 1.0455202440954632 -0.6435409864673491 -0.7706521756835932 2.322067536491069 -0.6947766612537968 1.4594410087260905 -2.27394957045734 1.2862586519559491 -0.3285690457634811 0
-0.6783289798626222 -0.703524711139853 -1.8907855995102028 1.230009856371181 -2.951120979421003 0.8466364330436464 1.0502430248727406 1.9785761877557027 2.929593806630752 2.593657178409633 2
-1.079076609100448 0.673013163432399 1.0598214711678446 0.4897734821641062 -1.8048719440021466 -0.6479593112573185 1.9167096895903544 2.6284261125514066 1.5837627989390013 1.2615799374181282 1
-0.7773717520150503 -0.12152878333593642 3.318411485008024 1.54196651464554 2.7343626841854456 -1.9535392327337857 1.9717327028345175 -3.8379827564848936 -0.5950272380207269 1.7835534218301061 1
-2.3107300257186916 1.093188506737195 3.6195364092928486 1.0548487791948005 -0.7850410528458558 0.4456701439534394 -1.1016280917010546 -3.131587224819585 2.248521972658601 -3.6312017009958524 3
-2.154491433733938 0.04198587173709667 -1.2371082729373526 -0.8958720751570756 0.7226882875915082 -0.12417430724451317 0.36659270265018196 -1.0512245658416133 1.1058501247079149 3.1633432522789002 0
1.5302176277844821 -2.416791436605912 2.8554556742375214 0.2676979583645238 1.531806193120529 -2.422932726339342 -0.240802151330066 -2.4848876531509 0.033687363107667734 1.6104899066677323 1
-1.7963863874077752 -1.4959377880937 -2.1932807251326616 1.4899832090034422 0.40874266305856344 2.051266483557276 -1.349783944259626 -0.4966765751758133 0.26174730922273814 2.6502704987292582 0
0.9684993499283373 2.1049061025721354 -0.09481745310634937 -0.7971045645239385 -1.961916737491273 1.6891914384093516 -2.125714710374178 0.8576250940283329 -2.259928439742482 -2.2606750955438173 2
-1.0207703253059286 -1.994196038687026 1.1575386742552958 -1.221738285630756 -1.2376473605301688 -3.3505411326375905 -1.2527707701535036 0.015062314661639764 0.26472768371880195 -3.25516264541785 3
-0.7313796212082162 0.4855510635532029 -0.7890778399095806 3.7613821789739927 0.10665292315141706 -0.11544615875148856 -3.2190690396895745 -1.1580760538966222 3.3058351348423702 0.0900755698076694 2
-1.776944140686866 0.9665432676184396 -0.7071574568267467 -2.052523687666289 -1.2854004347884844 -2.005388575381603 -1.4500522404564147 3.393156111333976 -0.006592136249828795 1.175503250031966 3
-2.4743165347629046 -0.8229945959045457 0.9954167680934927 -0.1636049394734862 2.3017856589439347 3.3992629286102125 2.188720852034308 -0.8244289428244951 0.24006803409401523 2.4301580898182094 2
-0.4520701424743435 -4.579199660753992 1.8579341276170078 -0.20097563589354284 -2.5802340579022487 2.1901786217596086 1.8078158333781587 0.16649226210053825 -1.008609576633996 -2.4919832692712287 0
-1.1039239430599959 -1.7446301503384025 0.6785213115504014 -4.406212261151557 4.553268323688927 1.8165727458481284 2.2693771400090337 -2.2218717741101113 2.813041795443824 -2.5974068677088167 0
-0.6673972470564535 -2.982597074822128 -2.2230094062475145 0.021960128257973333 1.1448555602407637 3.394596768152323 1.9603835381181405 -0.8960809880861929 -0.8596988192077282 -0.6523983323840594 0
-0.6621048835231467 -1.1022107516169648 2.067331209039113 0.3383769100827778 4.165736989421184 -1.0917884368198263 1.0281059475886207 -3.2704937184280882 0.9303821792127764 -2.479652077068017 0
-3.8321153391540284 -1.7762101311879057 -2.8287993673457015 0.8082551965248195 0.05910818532745632 2.3633017091364796 -0.16846919339375765 0.3450841753137621 -2.327450634451168 7.42062455306159 0
-0.7377369097557571 0.028770274610998348 0.58695187127345 -1.1416693525025274 1.5319194738517394 -2.5209744187034775 0.47505455349690695 -1.4165904773557907 1.6182122610373502 -1.3190688703145752 3
0.1605690958351791 0.7218162046187921 -1.5209156780234845 -1.9801984103670724 -0.5491617956714734 -2.8746129999710948 1.4656413670581516 -2.292605285036802 1.0590018288535206 -3.158598467444869 2
-3.3478536424534155 -0.4633719781774648 2.765265367963058 1.3144813517226828 2.040731705935617 3.0308834126034063 3.726457308464805 -3.6522710689613973 2.5068895551081667 2.265419076314112 2
1.436176758708617 0.43928121858324176 -0.15413904721891747 -1.4909529713575622 2.4498230389984426 -0.10978149801214054 2.4948785357999697 -1.861182139929821 1.5550946982021188 -0.5897067741236008 2
1.9750724777962303 -0.9462075025460187 -0.8838750935928293 -1.1880077315505329 -3.2292072587457863 1.3026031717000355 3.132769331917673 2.279838790611951 0.21332395222201272 2.304831187728028 1
-0.7045714425430569 -1.446958283894034 -2.9383292996320636 0.6511763460966258 -1.0338319079619516 -1.9467631936376 -3.745374308501571 2.582483211097462 -2.1154653803257437 -2.082941637916648 1
-0.3334142755882358 0.018146176744057385 1.12844039897732 -0.04722800791236126 2.0495943624792385 0.15318503783128046 2.9182095788158304 -3.69160618680466 0.6951894961275391 -0.7724504137341168 2
2.54242311685024 -0.3600788602949737 0.7714325013966168 -2.8764616932697553 0.34300441276210014 2.9275324991232763 3.957839988359652 -0.8674291278619948 0.4364092356697604 2.787524597546245 1
2.5163675648105617 0.47747368081614827 -0.057196114833093725 2.4187039720614165 -0.44713553514687 1.6340214788983054 0.4034695468541232 1.8137195701181694 -3.677806786744496 -3.163748172972455 2
2.990691433487885 0.6466216510341161 -2.8780307651776305 -1.6098578127631968 -1.6518439980789337 -2.043379042012979 2.6077158121178443 -2.39746232871969 2.080320732414819 4.811625183691846 0
2.735895305662466 1.7497322137410134 -1.21265260951947 4.168562515333791 3.185665163140988 0.6639580838060509 -0.9947225103581279 1.9003044499472843 -2.8006106043376495 -3.129504261417516 2
-0.9086289281417073 -3.051996207150231 -2.7517156864149532 -1.3060445152283435 -0.7858516577592036 1.767519772025342 0.8991094949823448 -1.668205715429587 -0.4054984749701753 0.4865889990866339 0
2.993182597352221 0.1554004198828539 -0.06458396152455181 5.4976912136013265 1.200194628350816 0.2620608080071667 -0.24383423041534713 1.739467947208717 -1.5144830057251353 0.7872959241739947 2
2.476041444397768 2.7504440575302826 -1.4428051414946625 0.445030596103166 -0.09095746689759299 1.9363243601419404 -0.6189585925813044 1.3460207916410774 -1.3746200471356622 -2.61730125833036 1
1.6341520409486692 2.214327357561386 -0.9180443610614238 0.7437967966027443 -2.6715904206860808 -0.05993121399710177 2.4568321486545637 5.02300308258052 1.4370254781237928 1.2641963127388127 1
-0.5377312198915933 -0.05171100263441897 -6.028739733017371 -2.5344182173007574 1.995359668712452 0.26960727667566575 -2.9595319029368876 4.765859843870511 -4.379288422284059 3.244368959506706 2
-0.06886990522379433 2.052256499340211 -1.6207706756360607 0.10075870851833635 0.1312181955358177 0.6800348488155472 0.007242446415681836 -2.898906454703333 3.9489276658964814 1.1267687931698274 3
-1.9071486053471054 1.3943222702139422 -2.7689604544110322 3.2845912660606658 3.774480589610373 0.07224690308532222 1.1897690355032333 -1.8281253681211278 3.053446379120497 1.9167282690680643 0
-2.272526401698685 -0.4377080496372503 1.8505387795944195 2.1599573275227657 -1.1021049853684797 -2.0671647875341126 3.7222262990674375 -0.4776847914205278 -0.7241214875507427 2.9245507440790712 3
0.7831577199371389 -1.4174953393629381 0.2423469626601873 1.2691888173308037 -1.4352362563549526 -1.5526222669500043 1.6707437218258157 0.5261548120994974 -1.5464915622690527 1.9079321239942248 3
-0.8191350040324097 -4.017022398288473 0.12448527697655865 -1.6599597875672676 -1.9744604107424155 -2.257211876606881 0.6981147768666953 -2.6536259675817657 -4.641593965654448 -1.9865478284529394 3
2.367801864352538 -2.4166874401651426 -3.5634825973881266 -4.022191704213153 -2.5427636084156524 1.7639014747790158 -1.1636880114584218 -0.2118565348645649 -0.851265240496232 1.087790688665475 1
-1.4472878378423149 -0.5061483404224076 1.1509933120150428 -0.27223625408741225 1.6007450255146498 0.16720837562995605 0.17820915135758542 -1.7751555837708517 -2.406155734863972 -3.4972661346102747 3
0.213768962475549 -0.7387780815590161 -4.887427247790755 -2.586728423583442 -3.124656969998401 -2.1167630496574468 -3.2672251722417 0.055124717541538026 0.5926073618643329 -2.1468787551782964 1
-2.5523087014569468 0.1522853279003139 0.9126362250898838 -2.552423996020558 -0.09144832146569914 -0.505461549155501 -0.06285793464802714 -2.4986173165547525 1.5779204538746279 -3.956410435316096 3
-4.159490874485826 0.5735638953463476 2.069510128962458 2.0914942504537777 -1.7244947113748328 -3.6158793930094593 2.0999436844295545 2.0914756510509185 0.0011950563295113348 2.684451897515467 3
-1.0491406977618098 1.944914451107913 -3.4054459623323985 -3.3209955586516413 1.1041814039453053 -0.5799087127536304 -1.8253233218404112 -0.7062754111395242 0.5217910522438944 0.4165280531847777 3
1.2329514655210394 0.49017698847781244 -1.7506456142137095 -0.029888966979770726 -1.0291487303777203 2.102259934237135 1.0415113497426782 2.906083915303858 1.7696993384782698 2.5777702746425972 1
0.22744831176850022 -1.0736874395438625 0.6356508199025226 2.3796923397330527 -0.271530227510163 -1.2991100051212525 0.22249017548886774 -1.5702440420480972 -2.3294131963843716 1.5473698485290763 1
-2.885752247700186 -0.4884066408965788 -0.9606479740808318 -0.37451897388080224 -0.24550439039539906 1.849905586983196 -0.37957898156045045 -1.9584205250724929 0.17652304617240455 1.3102338538545357 2
0.5962565156038273 -1.2189292090179351 1.8011013522091255 -2.8214590014458736 1.7482541930537643 -0.10830163117318536 -1.980330639160051 -3.2382809045376333 -1.976004187118197 0.6129169129849206 3
-1.337289695532832 -1.8428419671619949 0.14168914883866957 -1.7398320113000407 0.8725612981690594 3.4135266903969055 0.8004431892015835 2.0742927984450445 -0.6925160653676672 1.2833020258278955 2
1.2004175587765311 -1.7677799909178775 0.8854375224290272 -0.8310798244676195 -0.8959129564153608 -1.8505246608054344 -0.367341046857135 -2.576217613200911 -0.720962595277718 -0.06719307216124504 3
-0.25187063612140725 1.33599943730849 2.221138571046172 -0.7282343417005943 -0.5757656917039997 1.910884735706595 0.6978002979556387 0.00831190771600454 0.12514587694640555 5.106039126499441 3
-1.9152573333846794 -0.46538378801768066 0.1597681220218068 -0.7062137413141605 -0.5399632850708996 -1.5687389484870082 -1.9105725009164676 -0.25495361289247764 1.1447892556038166 2.1879585092128666 3
0.2630372282810075 1.7499306480230046 1.7550916923937256 -1.4562053987259662 -4.217627455574944 -1.1015901171732922 0.15468236524096945 2.2283077534480134 -0.7745978359234791 0.22732293146591842 2
-0.7423901886913198 2.516987078425804 -0.4305650681354318 -0.21206321991996857 1.650649549302583 0.03717130648166678 0.41026243582986643 -0.6150415802054514 3.8424793840638944 -0.7276544808116497 3
-2.6078454197104004 2.2746444092629146 2.609619194700042 -0.9253484773526397 -1.3389485076794503 2.81089154986559 -1.1563612874909155 2.392763747116333 0.7046465412233031 -1.6127198836604792 3
3.715063253701092 -0.29112331589693063 -1.43172896077878 -2.286395351572139 0.4240417174466693 4.087949188375893 0.4854348093972144 0.822152543644911 1.3995517382130789 2.8456113403205636 1
3.5265089954690994 2.412930631235776 0.663614354958652 -2.399734640091432 -4.0965036719024095 2.5024120812536848 4.701282326492966 1.3702417185818436 1.7521648617164796 3.633221150054929 1
-3.6024203977250733 -3.3243806230067827 -2.183677230077259 -1.9292289898663197 2.499631459762446 4.12479251625985 -1.3152996983294867 -0.9529831591235146 -0.9282856569009548 1.9445927753555017 0
-0.17863340627755886 2.000878829037612 -0.05931446396490936 0.1671722037531176 0.5693554843793065 1.7832189105265812 0.5497222572208832 0.8636282587763 1.5141698315412715 -0.1526278888866458 3
1.0242454955596614 -1.6009604262906945 1.865607394651314 -1.4464474453915646 2.904938357163391 -0.9840906232960179 2.775681249419253 -3.2829360457028383 0.03920012987186161 1.1802017136471652 1
-1.8788411868272212 1.6911172797883145 -4.54206909835036 -0.5189394049585463 4.457741468905581 -3.5508657565341837 1.404316927768458 -4.331483961083002 4.1461627162111805 -2.4731885563991813 3
-0.1954780009651076 -2.062007906651692 -2.12148694183467 -0.7362200814211834 -1.356788522340183 -0.9895685060033503 1.1032296829162878 -3.7278052374836173 3.109439995644186 0.38579272125201447 0
-1.622444554633581 0.29926103236087553 1.462521663370699 -0.26181690420921633 3.4553799648912964 0.16519138330782002 2.029059660737423 -0.07690994303279419 3.222138330292946 -1.4957958064062788 0
-3.3153767403782552 0.7495836904900548 1.5448872127517608 -0.19539271451321016 3.1410713258304686 1.0835253974366228 0.19049788143650614 1.7455353308452914 2.0476784592730715 -2.125134485912083 0
1.4440509487979964 1.0859043401422188 -1.938086541069254 -2.6815266938729296 2.3098514582246628 0.39963291448716964 0.9118073479667324 -0.03662495558510537 0.9398384629992695 1.5212119155620898 2
0.6288643725992291 0.040575882962864185 1.7950364071680145 2.6826379216508545 0.5761442000765857 -1.3428074172595452 0.8704767785368615 -3.8891892075322856 0.05979303267564018 -0.008845735366922458 1
-0.062049619538897094 0.2542953556802612 -1.3591704604101986 -0.13402454521142793 -1.0360498019040607 0.41892738764519666 0.8512191950820596 0.310867457040227 0.6449465170887707 -1.0899847923748416 1
-4.553560451871984 0.9701983514784811 -0.3850361514242907 1.3646710778376367 3.8990308518432117 1.2318387662544448 2.1624982615893407 2.2543556120509156 1.4855436481986197 2.6357537300308653 0
0.2017782372928435 0.47041646448144525 0.4246199603873744 -1.6301222982489567 -3.330162484332418 0.9421374605592067 -1.9105141767704896 2.9326759399663995 0.325497928379038 -0.8394825981951305 2
0.7495927042168014 -0.9059698583138089 1.4068631146652473 -1.7843076498508084 1.283781750859664 -2.508003348825767 -0.7742145015386723 -2.5623004747632265 0.28929808386571176 -0.6062882530071685 0
1.6203699226438757 1.2954966636390473 -2.045905669599394 2.2880373132800527 3.0812683568033155 0.8587807215846501 -1.1047785097165863 -2.4828999010982997 2.8407143476437398 1.3882441239641805 0
0.5611998210109184 0.08787195767612621 -0.761564342233978 0.08998222990845717 0.5382817355640076 -3.024277049831187 -0.4758445002679793 -2.710788405550061 -0.13808339925225077 -1.9149057123493427 1
-2.936839486898041 1.31030612078803 -3.5364977842681817 -0.48047020864542545 3.765004358428472 1.8892220454242798 3.92727356761803 -1.7325867700206177 -0.338800362990908 -1.4384660908809634 3
0.2116115869879036 0.3106487434114744 0.8143078385848869 0.08855098431135322 6.992947921084716 -0.5860879581329539 2.8374072082957777 -1.3769259280343873 1.2556054973382866 0.2494413652371259 0
-4.513674905959407 -0.0009890772640562817 -0.2824751968996617 4.914054209296173 1.2436936458425292 0.7275292493717783 1.67522128432716 1.0816038878722778 0.8924100703488891 -1.3716507389426678 0
-0.5830366765869512 -2.2408247202217635 2.6106285273913787 -0.48517462133569866 0.9766930455906819 -1.2681436148113863 -4.525786271092061 -0.525378298884813 -0.37221032364368856 0.34997263440812654 1
0.9540345569041055 2.1184234642506103 -0.9393254535189731 -0.5724668987246094 -0.6764697805092974 3.246940990273237 0.2421373327951486 -0.9890650943756316 0.7260439344670391 2.0947748260285914 3
-1.2045007890887858 0.5452609000879216 -1.469517152627541 -0.6955291484715551 -1.3729833396174906 -1.199468580089738 0.8442041595545506 2.128750369377473 -1.1699588316277156 -0.4286785055450537 2
-0.7525217326822744 0.41568341816166465 -1.9218895578296753 -1.4267075368532023 1.471815710586881 0.6960150704737081 -1.9009193380350369 -1.4452086356997282 0.9329351270995863 2.1518303186100294 0
-1.23854185562687 2.159488389301355 -3.1279668394667435 -1.8336880339781676 4.366759772880416 0.18523072778235883 -0.5352872706434688 -0.28947781168653386 2.536257096902517 2.908612914248671 0
-2.8463941017905783 3.046832688345657 3.843553724247151 7.31970140884599 -1.7351229182003451 4.430209653574509 1.4782697115469423 0.35281252655576334 -2.076826714818008 1.6943735585708222 1
-0.7646758720365843 2.5801277461302243 0.41502079148696813 1.3108221210905429 -1.9112098017243224 1.4610227485691598 -3.049158138919821 -1.4800761400017102 -0.6808607944072396 0.528399685679555 3
-0.4543927630114537 1.28703026531004 0.09590925779182058 -0.5789237881291851 2.1583679271532064 0.5403441206479761 2.5358666464723987 -1.6305236171405668 1.2405516109393009 1.5546795289467599 1
-0.38331639396479433 -0.8685054767636005 -1.973072354536313 1.3207093211041652 -1.0248629228889612 -0.2528770739911719 -1.9359445438754712 0.7130367850823993 -1.6628553685698175 -0.3377599571860138 2
4.154145009497877 1.957609633193123 -0.855086715474415 -3.0628171558020574 -3.185391963195606 1.6389183587073624 1.1134279455052125 -0.9075444848573933 1.1189063804663288 -1.9931950062646817 1
0.7845005747879119 -5.489766710640767 1.2804270903236954 -0.9202745900134703 -1.4186557964017084 -7.414405078830119 -6.762625636712742 -4.378176838698707 0.16155404066308487 3.4983021190607815 1
-0.44922291970489314 -2.6967845540224564 -1.8381637091102778 -0.7535951628631461 -0.570012167887779 -1.8691871230293198 -0.7040357317854482 0.747695151891931 2.4759237094360254 0.5563384802797059 1
-1.9276838607558844 -1.5172157988220811 5.103813240643306 2.6061553472676158 1.8544345623847434 -0.5890044456754404 -1.6062250122860249 -2.032020789370997 -0.3667757766325457 2.9037698690079337 1
-3.0477203004268394 -1.133694946649932 -4.231497059086617 0.0636304756890127 -0.5128239256918263 0.09294924293836548 -0.26973651811767807 -1.7205379386519584 0.36966272009763546 2.6780815759017886 0
-3.36901003575062 2.61556105060035 -1.6065800841067657 -1.5177091983693929 -0.10142135369923166 -0.7075018082883453 1.7462077361201083 -3.3776306720147224 5.0507296225110245 -3.9528893771453015 3
-0.12066325003604916 -4.374593098971685 -0.4957893207113221 -0.5501664087345084 -0.8080581611793325 2.2193958961125064 -0.33877994643125176 -1.2736922822495158 1.4465450829504474 0.7434454967963636 1
-1.2427039322194546 3.644055465960551 -1.1704702657742456 1.7102622263618037 4.714406833596502 2.3093634976165265 2.2979177017603916 -0.8552921916127528 4.889861598747165 -0.392853860270996 0
0.5883538353501854 4.61725681853899 1.044127699118044 -0.8054154418702995 -1.163715392640616 0.5010269170431803 0.7174428502679879 1.6818011038810639 2.6228528085879446 1.2660527270135344 2
-1.4462384179197767 -0.2643188447654723 0.26066978902417426 0.6220462082886149 -1.426269760447932 0.43846292149358257 -1.9750126951846716 1.8954935833393634 1.2069425534989535 1.485471031099923 2
2.3526592244829 1.3614475161293496 -3.5886476237257408 -1.54544708703168 -1.3635921779071443 -3.8900559824708587 0.6313445914879712 -3.8228585752887168 5.240241591261473 1.385224905490996 0
-1.1918616841985539 1.5081962423749575 0.4709203102552766 -1.8709466163064636 -0.5755537015724923 1.1262274727028514 1.3525868508587666 -4.472999071356639 2.1467112220391145 0.7787649982375252 2
0.5530100264448312 -1.2810282455101527 -1.3492065665798392 2.217813047721515 -2.191611522980012 0.6836209204789816 -1.2635095822677227 -0.24142319119034616 -2.320263618061135 0.2880151494707228 2
1.7160751096623823 -0.7355538467251859 -2.7364958990763277 -4.470225344920089 -3.1456321271421346 0.13472241846881527 -0.31686442885046495 -0.28511974879761226 0.048334897146241396 1.3881254900704194 1
3.077117058373209 -1.3832415088388776 0.7619169715482017 0.7443736320678949 -1.9555370618710564 0.05650776790881851 -1.435358077511662 -4.978440517951894 0.8079284880576862 1.0616921322004487 3
0.16690528861181841 0.7672894785764581 0.9863081562712144 -0.9116029041477176 -1.8872159511222661 -0.15139304706784706 0.5529875144813672 4.6157246306746185 -0.6777868747741725 0.06665465000253623 2
0.17509655627244225 0.6373236018604744 -2.353193144918999 -0.02315823419989771 -0.007520622693521162 -1.2047882424936978 3.460096325591847 -1.3033082423554854 1.3876199953975628 3.411788976947931 0
-0.2405706805105865 -0.009584957855156229 -0.9266751881780608 0.056615637804331875 0.8379873745623037 -0.9805138534280637 0.3543235382545623 3.385996349361888 0.6352396585823251 0.3053421217976704 1
-2.140735076136857 -0.9607436477184473 -0.9266246663930235 0.737627210033468 1.9188417489177652 0.4625770480055156 1.930409134067797 -1.0166204110371244 2.721850631832991 -1.3916180565196274 0
-2.2147020144884406 0.06863135835024647 1.1305908798081064 1.4913217722095802 0.6415595682098744 1.2765349817464982 -1.8572676544141875 1.9289528651082666 -2.965016476471768 -1.0002829090408425 1
-1.7548120464450414 -1.287899435867956 1.7803018372524324 -1.1329258827077915 3.7705819725321366 2.487528344687672 -0.5436225629968248 1.520351282445041 -1.4647668612501095 0.6547694265235887 1
0.06892774450539507 1.6250583830396317 4.7410659736708896 2.201531035828264 -0.9497984427662868 -2.745999462375109 2.116393163006796 -0.4453079530642834 1.790786890581853 2.261802190001978 2
-0.6848490561594107 -2.4169066004039834 1.184368490797163 1.4753992441326544 -0.7736716867081488 -3.5468544405122575 -3.059907788586033 -3.2660435697079166 -1.175592006453474 3.3536128154582423 1
-1.3290849439138839 0.5635052290845954 0.5584328048967497 -0.6792781254467039 -2.804898896545781 -1.8352953274617985 1.0478928991820682 0.6358380757532036 3.072342828930222 1.0916715710716516 3
-2.5263145796621944 0.10917015204039249 -0.13471631261926986 4.765711169702229 1.2171831726504179 -0.5860534484547617 1.1139155930251223 -0.12829379442812594 1.4630767707129437 3.7845472618915443 1
-1.2232509769462474 1.8975837700969365 1.4518516772789174 -2.6775280478368657 -0.180615750963266 -5.088936009465104 0.25215955437812665 -3.8967101953169454 0.35122775185464994 -0.11064730539848833 0
-0.4765105961791686 -0.6949048700652867 3.097664353158577 1.480971961715218 -0.7033359833633748 -1.89396018033769 2.988762007295973 -2.49282046721442 -0.2651052712262165 1.9665988363417586 3
-0.6837078472822523 -1.003350390997613 1.290095217448867 -2.234467682692012 0.5232260105445339 -0.17683484798142268 -2.1203526814213025 -2.17427163462569 -0.6777314673988509 1.4923201104483121 3
1.171200658795858 1.9178183592072626 -4.621678812863644 -0.6289910399329945 0.16300522041873222 1.586895093265452 -0.20261813551964714 0.1625178084126292 -2.384741569509128 -2.3367201853559068 2
-2.982438852458464 -0.7406620710882605 0.9536107358060066 0.39210448090853167 -0.8318865143287584 -2.91815464936122 1.521726760872736 0.8142964901634056 -0.8241175567187226 0.7435440200571806 3
-2.409242235078387 1.5954893160421055 -2.6980762850591073 -1.3232255762476448 2.536045254111337 -0.93770604981697 1.2489167675115271 -2.924038123475081 2.7600715311727404 -2.0609850209256497 3
1.0092452368956404 0.12192725923619396 -2.810888764012207 -0.18611204755375121 0.9192889243754335 3.2530853490254543 3.1369203218467305 4.5423953852247125 -2.0672646920963347 -0.40368085464935843 1
0.18526560627004507 -1.3981424786933585 -0.08667317114634088 1.939029896705537 -0.6752768008043737 -1.8393184912921892 -1.7412225938006247 -0.6748898421474303 0.4941133267618807 2.7785986273298873 1
0.4495205530880737 -0.9438975101530773 -4.208667390023491 3.0623622106570005 0.15370578536728197 0.9706710664333461 1.4398398081365429 -3.9303008602731815 -0.29558149728328176 4.743141642685243 0
-3.9869610109450324 2.805395381792587 -1.4726129030241697 1.2340903976736555 2.86593158345047 0.32094047846176754 0.3541511742753495 -3.2906419212238296 1.6269127550309257 -1.8113805666749498 3
-0.12918069065957527 1.4411807958730911 2.7659846787437736 5.124185595293052 -0.43867111713454277 -0.91972702367635 0.5424000144496333 -0.7296129846374758 -1.3121866689324806 0.21366184946825362 1
-1.728447672680538 2.71082969561039 -2.0900498733561212 -2.1338035102611688 3.2948835953939684 0.36992774632328906 -0.9808005284953796 2.2443492589450544 -0.004178475722856678 0.2704669019367931 3
-2.4506361845355356 -1.0027132574397077 -1.0360603168623772 -1.621072619450614 -2.2080663317966542 -0.5453903625053571 2.1193092885987035 0.8633923562060997 -1.7287139670340343 1.113696111394486 3
-3.66061019206959 -0.49060378086633605 0.5850005724955707 -0.8299029722065374 -1.9583795474251309 -2.4398372388205196 3.3954132502119116 -0.4419248657410044 -1.608743342697603 1.0689970200499435 3
1.8763341377413933 2.1361734668204377 -3.438894938821185 -0.8111704291457844 0.14958548129946392 2.6566290414466187 -3.079021615064393 1.0079524361999166 -0.996625671080745 0.5970057374721467 2
-0.12242909167365601 -0.5990763931998808 -3.266504184164148 2.77301343733783 0.6023061947003174 0.9329505677049207 1.4578183215021467 -1.8222221388723459 0.7750026836752584 1.8509477418604596 0
3.458269604176445 -4.491122802818108 -2.778236231630969 -3.474955239493454 -3.6756147888969 6.709028267129033 -0.0018207407412584864 -3.4420770706295434 -0.32324516967961947 1.8170158493802515 1
-1.4940417583946766 0.12328391224080781 1.0704309058216888 -2.4479533227533223 1.135371875365884 -6.259540965347583 0.01933981758290737 -4.2546874292558945 0.09103131428130273 -1.8868853019460934 0
-0.2320424453357388 0.6441320154976811 -1.3196578367986762 0.27796657281325365 -1.8030129720985584 0.6756729391295304 -2.222823837569148 -0.4804178936613068 -1.7723096277398973 -1.1853447193042808 2
-1.2294158992262738 0.0012417830313689038 0.6723856266814641 0.6100442296920472 1.9749756552696744 1.0775074747668412 2.463312337145675 -2.672150052573749 1.49724418714925 2.1030514642453415 2
-1.3928143094965857 0.4722206538519311 -2.403596941588793 -0.8394707930486531 1.663927960949483 0.41961344637877285 0.1295989125135144 0.6569360566620843 2.1057129903984895 0.11524713469813763 2
0.5317986254501794 0.6680658577461741 -2.5242454175598263 -3.3270287096612856 0.45546645985797884 0.7667562435015693 -0.458628365494516 0.46934557208699834 1.1516423557360864 -1.0761788218806996 2
-0.30570454573725203 1.40183028876387 3.1494503877154023 4.097696307570544 0.43503890191589434 -0.11610020845688174 2.822931523935797 -1.5118825136547254 -0.23233026040773208 2.6341222470686856 1
-2.270626105859682 -0.6374201737074914 0.4894729844032286 -1.8523897838518013 -1.2534084762848114 3.186465150009885 0.7998451495442934 2.0553468647044277 1.0085974352525844 -0.7453269716901334 2
-0.5564256741675497 1.1140340729433846 -0.7200233858023399 -1.465004525730345 0.2072769597418621 -0.3798994902725783 -0.09993843256727875 -0.3125739052484894 1.873671015196419 -1.6800896390391633 3
-1.6386038972775432 -0.27707990489971435 -2.2107623112044243 -1.7768370728610758 0.7147961829117209 1.4149851933115825 -0.26074623972844124 2.56058501391292 -0.35499446681040236 1.4639802840806184 2
-2.018817535031189 -0.33650604124157624 2.087923241902396 0.8081623815164363 0.16054217451484576 -0.14579401112036505 -0.7091478120907997 1.50750223428398 3.7057907583346177 -0.5150880104732725 0
-1.1081562252254766 -1.17529139194092 -1.0131239893482267 -1.6527357858314722 -1.8461628436114772 -1.0413658670786372 0.989499563859685 -0.5069668211716951 0.21159272868815693 -0.874824095913304 0
0.42609925070027765 -0.27576967691480037 -2.247928345958314 1.5582071019832453 -1.0001884069266018 -2.5417955366323888 -0.9605325569461937 -0.7262842166583837 0.8210515071864128 1.4078978397649182 1
0.18881920081244274 -0.01953568957555274 -3.577044341389728 -0.8363223969621743 2.9391897826252693 -0.5741540989378309 -0.12842470719222865 0.27276335331319435 0.22614973419890083 0.6785351841015379 2
1.6012220072649987 0.8081423795653115 -3.0053810735008466 -3.01547176786531 3.456569749446041 -0.8205514534347964 -0.1532690295043586 -0.9074941478335725 -0.6068127320003069 2.9396609841653953 2
-4.144775957378169 -0.9859432806632586 2.4258364076475334 2.925837859094438 -0.6406779254669153 2.647857733690733 0.4862327864776096 0.15424797972693005 2.7403508773787015 -1.3984978949223352 3
0.15390747009472894 2.667133331398375 -2.5111154245685983 -0.9844117461180288 -0.5461391189020603 -0.07835710158934939 -1.2192500579196972 -2.5891820648212 1.4670872485649973 0.07818353275036194 3
-1.86316644922597 -0.4745975674127365 -0.8735326907801781 -2.8596088836166373 -0.7709856822153982 0.08107949623623778 -1.9544249962218805 -1.5330966157512234 0.2693753850109306 -0.5102415333364929 3
0.8643291831762497 -3.7365956578408195 -1.9155003953360523 -2.403038696011219 0.19177646844947693 0.8053334329018476 -2.0566102246912163 -0.339115016045189 -1.4373755404900783 -1.6762890952349654 1
-3.2501176337559294 -0.7543253304537894 2.4777825732087946 2.3943690901037065 1.8019108390101661 1.4019170704929076 0.3898282211286892 -2.270764813349497 1.4520561127725253 5.7103969515243795 1
-1.553447406008876 -0.9995023793325518 1.0694615064470705 -1.1671171403829899 0.21092657573762985 -1.5680080623212627 -0.04584319500399503 -0.4735520021130071 2.1607823704867206 -1.9762598045631345 0
-1.2974774533508753 -4.644546558464567 -1.1042919075609428 -0.17619729442074417 -0.972567426940765 -2.728306685749925 0.7385931068647429 0.15436310824927824 -3.9919504226539884 -2.760179873648129 3
0.6575715685407078 -1.0291005317600839 -1.2221541175700654 -1.5450883921995462 -2.118661435689923 0.47379497517388347 1.3625696861766898 -0.9290310417924421 0.2283424412805244 -0.8453759233509202 1
0.5207133565264042 -0.10037664561772386 0.5121142032297952 -1.0431380420983642 -1.0470386524392006 -0.19365643144669176 -0.572794163099879 -0.7565925027742687 1.2985049823937886 1.9861690482660137 0
-1.8405111061129111 -1.0895414321933443 1.6010450271503531 0.5134217670382863 2.038830520653816 -0.6299665733287112 2.2235960963619 -1.3521626022543545 1.3707413728738311 -2.3705925948486133 0
1.703743302311059 1.873156358651567 -2.433899499406211 0.14508625580230428 1.002509749168004 0.7507287642431 -1.3592595712145552 2.265085139524665 -2.149544333435392 -4.741587443906839 2
-3.450525160227952 -0.6990007490022246 1.6409064144801304 -1.6838154414927593 -2.5082541701398746 -2.239463043347951 -0.09214098039005325 -1.6123867483802057 0.08449343023737477 0.4108952081590529 0
0.28483759779975415 -1.5750216253037896 0.7713046491250484 1.004556901063403 -1.9539253733385802 -3.6176542093027715 3.479350349246261 -2.0655603776181857 1.0009312029442472 -0.42283865351728855 3
1.544046414112004 0.3106947748732425 -0.022864580517502953 -0.6157868153540951 1.657523405175208 -2.1318789538824543 2.428964874140305 1.8076064154757723 0.7555753988153252 -1.6324420569786748 1
0.6822132453333862 -2.3677555017334115 1.386086862295579 -0.9770592544097095 -1.1475041598448916 0.8366675022427936 0.9329805345383599 -2.598861648636883 -1.7471994955864698 -2.7860955621283026 3
-1.5494314181154787 -0.2910847072403424 -0.6928517456112094 0.4819491230109372 3.7215577814826832 0.4963815847007931 4.522627258846909 -1.6204194826519553 2.878985899890159 -3.2017325082083397 3
-1.1222276544259753 -0.8895997401984661 0.5469033097193763 2.8221936508126957 -1.8927260057579707 0.9062292425527559 1.0187357090399707 0.674232532958946 2.0290408374708537 2.281275268366304 2
-5.902965452120947 4.649342039534434 -2.36174360827491 -0.7192358868412663 3.859406334822472 1.6017711202576934 1.8451615865440205 -2.378642077137222 3.7780965150688415 -1.4750281056029035 3
-0.7299563041620001 0.3402394616579668 -0.7689572910804721 -0.8931865588537002 1.5594525202572778 0.031175112125666038 1.5822819594696913 -0.7425794485335826 0.0693378559721991 0.19160738551393308 2
2.2591283055848335 -2.554984764236818 3.5988091094561625 -1.9912921615025176 3.4763899587892197 3.653094653742651 5.13474666740294 2.1559830751823625 4.790558223902993 -0.6365610514230808 1
0.36034881001625596 -4.21930383748998 -0.4371165234890152 -1.3455910031883702 0.4540208477081271 3.1488805860014635 -0.6544660634881254 -3.475371667725552 -0.005969222197748536 -1.6752673144345454 1
1.7284739826221318 1.1067366204536686 -2.3706624877973814 -3.310627004410123 -0.382566448893746 -0.6085211967885427 0.1499905885278181 2.033240120051641 -0.41595790402548616 1.0614509730173591 1
-3.2867302441989437 1.2060248545317716 0.5669926105982206 0.005060734114129106 3.3731085198660047 1.1678353110433506 2.529669352299111 -2.8828437362333577 5.97117308680963 -1.2190202191319508 3
-1.0915194503795482 1.0549027500976358 -4.999885833078158 -0.6741024651699368 1.0816484294139723 -1.4878659548303332 3.6812133161117875 -2.501687371717515 0.9544034725274025 2.3237733322314034 0
-0.3669907788874398 -2.6549746175055158 1.4332857670479042 -2.0485981361411065 -0.04571242649555396 -3.4312981126674647 -0.3079364046757096 -3.7901141152680964 -1.8531897921790401 -1.5988237418585665 0
-3.7945147225199856 -1.3147721471583433 1.1614634958413697 0.13087503700337733 2.6947501860054843 -1.7265282987487112 -3.5232196520530157 -2.05076734450022 1.2955863847763904 2.0849677056645843 1
1.6478158470495625 0.450187294976516 -4.221239519732346 -3.623782022966176 3.451066738817781 -0.7660874071587254 -1.2542562425668877 1.7668674080578866 -2.730999543281921 3.3725175201876136 2
-0.4248198137419067 -1.660045401246009 1.4322308016984098 1.5601389369560223 3.025117354876848 2.3399816759008365 4.589522814463615 -0.09685999008177693 0.8933228015118067 -2.055982078528869 0
2.331379291577987 0.7187871064795308 -0.7943166324171982 -0.9514417877529109 4.632249904678755 0.776492990178861 1.3969178748762467 -3.2451274752662975 5.020645230542788 -0.4483905638488437 2
-0.09411170242252576 -2.479578362104374 -0.1598787948092456 -3.0981788847709253 1.4399889448217416 2.5686730863381273 1.5361317722520718 -0.7803891980704277 -0.004773210251118876 2.56930454957868 0
-0.8249360710615468 -0.8676510178337269 0.8020090376220866 2.8886944900240437 -0.4583108178059514 -0.05786360699805093 -0.7801354924598519 1.6459878044202259 -1.214244797072377 2.2380325567014987 1
-0.4213113717411727 2.3538745026141457 -2.7776121588756717 2.568269145214041 2.4934047138670934 -1.2043032788106318 1.8512075989726895 -4.21020325420356 3.092806861331291 -1.7981732235249719 3
-3.4322002704929404 -0.8653250891255927 1.93733696864878 3.3762682858296955 0.5271623189291034 2.9406977426874006 1.195285960997016 -0.8460004707793803 2.50753120059705 -2.170482919011171 0
1.4637456215724645 -1.0841521370575022 2.4716104358624538 -1.6763832426769034 2.2656126273223123 2.0906609080557765 3.185589732730388 -3.034287612442138 1.097255180855063 -0.27271497106744924 2
1.3195224843367774 0.737859576134029 0.10034535461462601 -0.07699862066039231 -2.187511969966761 2.661621220964161 -3.757710093574611 1.2710585353864055 -1.823498974622595 0.950805029483899 2
-0.6919906854888483 -1.0216409617251778 1.9995292711072303 -0.5156121517437078 1.0029771548741464 1.6091664200015385 2.6021068681892956 -0.16786263722179318 1.1499802452263903 -0.8921300257147501 0
-1.8814933038514172 0.9093686740335742 -3.811501474137753 -1.6166972441898904 3.5399364333539336 4.003176872540919 4.902887432053568 0.9149669243706784 -0.12756773844713853 1.240790432177592 3
-0.16478642986489445 -2.813626337579459 3.19963996056567 1.9187731038793543 3.286781187792662 -2.881157325350033 -0.3175809953281252 -3.9485451227154402 -1.2813115331456335 -2.2937487885456953 0
0.13829603022237968 -0.24079025427067324 0.6435570647398581 0.0021673466696994215 0.04598545752491723 2.3294364988998533 2.5728786223387843 1.0274195347273816 0.7848736923380791 1.6054939934925434 1
-3.76930559359634 -3.1531332948782804 0.1464778095878978 0.013376073679306932 0.03874525840123355 0.05101846727435855 -0.25878245811654543 -0.7605453330632319 -0.00791332337152717 0.5357277436629013 1
0.20912138629104682 -0.5763284682719556 2.358889810915754 -1.140732894578741 1.5353037960105556 -1.2535292286922999 -1.9139370871453911 -3.4614412971047113 -1.0813096209032627 2.0226854310437283 3
2.34058511250974 -1.0499677808859667 0.7311268466916558 3.8815259488472953 -0.5801005137704754 0.04721808605709865 0.030866635904842843 2.91475898202214 -2.053286227592288 -1.7827086219434936 2
-2.206206724933212 -1.9288340521758442 0.9299259787271388 -1.5664012353337777 -1.9943819126435922 -0.21251885577150698 1.6139507065167513 -3.0756890388907223 -3.8242956036574802 2.148176913644967 3
0.4622037245243953 1.597615165703846 -1.2353632363796512 0.7064139628527804 0.8072308402233828 -1.5024134433866188 -0.2877675806464728 -4.72634006957034 2.327830791881079 -2.0065706896338926 0
-0.704934376529976 -0.09004978567171318 2.157445267978602 4.997798613327831 0.19425087951180686 0.9076904498471718 0.5982769968102291 0.4733233036210074 0.25939941911254905 2.6642901414329487 1
-0.11384577687792596 -0.8518211439382626 2.5622464136151817 -1.2388943650505873 -4.167277511324359 5.621624625637362 6.282305632058872 -0.7982443068528924 -0.6492339940889136 5.428106049234416 1
2.7530025489197842 -0.009534038049557214 -2.0192848560132672 -3.0105759696841634 3.412625186312453 0.4995633043992458 0.29861454426463596 -1.4358549158467393 1.5573115723150734 1.8533338946636402 2
1.3874330919483975 0.7471671639460085 0.0594021529922375 -1.8154901396100893 2.360758559058971 -0.7846924827258281 2.9277109732812847 -2.263675846434852 0.2337364728978082 1.1257704450915522 2
-2.0311509213686016 -2.429961183462639 -1.9874416707288134 0.9118802261931154 4.014743932519941 3.9066705518447997 1.5243268606996465 -1.3242133016997442 0.003840362001207631 -1.6177893176033686 0
-0.8093362126193104 1.4591968394609203 0.07981722242786504 1.5622911327131335 2.8634949103186567 -5.0482969167427845 0.8610769190033774 6.185974591843218 2.4318641405853345 -0.017415296466264385 1
2.1346554967826608 1.5344583061350394 0.1807495302473512 0.44705761797475296 -1.719501176297391 1.6423376124992506 4.258655480572408 4.215993418357501 0.72122595604597 2.5446805910542514 1
0.23295418840212057 0.23462818181218692 0.01426807569581845 2.3221644698689885 -2.0294737555360696 0.882574567479041 -0.3948164146267289 -0.5024926348361416 -0.37531401899260963 0.1470371165007467 2
2.0056330860805214 -2.5823692606031603 -2.743505231553894 -1.8674578013559244 -0.23916711586257577 0.9776284078953242 0.3075832456007025 1.5336003938926028 -0.9460509072833745 0.5914907996526169 1
6.288125962112831 1.4573375243624214 2.294485745413511 0.42714227000152016 0.0017272699420374238 0.4279172496321473 -1.687431157235931 -0.8907335786692752 2.345952654047611 0.5072532279340527 0
-3.1100319607454483 -1.068727347538196 1.2248815145759269 -0.7418340800852599 -1.8732184219687604 -1.9588562922466157 1.023119912630909 -0.7349965367302851 -1.884929590513315 1.2194322940306361 3
-0.04281930516185106 -0.22370712394861858 0.062477511889603266 1.8213620840356697 -2.970784079883331 0.701898228717263 -0.12577827802285002 -0.2262449066986667 -0.20010489592740055 -0.06943498393268077 2
1.0058614073869845 -1.7213079703352037 1.3270033568891366 0.5204768785877165 1.2160931525334482 -0.34831673068504854 0.9049146668027803 -0.6502427658808307 -1.542942254726624 0.694175996321316 1
0.2805162356909314 -4.253276600573958 2.0942963006729367 0.3552939336895735 0.9118589415465616 -1.809395890832166 -2.5378827267348822 -1.647703738103663 0.4029915050852384 3.6825237045268273 1
-0.9855768782810594 0.6240639688305536 -2.1237900894899004 -3.96470233760151 1.5950548596293919 -0.5090789585995028 0.6951549252270237 -0.27599077718048626 3.544122257938161 -0.9291315173029965 3
-2.1473493498079463 0.5233803823102838 -3.2353795262079226 -2.7499769321929346 0.9625200210066645 0.29287368209728015 1.9706172201869947 -2.691125650321048 1.1924610099454866 -1.6577533829372366 3
0.2537781117032799 -4.139826342752778 -0.07296897870430608 -1.3884938310831898 -1.5452721579147248 3.0044829115520617 0.4712748076819697 -1.5005914827708193 0.4701799652812979 1.244261127906064 0
1.61578631297993 2.5614090462368466 -0.3610194012053328 2.28985528977362 0.03670067891601536 1.8415430334768224 0.28120664539364704 -0.15963201945931682 0.1257052922985804 -1.831407155829579 2
-0.6171648658598077 -2.762296567136157 0.42015079202279904 0.1912271896769454 1.6097315285118996 -1.5197700768073379 -1.8573426761591936 -0.3680537070003892 -0.6720762600867012 0.8231913454376694 1
-3.3615351495941335 -1.5163618293075625 1.5495427104672537 1.91159311682588 1.6036698256530144 -2.626866132004616 -1.9472916712634245 -3.653922683755077 -0.830954422506921 2.6374103696130584 1
-0.5494908641876242 -1.032168915306159 -0.5165054625557339 -1.5448116576760436 -1.4297044249884023 -0.12104890032726723 -3.4834349614492433 0.6786527095492658 -4.428378271021861 -2.5817402277493127 1
-3.40145813806281 -2.084902440467104 2.9562259084041953 0.35181219640760686 0.6283181656596837 -1.8868864563420753 -6.136559410739609 -1.795518632805524 -2.030691732952774 0.9420618437864607 1
-4.326565230408632 1.4270896897189749 0.8338305416412302 -0.4899331288727762 -0.3819920722098422 0.6241098976334614 0.6313262519344391 -2.000275344851296 2.0420599367254986 -4.411128232425926 3
0.6689289604886356 -1.2286753854630412 -2.2727960300065413 0.39840966436592407 -2.2562865177684284 -0.3952020115635906 -0.4969088999568423 2.0554710433250936 2.826606078619858 0.34790833202831006 1
-3.2638874948037326 1.0753268069612023 -0.8986477966799775 -0.5629409794052277 -0.6376363160542768 1.9792006680162357 0.17280551299716462 -1.5775347585251551 -0.06680326947223225 2.7420714520181493 2
3.210542201097037 0.3237968152758429 0.8900459617592777 -4.783825284817968 2.2005712635846484 4.354633261451884 1.2413719163619965 2.8537579305997216 0.04488739649438267 1.125143010722422 2
0.1659255044575354 -1.405051232841252 -2.0914688227267764 -1.188395316037792 -2.1351478211004524 1.0015459144330057 -1.0426211667690324 -1.2101582492436873 3.3531941790422017 1.3473435054054297 1
-0.0155587714649853 -0.6707323267620362 -1.6814234735166136 -4.078548748198465 -0.3624134804385746 -2.3756428952599613 -0.648918580687883 -2.8601612514538823 1.0297200502252601 -0.8955945389308314 0
-0.6306718960270596 -0.4192159988055093 1.3103300422652921 -2.700841287403494 -0.3127821656187688 0.2683820950095246 1.6323717495336847 -0.36336853636314936 0.7115473323854533 -3.4053862369385213 0
0.10480139591788551 2.041617354935939 -3.2204349073897363 -3.165750339110533 1.930624794416195 0.5439242665508724 -1.076576233939543 -0.06087628864720651 -1.473436844123266 3.6265639254678423 2
0.3006199100304303 0.0309184176810382 -1.4714874106398488 -1.0557621807559674 -1.9422461379552787 -1.4253463836770663 0.0661714979629926 1.365645638978641 1.223750775095852 -0.2707982634071713 1
0.398554630896891 0.32676240959831593 -0.4177498384777968 -0.6284963094533684 0.7798281457265814 1.4562217454066744 1.8490951121708776 1.1314373053488027 0.007433084338443696 -1.2651772297229917 3
-2.009301556968696 -1.1463386561224018 0.06686999415590922 -1.7901540188834528 1.5947236347501517 0.09025358841706843 1.0965847602305174 -0.8545898915715855 3.2786407218262985 -0.5232056868130761 0
-0.8590836133775698 -0.7769661326220165 2.4705643226744067 2.470097754515511 1.3823437557072662 0.033594617469828725 0.4322030546715798 -0.45438831573570126 -0.5627230774121375 3.1084183637273988 1
-3.170179350539034 0.6534985656763228 1.1721066504338382 0.13090972932588918 0.7274828950192316 1.533709718439019 2.4020583009304644 -0.18236837983396592 2.2551145116068074 -0.22886748127049628 0
2.6596087046388166 1.1807012746165935 -1.4316872370133527 -3.563052798946957 -2.1049852823936925 1.0783315012171282 1.7339913672955085 -0.7906936171099597 -0.3701989520176634 -0.7487978037518215 1
-0.18148978824433293 -1.4761281915205284 -1.8226394518044229 -0.048104153437596775 -0.07909885141049644 -4.044894613910854 -0.6799021262718137 -2.627411778551009 -1.623569170493508 0.7440983325755534 1
0.14817898819103226 -2.254983713276479 -4.425721587739224 -2.3790856996661955 3.1737114970158036 -3.7697111092218276 0.07003140092240012 -2.049658587305751 1.0114375540025695 -0.36232042283427646 1
1.3463573336162373 -0.6450415687167483 -4.11578176851922 -0.12899822771588543 -2.1556399257742 -0.29421636760082204 0.13835726301467743 0.4384462400639594 -5.503343800556447 -2.9013922793991416 2
-2.3976317792315225 -1.810166360067405 -2.135426479584723 -2.3230722384359375 2.3863757210966945 1.977727467879712 3.341675863231353 -0.5339068972985959 0.07689906885924547 -0.15777450204172583 0
0.11360960669714182 -0.1264045246330856 -1.981263192178142 4.464309322398745 0.5756773979702561 2.2731475309115634 -0.7128430584441767 -2.5324105364384724 -2.427212463237828 -0.7350563483680213 2
2.4480572899529234 -2.0560508491194547 1.640009679941432 0.5676431045614747 -1.9718859270158369 -3.3151874863489947 1.7071483105764769 -0.3751925141512994 -0.1607219560151133 -3.02845921241318 3
-2.472873135908712 -3.7880868166194284 0.46484181065348573 2.6919900435352826 1.9846640598053291 1.4909576316832323 2.1891946434924807 3.2127377590405666 1.3151319215261679 3.8576701452823543 1
-0.9172920222074927 -4.028345278090333 1.324990473471722 1.0174159672881555 2.5393147319687044 -0.9725584740398021 4.7669914754599505 -3.227092345302724 1.3455393089366772 -5.592523687677379 3
-0.6952217216578401 -0.7782625270569545 -0.06374686627529724 -2.541434486160294 2.5226955050345383 2.0866593552083783 -0.7158117947663241 -1.3047529797452246 0.495711610847691 0.6180630445159714 0
-0.7561590983947599 -1.5925008557018778 0.867269057608367 -0.5974790787665911 0.6206231103907274 0.5488641873820943 1.0036404534613046 -2.5325535375040236 2.2131305701820425 0.14046641016176198 0
0.6088917229808783 2.8833446975112467 2.4279820426325536 1.9105911154703996 0.7394769481653406 -3.412043589505341 -1.3361711695775766 0.6757000156659319 8.063059290101096 -3.091371478466356 0
-2.971635095216276 -0.721758878067241 -2.2089637025323383 -2.2345583666352353 2.8675326855331082 2.9101729033443 5.214038757005465 -2.318125116217062 2.031625373919412 -0.6768845577406664 3
-2.0403347441748836 0.43647798946382177 1.2591288803697955 4.282726587505576 0.8763578032502128 2.9105800759581903 1.8117259015067493 2.0403321599052986 -2.589016686305954 1.674933094197666 1
2.0990872541552363 0.7437422359611816 -0.8278788660742381 -1.1300483757103437 -3.048262452727579 0.36805865782422276 1.5070418724766235 3.0802175253281843 -2.4612920383338137 -1.662388805610559 2
-2.0437096833494763 0.6968809821811609 -2.741959125695943 0.5240655471326479 3.442393460289118 0.22208844310544185 0.5712018101947243 -0.05199585786439809 -2.7818645498497685 5.725476401622487 2
1.0513419857086137 -1.8613208718048166 0.8066393214213067 -3.4621011983895804 -0.13813043367739763 1.5460053003692291 -0.7162877529312537 -1.3336446508380877 -2.614445657056412 -0.3298354056570887 3
1.3756508959110858 1.40452031615273 -0.77588609481583 -0.7395148069132209 -4.3286943476656194 1.5684880110254058 3.4465427255628445 0.7374278011947728 1.5452810470967815 1.3375506643977024 1
-1.2652061023975942 -0.9383671362566646 -2.123992060413406 -1.0922225099702823 -0.007787643016776702 0.13869886656834707 0.013130738793342367 1.663176147115732 -1.8303701582895546 -2.1787296432060206 2
-1.2898362663489147 1.2378640366255356 -2.5461320449750464 -1.6431536512091856 -0.4579426120986456 -2.7761447619269943 -0.9482201357376911 -2.2936063121658052 3.6578027459926092 2.960009365368017 0
3.6203030073677356 4.711359271367568 -1.2281999053131125 -0.4964044264332632 -0.7988156241828226 2.05623743304968 -0.6905304889138254 0.47526902982378794 -0.8259460282063424 -0.5128276028695289 2
-1.6709232822428295 -1.840148103914312 2.7647333466478843 0.5504845801741272 0.4812116069655893 0.3415220789652398 -4.72980659374109 0.01709077601388831 -0.47574684769807307 0.6044484102167235 1
1.93636963995659 2.4026101814082184 -0.7346830379503195 -2.225103823956416 -2.888571888300309 0.06902482177042046 1.0474659768906416 1.768546872615163 2.388895437447472 1.4427256707905523 1
-2.95377880982961 -2.4368226210999 -0.23588335380934 2.385720511773113 0.6687968996681084 -0.8670676471025864 1.0452376000336687 4.171131495562454 2.219207572120056 3.2785613049257885 1
-2.669641418870367 -1.79927591286831 -0.9475064465255942 -3.174283450714484 2.3223997348814285 0.2238431321001111 3.8578826376726383 -3.0116070717956247 0.8954245088066043 -4.0187384609922425 3
-1.2139015261560904 -0.4765666029500897 0.3822501212698013 -3.1900840554739722 -0.30829378656979367 1.9116886436040037 0.05823760038611547 -0.9350559965331308 -2.2938843951770993 2.9193712930635414 3
-0.7943703980856551 -0.33027911288541756 -2.706892283564503 0.40998979969225857 -2.613427416513818 -0.08733265759146591 -1.3243950067113932 0.7443292591684161 1.7255669116394494 -1.175845434690813 1
0.028201015708222643 1.635951026713455 -0.4945964940485609 -1.243770367804026 0.6276853186587263 -0.45716770880358726 1.4579317933115887 -3.640531703160908 4.241014209476855 -2.571258817470229 2
-2.5173572110568783 -0.6332891068748217 -0.7648211978042259 -0.17115825839911847 0.34981302120420055 1.3322320662384282 0.7522908182073569 0.5693121069532061 0.3016003406670821 0.8249580456933119 2
-0.9995734787736299 -0.4655797282996713 0.8634372973821022 2.459990158082136 4.650481692479578 0.15885200933600596 1.59034794564257 -0.6534536458374325 2.4344810570527033 -1.9035726769281638 0
-1.4394918721852568 -1.2273442443561957 0.4258096451386302 -4.2038015340490045 0.6455335542798148 -0.1726621827760625 -3.104353920094372 -1.4808929289838664 -2.2191207790618295 0.07903690440390754 3
0.15925130147847577 -2.405326169897678 -0.2339613852433433 -3.7603713644241665 0.10222971970099981 -1.2934398569281598 -3.234590286760012 -2.7136990887866914 -0.9211740085319253 -1.9196991077505605 3
-0.05834210481443791 -0.3891411778979781 -1.85754995467232 1.9142024055970468 -1.4272483107410023 0.5474218402618783 -0.5756792476975028 -0.5940141284464018 -1.2206214293432815 -2.011992258523393 2
-4.128714862316395 -1.3715681851716575 -1.3432265871140898 0.3965213588040295 -1.5696094216867023 -3.45617743801586 0.6236024382598561 -0.6415263826581 -2.6834466224102087 3.13189131262923 3
2.223666088462709 -0.4180504898712064 -2.789289421090964 -2.4739292566665467 -1.0581379619810531 1.2108313349061068 0.48970414118395333 0.4740163282067239 0.798088135720033 1.6786511138963922 1
-1.3791466698526964 -4.568892791902596 -0.5192730395387923 1.996426922954054 2.5377488037132796 5.287895235704237 2.091194070873553 -2.5595772361001132 -1.6676617531377809 1.3884479953669864 0
-2.1339319075697967 -0.041671499679517776 3.11481786521833 -0.5611423366332442 0.4373269701726472 -2.1587193325183165 2.0196064797030733 -2.169890244096117 -1.9696744888593574 1.4885087031606352 3
1.2017936041224733 1.1480983669983862 -1.8739487727071449 0.33842579140026186 -1.5199473867412172 0.6805244329004492 0.9174714533525434 0.6191600002925389 -1.8461410587705962 -1.996995131513298 2
2.48788880662559 2.7591462541242704 -2.017786388736421 1.2797236869422473 1.0898288194448096 1.0795881303668309 0.15339207125844956 1.9385041638964313 0.5850737382574913 -1.9234574024111815 2
1.7516949990402075 3.1213211822560067 -2.5658715504218406 0.49285669098601925 0.32949489871111615 -0.9217207400146361 -0.4209458759134277 1.149769812751359 0.7587999342886644 -1.4736529008343695 2
-0.9001715688048253 -2.1709899209870818 1.4121110326215705 4.299748404042267 -1.1662834113600749 -0.783801645253243 -4.35195431885699 1.5094355812835518 0.4385562874470814 3.6105010283823415 1
-2.024394782513895 0.5011524951956159 1.1886647382889914 -1.0757598017343566 1.370557827216872 -0.7415845019091705 0.3646847959816487 0.3426452957184234 3.335968017516776 -0.3312312984439736 0
2.2886015858861195 1.1867216759969583 4.215221800845615 0.2030675719255186 6.422049229718501 -4.695109431191064 0.290683095086277 -3.736837921232298 1.3207070719147938 -2.2415286654126128 0
0.7755841133672656 0.4263244014804404 1.450682961449052 -0.1025363565659646 -1.1778539839421744 -0.8796932734579062 -0.3302230862973756 1.5160255077145055 2.064821550836244 1.2933944240899924 3
-0.7914981078623651 -1.6764016040845253 -2.3788273792244787 2.6181465743816474 -1.4957600263556854 0.6948628304701703 -0.3322077354754164 -0.8518354763029201 0.1271395976822014 1.4858433770381376 2
-0.8531225136122077 3.0292845441384353 3.137535358911921 1.2675628687219493 1.9965551067900305 0.729298792768188 5.040364242473271 -2.900062749619894 -2.3024953640783616 -1.8071244654214262 1
0.8072948092943619 0.14881294714596227 -2.9895776817910162 0.012692641302928909 -0.18907982378989918 -1.0776960691054636 2.748624664324158 -1.684227783934085 2.128048235059018 1.6750818729990724 0
-0.339271178002834 -2.1117887699749796 0.8740957334969114 -1.6045420687943408 2.119557090802969 0.5191043797541899 -0.4168227045838532 -0.8530457474878752 -2.0586789840528423 -0.16600921791308387 1
-1.1815139566610546 -3.215666509589476 -5.504031740219503 -0.4045718839145507 -0.4846133355592357 2.0160206094995665 -1.5568446359742087 -3.9253111366524505 -0.8064402054113349 5.040759938506395 0
1.511099671019919 1.101197745286868 -1.795394710906729 0.6673924552055766 -0.2842871775201917 0.1259266478010297 1.5248955165090354 2.397394055244491 -3.611342743324749 -2.8637095626038525 2
0.5359588572440765 -0.6481950696610759 0.43882808062255063 -1.5018337657586982 -2.862339292146677 1.8486814472325495 -1.7320563830051943 3.99361384739539 -3.512537515464374 -0.7766674131069178 2
2.944321794220339 2.1409649674562967 -1.3031900929648763 1.720193070490939 -2.7703153401374334 2.1602666526833683 -0.6268586617746112 -2.122122730581151 -0.873691650769006 1.3463227569311456 3
1.3203889144955732 -0.19325856261584717 2.7928672587682923 1.895408842612102 -2.3963317783955747 0.7391830216006732 -0.7116428456709956 3.9379244847939545 1.2119903290716372 0.3371144626125757 2
-3.3569500989491114 -3.7169794409726093 0.9932121750479905 -1.838283284535238 -2.551846075396184 0.9647154895970287 -0.19223246786851744 -1.5239468732173735 -0.267785888179052 -0.4667039820372326 0
3.5617451616401734 0.5991582677387965 -4.177450916200955 -1.4257854186056496 -2.1411751840148225 0.33686386513765254 -1.6141359344867072 1.5245840884015072 2.9751885653864028 -0.40907711492181753 1
-2.0347971388708985 -0.2616901084330585 1.889050629401056 -0.9072208707458964 0.8571251215431501 -3.267738679005837 -0.9057709531340625 -4.14665068778476 -2.2624630521234494 1.4403525030600797 1
1.325052971604046 2.6596950238678563 1.3675045151905754 1.9577127863017667 -2.8943948437494265 2.992985094859302 -1.7260845984338218 0.6050974191923937 -0.48173337106438385 0.8846415175620659 3
-1.2966562941806572 0.26832164717788953 1.2337569420469108 -4.033415679805056 -0.18371783417768217 -0.7293861917229028 1.3354757358742089 0.6323697250943519 1.0115254149249153 1.5530462102030704 0
-1.234183554464501 -3.6844388661164635 -1.281488049173022 -1.217638769996599 -3.6876588088815843 -3.892830386847628 0.3302696878551521 -1.6105928832456007 -1.566366110429221 -2.8814849689765802 3
-0.21680750177835928 3.2637510140652655 0.40012460224888535 -1.1743570866737525 0.3547464266251553 1.5622804196650473 2.8104247218881477 -2.1182061651104354 4.5263748105891395 -1.3138543235922846 2
-4.8966202565095145 0.9310973747198992 1.2278874852327675 -1.4982858039516112 5.535454023700663 2.261809494389392 -0.7339751838170505 1.4705126510181268 -1.8281975943288682 -1.1166542167733233 1
-0.5582325489993676 -0.3614248344039701 0.16551515653864923 -0.1279859221160401 1.7761660188544197 1.9471028554122984 3.086408897549675 -2.0427791605574184 -0.35232781418133063 -2.05225763199988 3
2.423512887568609 0.730063413603085 -1.2697173760760545 -2.636026084859317 -2.8696005152570816 2.449265794929622 0.5093676791745195 -0.05365908068072933 1.7528899097277184 1.4630309719535868 1
-2.0916518332475134 -1.5658048632254262 -0.9452406359933962 -1.5177526076887822 -2.7254195408870103 -0.42545453508414854 -1.278453902282032 0.8624384591868044 -2.001853431587585 1.9529877404608353 3
-1.3711490592088562 -0.8642292787296944 2.493558555910555 2.9127714751299716 1.723805350160623 1.0468924968600928 -0.30477472467623 0.05069631953305587 -0.47061426640138493 1.5912268169902442 1
-1.2472921773510226 -2.896613945187952 0.32507981008552733 -0.3160504421521708 0.33246793933022756 -1.8346384352591696 -2.986277032796001 1.5486302132467609 -2.3708306472283134 2.66469704558936 1
-0.5729218414419965 -3.1186078539154782 2.320522821126197 -2.5095540598633006 -0.5257039551530145 -3.168767707444093 -1.0082774487272177 -2.1195373967932984 -1.1819528062114575 -0.5844223791229368 0
-3.5936588490012276 -0.05770233036666006 1.2325216222496844 -1.4095347482722809 2.5686474514987827 -0.37872644611889317 2.9723881248937203 -2.7237958674111695 0.9703215150740295 -0.4697993225806658 2
-1.7356103606661408 -2.255367256412807 -3.792180694868554 -3.114076879022814 2.2226645793151647 1.8999411875351384 2.5020404724312133 -3.847834432556684 -0.6973270605421438 4.361068851034076 0
-0.6226590247890407 -3.274069080122383 -1.410382411564313 -2.3784181140341634 -2.231659518992812 0.8202665697828848 0.23800943752634807 0.7556789437480238 0.43010400833799944 -0.7011933386042823 0
1.121760244972311 1.0296940336947684 0.9880575325078578 -2.6972925321563053 6.424747994007452 -1.2686734006760705 2.6605195874501257 -2.3151561355887837 0.19897686139374138 1.9531572529654864 0
1.2612014352835323 0.6926496223033791 -3.6657406377871937 -4.168359482212469 -3.1208626142156226 -1.0685807305613362 -1.0223275103813578 3.818906301654484 -2.5972680690864776 -2.5276906702632376 2
-1.5391378395203508 -0.5001351508504652 1.7265759878980387 5.088088208118049 -2.4665215289291864 1.5750313448217494 -3.932330130856096 3.8990415228451214 -2.137849309170804 1.9183526705374905 1
-1.3352613557472928 -1.3095880206980617 2.429172602709876 2.3304808679166635 0.23515967865779364 -1.2178260674051815 -2.521909808217763 0.22734081311589383 1.2645413735928144 3.875739922947678 1
-2.188709980308891 -3.3670035652592176 0.3714755902405017 2.299252351866821 0.1951942675331113 0.33662813984049933 1.223320832629693 -0.9168632443289042 -0.07723339215010028 -2.301352067594075 0
1.5054794293813907 -1.422140847823832 -0.5438852035779884 -1.0507542489205428 0.40855485369958555 1.1527945525133025 0.476787968171965 -0.4585220307817306 1.1206079796141357 -1.0763130356740769 2
2.3538867004519677 0.8403041876845889 -3.204648258024643 -5.440051948382302 -0.7225071497135838 -2.642947127587027 -0.13211670671057463 -2.2279628342936606 -0.44605225798811654 2.099344704709629 0
-0.3175260910993867 -1.9276238453699235 -0.9276610022871372 -1.1365834128331485 -0.5925345922693053 2.1559214402857076 1.6631529416769815 2.1757000177292305 1.742832596813187 -0.7708192043824603 0
2.7478699198040193 1.2267530368363413 -3.103949235151032 -3.287890034470192 3.3097239438561346 0.02706589140712068 -0.3566328922692177 -1.8041799848475408 2.8686358606164477 2.1889521846814493 2
1.9673482221629155 2.5326500087061006 -3.737796908591301 -0.7987954949705647 -1.9320076230095526 3.6391917986974622 -2.1157757350312543 -2.052258718856432 -0.9899456366979366 -0.7322967182520266 2
3.5848546327993587 -2.881400237644465 -0.11651281567382676 -2.0255604037499295 -3.6960816817405506 0.7968729900734892 -2.17301462404397 -3.4602436200931495 1.0682874559552487 0.5703123301803407 0
-4.827985901826663 -0.056639167189857176 1.2341511423767957 1.6757773401287386 0.11729787542240733 2.4294246453477553 -1.4227208523095793 -0.6359427963313353 -3.1574441458088605 2.4349090927240007 1
-1.357640820390932 1.9487052603754769 1.095571205513334 1.240848255975997 -1.013214399872843 2.42996303416306 1.574132039883211 -1.4465964423202728 1.722742275528258 -1.9385168737093388 3
0.8293103229879748 -0.2082607375962583 0.2833151083990646 -2.6457164518318086 2.0803414061633765 -0.7310729420757396 1.3435906936098476 0.9723410219412458 1.3273795454068007 0.6682687176977464 0
-1.4601012906698163 -1.0247915468119495 3.3612491410361014 2.883882373326381 0.9871918264231448 1.4263225846111323 0.0992094193395534 -0.7856117141699324 -2.6527183911305166 2.022559131153505 1
-1.817316311487291 1.692282076542821 -1.1523691484216583 2.161959527309239 1.2010676664336692 -1.6804588141437673 2.6890213417812485 -3.566823043125551 3.1237477306576253 -0.6851501801174764 2
-0.7189892340045807 -1.2971192635036737 2.041121693063011 0.5542644273529338 1.1948874535183875 -2.625755086848044 -0.3971924557442409 -4.296632006576241 -1.50810703283411 0.851226294265619 1
-3.806206663402331 0.6019271727609368 0.2778242333394614 0.5197820268062081 1.777804834645491 -0.37843686625826245 -1.4927186056685353 0.2635737579340969 3.1320306336174464 0.13364072602842791 3
1.3420262401605356 -3.389973154557188 1.2627317050102473 -0.4313858663119231 1.3919588192677015 -0.4282867848046683 0.22398677249453136 -3.5457025487772507 -2.1254382899015636 -1.7336316826445661 0
-4.618425160437527 -1.9728503160509612 1.6210798922515628 1.702627868242991 0.5922531407285283 3.339246395543846 2.6172188368775093 -1.48460816061397 0.777115036347538 -0.8980826353212212 0
-0.7192481735198318 4.512910242907815 -3.9145441508875414 -2.1560889271790944 0.5596494400774328 0.8615797477722951 -0.8389133176132753 1.7040423633894815 -0.9804023255952738 3.332403296284785 2
-3.69122602181339 -0.48302173555401684 -1.423476370398848 -1.9934040440947973 -2.058044376068282 -2.26018995569412 -0.8051814698126352 1.0111290382130016 -2.0182094129754735 1.7783830529585039 3
-1.333978367812189 -1.6622833333472986 -0.9855547539786504 -1.9217005700552243 -1.453204509857707 -1.5077148418607078 -2.237176577736205 -1.6140520905329425 -1.559459630237272 1.8482295158245368 3
-1.6875591207078842 -3.8792442972905667 0.2516081442894005 -0.7687349979488511 1.327354463732758 -1.2619082755238313 -3.039278353289306 -0.820108656330097 0.7121007247426927 2.9462442016085504 1
0.7713574179796328 -5.51258396404653 -1.1204665303238837 0.7696866146209815 3.405564544259807 2.068392833626948 1.703038558977878 0.9740129035282621 -0.3836059594117476 0.5930595489503199 1
1.768715981633783 -1.1438230737462018 1.3663006559298005 -4.204550768331627 1.5952381556644406 3.193820610666824 2.0937316422214876 1.8540660635757882 0.12018627899985201 0.4747565186568181 2
-4.837358005757636 -3.2740744944713254 -0.011276210554806543 1.8446370015091036 -1.4022035229840335 1.203559708656337 -1.3547497229615346 -0.7314745665845777 1.728431106989685 -2.1239656775099314 0
-1.5378753320857812 -1.1034559490543594 0.16461691327598238 -2.489282731154309 -0.5876478022942899 -0.9655517265540285 -1.9348016868208675 -1.1220070346105702 -0.9426287733777449 0.7882563710502677 3
-2.2467064162908374 1.8947445718690958 -4.900248585080661 -0.37331610850099795 -0.45009355230989523 -0.8848822024194318 -2.341665659769877 0.08205462754037351 -0.23646199549801006 -0.6083489731255189 2
-1.7591909742940208 1.2170992863342565 -1.9098641741093103 -1.332969535436538 1.6309575614481426 4.392215976294665 4.218233069104421 0.4593920928739037 -0.14470768746387486 0.28861536989177283 3
-0.056261421373277165 -0.5019298584908077 -1.55730143491988 -2.007336128410912 2.585996179174208 -1.0874371429574 0.3115836780027843 -3.4941990219006462 -0.19018991551147058 0.36929474349276803 0
2.7869296255716103 3.7901044777027955 1.960139976449251 1.2645193893052384 0.5986810560729166 2.3796518649582032 -0.5010549910852844 3.2218081880797658 -0.2690676013966635 -0.7077355809177028 2
4.43573389621736 -0.41032382148670044 -0.8495665928996139 -1.3025049741137071 4.775187577446942 -2.0100394874450918 3.2959666543846993 -1.6182507403599802 4.536051283439448 -2.777433689962091 2
-3.559889539152502 0.9676983734824416 -2.1559549899022596 -0.41215046349814366 3.4288737332536696 0.6369665849664097 3.960557293378948 -1.692293192699449 3.2708840591381905 -2.8655633794624533 3
-1.0263362978621768 2.0210607361415707 -0.36232551924450307 -3.09059687344583 -1.3876857074296884 2.9635449307447055 0.9470133974486901 1.2244184802712668 0.8079904705829611 -0.609496143478592 3
-1.9144615797074422 0.4841315145766987 -1.5975357788413334 1.8780381526221146 -0.8719551039589957 0.35135170725296583 -3.4476721140398423 -2.504103209468145 1.0400245512545956 -0.10428830746829731 2
4.072385147983086 2.4972956186319086 1.28409937641511 -3.3914828078412915 -3.873144772684434 5.269249853800223 -1.6474781028866226 4.305350918110632 -2.17628237752652 0.9560196189131533 2
-2.127807344461707 1.412152889990233 -1.95418159475917 -2.1929609177458502 -0.08930169904426788 6.37516656524063 3.4017495596208396 1.4753333162992113 -1.9711203038508343 1.7032523112091158 3
-1.6909183172626276 -1.7778072432181586 -1.4532479281768 0.25817255566290687 -3.3886303103840265 0.6578446045796054 3.7170275974440496 1.3212394906168123 -1.758307838877152 2.925832656465775 3
-0.8210168869815659 3.777126253263893 -1.1682775030868509 -0.11309334795032111 0.3614502484415901 0.6425998921146688 1.4642732332315305 -1.9190591822102112 1.8507129079915083 -0.3987830891807982 2
1.1467737428171128 -0.0728718215140094 -2.572731097540836 -1.0177747940678787 1.7044561473448363 1.8378574397013172 4.21815850888594 1.7393022497471304 0.7560651174343931 -0.18607176616327503 2
-1.3562540732165984 0.3799759877425539 -1.3592082465961322 -1.027425049959686 3.453196516504027 0.2702447841677038 1.6947034487902828 0.21151760701087863 3.151629553396296 -0.663636428097514 0
-0.9815482911162489 -1.4464523979119037 -0.2771381685267713 -1.7912180841379293 1.502102651725179 -1.4741798639293258 -2.4084569165927388 0.11274338329772582 -2.158777982243486 -1.328292962240944 1
-1.338734289948966 -0.33130245865072006 0.6698248222513681 -0.2378472002124815 0.6633785649428441 2.957103428109603 1.7745880429955552 0.5523543374474664 1.1365663556170338 1.0127606557057405 2
3.42421233595969 1.4564114338541743 -2.172089284082679 0.8507496011707981 -1.1733868875230422 1.357090008898919 -0.8525730329077841 1.0770279384697787 -2.6593785173369517 -1.361422872369115 2