n: 500 f: 10 f_i: 10 f_red: 0 f_rep: 0 label_cnt: 2 noise: 0.01
500
10
2
-2.4192251402050013 2.380057069059155 -0.5057538730676263 -2.566089427925653 3.7300454261663054 0.40204645987483967 -2.820168500270663 -1.6295910439235124 4.512436415830311 1.0416372877966535 0
-2.7432215456348183 2.870926846798185 -0.24793771773964002 1.3119601890889208 2.301282249553436 -0.7095000168529841 0.9350784344303035 -1.076893610330016 -0.25870450442435733 3.585548147260984 1
6.5185924633326975 4.530334226237441 2.617745958203238 -1.837933576634568 7.214808450717785 1.5454218307163483 3.0256036824577883 -5.203998760561713 4.953413885328656 1.843525194198562 1
-4.455803045574731 3.1703249723619575 -2.6011299460737245 -0.5809903225839693 1.7351761944771198 3.755067865683285 -1.9835051017307745 0.11301532490842137 3.3108119203305355 1.653984711838703 0
-3.0322433820419517 0.42128232614513084 -1.510109267949718 -2.6337147255107154 1.2864744314607197 0.779336407784532 -1.6394007881598114 -2.641169178652639 2.191358037156655 1.4796323839902956 1
-4.887922380242988 0.14582891768312822 0.13846929769274463 2.4348463922670316 -2.8076530220173486 -5.517606052700225 4.024927413762782 -1.9663382260947144 1.1046009489666302 -1.0037781693838446 1
-2.693869215651434 2.460613830658379 1.9742494421268284 -3.0232849640522703 0.39242856847255725 1.8090820278952267 3.2015878905901793 -1.3240819366902852 2.3208445364054016 -1.9767699715093028 1
1.0757895956891428 0.2859593197409255 -2.4851314433055753 -0.20611315157007903 1.122764920878353 -0.03496440910134502 -1.899736502978567 -2.6217053065695586 3.7386805945721253 2.325661253576977 1
0.2119742473681403 3.290178438804629 2.922254204561822 2.340349330593196 2.5415956241741307 -0.4506748909412559 -0.1748112308238452 -1.068933400557869 -3.062931566137421 0.9279181146449984 1
-1.3231555465149434 3.119079103283057 -2.600917986736664 -2.7067950475583586 2.044162220212218 -1.1626764054377419 -5.2607574445495535 -0.48297703642957956 4.5805836239755955 -0.06943082354520569 0
-2.8534858045615135 2.478335207007788 3.3896296837032387 -1.5089488396409814 2.4890476141029447 2.004114889984678 0.1839099207807069 -1.9766484210751716 -0.36080169932761486 0.4091304862286623 0
2.280913445935958 -0.08767897834127525 -0.807988810414292 -2.8946306225232314 -3.4610216266000844 -0.4874826639398291 0.45924836685621706 -2.538560189383549 2.9376774301903423 0.30134458626207894 0
0.071877491893384 3.6122708735050457 3.2036014675016853 3.0339195886234154 1.395179251072488 -0.5034659259462242 2.9807585304743522 -0.7039122939220712 -0.6061913890160884 -0.810922278635648 1
-6.002623975731864 -0.4478325917658421 -1.3521790036177805 -2.644412146326059 0.6084982726733461 0.53019510738044 -1.2755200157483353 1.1263066217738698 1.2781874717705444 2.8756550668378447 1
0.5180694761605622 -0.47286770990404725 4.132661803631329 2.566918275442184 -0.20513819452516224 2.149911947892074 -0.8449431721440491 1.1510822217519854 -4.076249384394545 3.4017933783848284 0
0.4480903086893815 1.791456707954865 -0.040103461426779896 -0.9319984327953802 3.248318891673624 0.21865491144665772 -2.6108042365893436 -0.693559526756534 -1.3010545515237477 -1.1723741863255261 0
-0.751223626812119 0.01711775344149158 -0.2794789765835055 -2.430774566187303 0.7680816069146099 1.6258194265545327 0.975600593564397 -1.5098651795738567 0.28272347979338697 2.3400385668593495 1
-0.7982367072413885 -0.5485477811550592 0.0836553548003951 -1.4516276734546043 2.06009874688013 -1.6793342835095402 1.3267548897346195 -2.936378251991969 1.4510751297870699 1.0428366116976309 1
0.35540597166470156 1.7895380726944643 2.193741487901785 -2.0824012370571814 4.269570065508782 0.3663989775186046 -2.0360776180584352 -2.8263143058561973 2.547375127055184 0.056484738540042656 0
-0.34083227516684733 8.069697101028627 2.198552508827891 1.4341896344385576 0.5169090567668996 2.434234305757628 -2.384274583750377 -1.3293235618715975 -2.258237189744878 0.24354236861513057 0
-0.8112093937338479 -0.35329398868194994 2.3832712258204847 -0.09723870187734773 0.058139910204470846 0.41598363837486196 -0.4273040524490258 -2.873414306378417 -1.5303463769708987 1.7762243925049972 0
-0.6798027748395923 -0.5115552426853196 -0.42689071480249674 0.4342677540540122 0.5618091585084084 2.516368103192888 -0.9081065154760886 0.15598908046407578 -1.0734975902039876 -1.7584336542486452 1
-0.6171059434056 1.9621463672660502 -0.7320607353923637 -0.38075532901486353 1.7725361851824348 1.444084720245118 -0.8216897454587728 0.6494897051428741 1.9394440224741012 1.80401863588876 1
3.5829403766506323 -0.3077887236971617 -3.3113882577737503 0.150985123382398 -0.8895197661548222 2.717378012960947 -2.9660426042555645 -5.040365120873153 1.930580930564709 -0.0003325114823127251 1
-1.490094395154881 2.824622184409476 3.456609364823123 -1.2562278650774334 4.038532928334725 -0.4328027663532297 2.570679542255778 1.000021932559981 1.9914780761865978 1.7284605122944419 1
-0.23625344561651895 1.9695006018831966 1.0115488733285976 -1.1025682762712858 -0.03180952660329561 0.4041747389486837 -0.24486295309400086 -2.4140535911674545 1.8827727186864598 -0.15753990463079748 0
-2.3911879211444154 -1.4873340777735962 -1.2555006605136123 -1.318236983058558 -0.4697619534753228 3.957238910484209 -0.01021890827296279 0.9149894773923484 0.40466752913727544 -0.6130437549719387 0
-1.4732114360833626 1.3499239413329511 -0.7219729770985419 0.4266355124842438 1.3612726315370136 2.886653413757754 -0.6682068542798334 -0.5760503528744374 0.3961550523309648 0.38374884697752243 1
-0.31381524133715855 -2.036253629023747 -1.1252945450877823 -0.6415731029178954 2.541962972882817 -1.7105746401541402 -4.577622107680263 -0.3594238019173286 0.7675500942051217 2.2719905279514077 0
-3.54912188132783 1.1800514193110339 1.1761388428607935 -0.7778810703957176 1.9354211315445031 3.7884611420653354 1.5540819804489314 0.35049268266401135 1.4297838550740414 1.1076742512763766 0
-1.0466264402144803 -1.5365574261040558 2.4780737270391433 -1.3544573188303626 2.240727433299738 -0.5509787711632101 -4.083241627545899 -0.5341474038825333 -2.437736521704301 2.612327903980619 0
0.8349375137394719 3.7844846800582714 2.555800022284039 -0.0901476055269459 1.8713784824007136 2.0713508242424346 -1.248939957853279 -1.7010389088991928 -0.9484290953244671 0.7637670245361163 1
1.4811624604317468 4.069029438901801 -2.7225108040452666 1.9151598764740192 -0.6883014298914238 3.6446595102299693 -4.154741918815109 -1.0952730362041934 3.3656217891296265 1.593920492025172 1
-0.3983717799697645 1.7378021840052025 3.4349089122468386 -2.618157568032679 2.203013605293169 1.6915088224651726 -4.562113763579802 -2.437489134269499 0.22958496949084584 1.9869988529759453 0
1.6597029058250325 -0.3858758747278024 -1.5633129521735931 -3.346573882051092 -2.2036158832759636 -0.7142076023502544 -1.2448528908638976 -1.0120340194455257 1.6908753086359067 -1.4493654246826266 0
-1.582863730365658 1.4468459380714052 1.20264441927532 1.5018218718434566 -3.055000167130684 2.485005262305278 0.032498585418369474 1.2874966948289286 -3.394617327509004 4.443258327685948 0
0.8042386494724272 3.0747970587122864 2.289546948935642 -1.6569120477743695 -0.3643938550545993 2.400749017289221 2.9705246864063692 -3.2781671528047194 3.316568879916648 -1.1319634503462925 0
2.5275010099360595 0.06844842115529826 -3.4335505894298928 -1.6991959631574707 -0.07360688951048133 0.7401198080297761 -2.426447592608702 -2.7218656989392445 2.829202372103246 2.4822663608322255 1
1.0727594488175818 -1.2860568893910114 0.22573664590719145 -3.66922800927202 -3.734765633202244 1.3526053101959774 0.8187864597571963 -3.188184409961738 -0.3075510750425898 0.8082784948482472 0
-2.067927420290671 1.8113122289740398 0.9259342179866125 -1.7201955156248099 1.399160451306832 -2.9529857474968795 -1.2226953309206472 -1.8085455565473871 -2.320112948290104 -0.5401839528255286 0
1.3120049957625786 -1.8423143916093947 2.088397590809482 0.26577117905760783 2.813644540188421 4.399822902667988 -2.9555738710075987 0.7583069771662314 0.06033408450995892 1.2559889136308742 0
0.07350189047474287 -0.729089022416 1.52686729376726 -0.18815951098629613 1.5971257996975814 0.2098623358134899 0.07907911869661433 0.8368823404605965 -3.09298281934713 -2.3204264397043186 1
-0.3057872192280622 0.692681836561831 2.717805936430717 0.2320837923729202 1.606286605243783 -0.28873106291645656 2.851734127877273 -0.5444412932888882 -0.8128183709992856 -4.046921447674768 0
-0.7144882250185793 3.5998178225339488 1.8478689804720374 1.152927198123279 -0.5419894075983829 1.7429139724076395 2.2437173466638862 -1.5206800269803598 2.4515614578946585 -1.019867469538691 1
-1.644449110566965 0.26164401682405003 0.7191749861407174 0.8518586486759478 0.48475916047753975 3.7253698891188716 -0.6368060838124339 0.27811507039960026 -1.214328376188819 -0.8233437029576436 0
-1.3974655578948076 -0.5557579872534928 -1.1572853604025375 -0.22018755015785973 -1.6455499178485486 0.8965273193159708 -1.1642190680230735 2.0634442328476132 0.6053933098752969 2.1953928637318816 0
-3.972162825404225 -3.6787105791228436 1.8757062116417131 -1.3748034376616087 4.718748044607096 0.1898766702470147 -1.5140372747266717 1.1742932531271815 -2.8302519339259247 1.8279301734686908 0
0.885444955549505 1.1546751921442178 1.3317864549502927 3.3580900796211983 -0.35161886679268384 -0.4444093094659589 0.3011459580341087 0.14804044867413735 -0.6418652769465802 -1.3010266146917209 1
-1.6656639856494424 -1.2932665444913525 0.7024576411162382 -5.4529702530238335 0.742006599925098 0.3005858347003981 0.8633796103780169 -3.2958611252836474 1.0208552863084683 -0.7560270368442357 0
-3.4107677204958655 2.053833213418928 2.6818811650395977 2.0410852241806166 4.518456447842407 0.6881342606183438 -2.870522670084515 0.7622724759188375 0.0928748163739248 2.5184162357612183 0
2.3724087994877836 -0.1419771227135409 2.129398848008715 2.168496998439185 2.1773412235440257 0.6456034835251228 -1.3118762149861607 0.5847617225427639 -4.831450462168575 -1.7808041354098534 1
-3.297685563309197 2.8779458732789056 0.0440575613246772 0.8963020873376564 2.074349017924648 0.6799727098862985 -1.9314599990493888 -1.4265365191942059 1.9150643441195425 0.8222022167631747 0
-0.8968002720122576 3.0132712595390014 0.4003448780502801 -3.1141783420508955 1.0851816934839789 2.398655944203444 -0.7944307686673998 -1.0868327258627635 4.082066973990343 1.674845957547363 0
2.117470395643679 3.534726061925907 2.5276112367658135 1.504131097680121 1.8645782140777216 0.6694290024702321 -0.6830326519533778 1.0362711603314563 -0.875630789650342 0.1670798875103665 1
-3.9873766802890565 1.2616793683251788 -0.7666118191439597 -0.6802748931698555 3.2020248513660947 0.1597131725928964 -3.0120206756843184 -1.5257211153249624 1.6842123819370642 1.557046813392403 0
-1.4314650129674251 -0.1196717327346295 -2.5901364411270063 1.846795665895817 -0.019320567605425554 2.837364718364933 -2.5462761806556147 -0.25683786894795735 0.139199700912906 0.7902288148521851 1
-0.45778329902192305 2.5538195115613878 0.6826051056873976 -3.187607422465435 2.685213519300134 -0.32722514875187225 2.056947272927042 -3.176205199523605 2.1430746340333577 1.9288519862220728 1
-3.145567366139923 0.7745281715842292 -1.0602607464898357 -6.336870587303765 1.222818223622689 0.6647143013456926 0.6723666965518216 -4.803828895356687 3.9344492988151387 0.3606819429129626 0
-1.933623039334651 4.042283879182086 0.7768403919287923 0.3143976381136879 -1.9859861432339585 -2.1751027910512337 -2.0161505788029848 -1.2486502205355396 3.763904657125174 -1.3147391053386608 1
-4.3051767806871775 -1.5368121297833657 -1.055485029466622 2.063461258278588 0.2728138561998128 0.8998919728183687 4.494994323760573 -1.94329685470281 -0.11474765220242467 -0.7337803527150457 1
-0.8937035685304255 2.6344251910701164 -0.6541164176258614 0.8201443009178682 0.9349636019251794 0.292053913334518 -1.59678548917223 0.4172109879899699 -2.9698274094023285 0.47995847492529875 0
-2.9534535110545157 -1.3432215285561324 -1.5839087263253666 -0.6237995124197193 -1.779088719063063 2.230085224036661 1.9534153316504785 -3.9912280939032687 1.0144574258873633 -0.8419134808702751 1
-1.8679917603267766 2.6175949621615597 -0.08323372919672689 1.2898586339433984 1.7778662016912599 0.30262225315630653 -1.084343597414976 2.8604888933427075 -1.0690704510434856 -1.7958537863563655 1
-2.7747157141733325 -3.2704173315279803 -0.8613914914407428 2.8345663960461556 0.4313190754477433 -1.3354283745598323 3.639722116988341 2.203833587450052 -1.420059874723488 -3.8741959869033287 1
-1.362264379414136 4.52201844822849 1.3337163896199535 2.0646672312640355 0.1038560887994383 -0.8948214587032268 -0.8907049556778242 -1.7911358444207781 4.395194403985686 0.8375251482286123 1
2.101914933332348 2.439016804325748 0.5772186182314714 -1.4302242441796635 -0.8588387616795787 0.44608896041457724 -1.0948821632571257 -3.6883523420647886 0.697295632160617 -2.902147022101229 0
-2.3647223367434207 1.8003499348938474 3.498532646088432 -1.9700867681970435 -2.031379087173771 0.011143370870294933 1.3228623098926882 -0.5357409461299623 -1.0784541569567383 1.2574014652423102 0
-4.083478847504674 -2.1585114181476683 -2.2079928975965792 -0.7281828121493459 -0.869003097039083 -0.5347587762203427 -0.33267691165467905 -1.423525052421113 -0.8508112420387041 -1.2993415016181942 1
-0.9039074863107976 0.35063977355865095 1.0781786766511106 -1.4279499917173348 -1.1165557795375403 2.851478404597147 -0.555974690797242 -0.2046311394449718 -0.4617969312187421 5.809891976147622 0
0.29648481564398144 2.8620757786649786 1.407016616991408 2.0490887412976457 1.3611294724157088 1.040370011000685 0.24470658810053592 -1.787967633502975 -0.763170383986529 0.6449070721697834 1
-2.127824056954135 2.1353309540267373 0.8499532129256779 1.875328023972913 3.032646692955675 -0.9981987767156744 0.2558869089068101 0.7650528320275729 1.2036079633407137 -1.3222378599127609 1
-0.7905331728273933 -0.5908320901096833 5.556779680726958 -4.381773992393597 1.2812639370949928 -0.7641522600056159 -0.775021769052126 -4.274182162972409 1.6033520688710032 2.5161326099404917 0
-1.3819660018526778 -1.7314650237943772 0.9077190675109432 -0.35655189021379985 1.1426335110023977 0.7551614461706988 -1.7739401734369977 2.0030668347090588 -1.1103790361948156 1.9716951332443837 0
-1.5702594490620685 0.13058572382495215 -1.5633824164733023 -0.08906724413620792 1.5327357315028434 2.1862969680616366 -4.10042259266083 0.3117260341760688 -0.573131766067235 -0.37392691151235136 1
0.5689258421905372 1.4699280456687163 0.13562231203367114 -1.7270941284512116 -0.7897768895978887 1.405189939717412 -0.7669576250985282 -1.4960444943837738 2.0390359254361083 0.5644918487672907 0
-1.1059214510360071 0.5190546985403658 -0.4554776840333101 -1.0228915055829315 3.1559382189814587 0.23217046667413554 -5.202305644671724 -1.4300160206487782 -2.445698605900491 3.0372047414386993 0
-3.0696049816391344 0.4238590728959649 0.9489346308803482 -2.2769287851313713 -0.2980197407101699 2.2129626898264556 -0.6143074005149987 -2.4932893608801665 0.6790801878953545 3.122934478702194 0
-0.5965543177205765 0.19641525365428147 2.455026484870257 -0.10994075641139411 -1.3173925479899586 -1.1327082535568511 0.42192917238449157 0.4892721284289401 -3.6406385968397106 3.0978012686852283 0
-0.5366961161570211 1.83676271178742 1.0060663386743482 -1.052606891976072 2.2942776016397506 -0.09995336815951972 -1.6769454407880358 -1.8301077112822712 -1.102310789244001 -0.33849317071019036 0
-5.777575377819983 -0.07196525090070871 -0.4432401217807248 -0.8344830869091173 1.7235747295455226 1.0716726586743819 -0.9354589366940412 1.9769512014594706 -0.43462730912895076 1.779697485831663 1
-2.1031780996717426 -0.09849631831866756 -0.5721597559446661 -0.04810617652100202 1.4831689842613487 -0.0763200226909535 -1.4313526316569791 -1.8857414242612789 0.7352977666844016 -0.09176631399198554 1
-1.348103935801698 0.4066759111285372 -0.40011252982311185 4.21618323289578 -2.9306196325823355 -4.75304088038124 3.249227901978416 -1.5233548279985718 1.6609657334015115 0.7376135834243942 1
-2.3333494085475404 -1.0035647445796365 -0.9770281395293858 6.134224686378845 -0.9951444798332982 -3.937216269554945 4.579085739615527 1.1640679436465629 0.26094708467814676 -0.29954463682315113 1
-0.15649211951271957 3.5311202130964268 2.3496968098965816 -1.2034902806256087 2.9877830397020806 1.5749406000714554 1.9643064958597831 -2.850234169839378 0.6509753158378406 0.9740390867010426 1
-2.4551204387084473 0.1284363854739381 0.070244167110186 2.5245358415593975 1.586096501320047 -1.579682139559734 -3.1810480489828565 -1.4267805482967595 -3.121918851977787 -1.5463214467758455 0
-0.6957068734030791 2.699872373904246 3.9127106071261486 -1.8756937939575176 4.205684171932623 3.518748131002996 -0.19368056447732962 -1.582202503337093 -3.7451850075558917 -2.554488048659807 1
0.8881540937277479 1.2285224738141831 1.6676061988325932 -1.2899804129638484 3.7740205191759233 0.41453706456862904 -4.737847524088677 -1.3100308083137477 -1.4688887424507269 1.5252595441035435 0
-3.5181779471509267 0.67674914741443 0.6081855321465559 0.49705238632207727 4.377636337393202 -0.34914178470345547 -3.3731120476040766 0.6029726080581554 0.8004919259697898 1.9813252638564007 0
-0.1091257810571199 3.019329432796835 -2.0540445183497775 0.5819878951844435 -1.2662516938036 3.9470047585220858 -1.741486377977162 0.7364903385805972 0.6122811288845738 3.082636032423768 1
-2.863635163584486 3.166428137922224 -1.6974165806256338 -0.574933294690106 -1.2562277630520953 0.9646420659321178 0.18878512259107416 0.6769951466294655 -2.1076098009001054 0.24896727918907602 0
1.0985388724189415 2.0924532327392606 -0.6157973338552705 2.976002116944673 0.5951253225863902 1.0170493494790784 0.5231275314799768 1.1717174449033552 -3.9338943527393533 0.9263701009557678 0
-0.48879141060815834 0.7564993544946057 0.6998160193940642 -2.447704124011934 0.697653498431653 0.6593916738230425 -1.3964203137290983 -2.638964611893746 2.2604239962499646 2.110960413685894 0
-4.102818270936792 0.22030690731905245 -1.0168479129016066 -0.1256474781767989 -0.48547090369875034 2.2254654721873037 1.7405940225757817 -2.928545541358611 1.3674974455672206 -1.2857258988584084 1
0.8214181748509235 3.2346306356746166 1.234902109867377 -3.151611449276071 2.0691783422816377 0.011685427569028684 4.311302800579355 -2.890684748666569 2.2331923775556852 1.5653353608815757 1
-1.317753509284169 -1.2886609191244252 4.627204008370839 -1.642504481659524 2.9718221143766463 2.785971540523211 0.9377926317574281 0.5450813902621958 -1.728688552168414 1.9970660789371175 0
-0.6732527947662295 2.5780772763238495 0.16385821311232274 0.6887547590691523 3.293025943623114 2.4796597356700145 -0.26140950134785945 -1.2338184757637412 0.9442042037858511 -0.6931217871610427 1
-1.4694359564439325 -1.2622237732570678 0.5258342990942129 -0.35570057037950553 0.4826189042817163 0.5621556856861865 -0.44760625219084527 -0.5426862523913917 -2.4916101776336568 -2.694474796838394 1
-3.153053616969794 2.0203078213698458 -1.191148761611521 -2.178904530602625 1.7793318428918217 2.2409408948927654 -1.8158057672616794 0.3387953300293458 2.1966057784576947 0.4844939437353232 0
0.0751034538226838 -0.8329505768971588 -0.39253635840724965 0.9001026258436817 1.5253918369753316 1.9513390377918864 -1.6910629053644617 0.3240375537367568 -2.707977268867919 -0.7515926500701134 0
-0.9412650570140731 1.269784973564934 -0.18649625783928514 2.550084294108677 2.365797724243645 1.248348085336868 -2.4454502367024142 1.0102316596106822 1.4953076170501747 -0.7795811208681778 1
0.15073369803864867 3.2361557668788485 2.0337053455918754 -1.2645674642530746 0.4538367452484027 0.5843283408363361 -2.3477783554948832 -1.2456340293755632 -2.1094618481819385 3.270607928753005 0
-1.9939864533761957 1.15304239138856 -1.3577040558530864 0.20946236806155327 5.251392499566471 4.365791280867615 -0.07459946392515515 2.185132948392705 -0.5374790421215225 4.575905913849494 1
0.22292845319292187 2.342728674860696 1.2739338029197307 2.216759367398991 3.2936750567856237 2.0673142250417857 -0.9626980324787324 1.681472063931257 -0.2788040177347364 -0.5049072664852319 1
0.0048835752740885585 4.304813166252249 0.3728829149020251 -1.2181197418002245 3.2408712511036484 3.376492780092658 -2.9276393149632645 -2.530446532039898 -0.898023165388908 4.815449802907513 1
-1.6710189521190861 2.5770331139450624 -1.3827845949675783 3.9448697205089758 2.1827587745272874 -1.1626246168115526 -4.666254384016196 -2.7106409904794853 1.2279599556579845 1.4293275697282581 0
2.071358041011244 2.0332949348186524 1.7354411452149718 -0.3809544928736194 2.924127189435173 -0.8415339698327087 -0.9972546098315993 -0.7432722460376149 -1.8119993353054944 1.8465321245765036 0
-2.7316574080376723 3.8801144174064475 4.829154358149493 -3.0644949793331326 -1.5090058333991783 0.7446504869645164 2.1337161598093406 -4.512244420472471 1.7509458047970394 1.0420877051590731 0
-1.1572933005991306 1.8320031998536117 3.4108042541783012 -0.9454534991741094 2.109784837124571 0.8365403659183737 -0.9666978230022047 0.4805020347152673 1.309069650764221 2.216549900095102 0
-1.0062838041465068 3.6262947725907644 1.4883548710326284 -0.4596804678376021 0.6809416521725998 0.9278371893114411 0.06374146534507685 0.09648330000697447 1.487804410242822 -0.6375506513263041 1
1.9553447854784025 2.8925914482488357 2.8246033825368277 3.6297854785385373 -0.03702845122396492 -1.6868672135564595 1.9711164702335142 -0.16171510765318342 -0.6898114580982283 1.8155913476560528 1
0.28018518224300415 0.9385398017295725 1.0214476672265986 -0.4757065122496601 2.4816564566856636 1.7701728112133974 -0.24253740244283173 -0.8982038720408181 0.26937034634380863 -1.1431469281674747 0
-0.00043941073547737464 0.8403396353286 2.5024622959775464 1.3097633846579502 3.2575819582649683 4.907644466556107 2.0670612660576078 -0.9883322131816573 -2.5806267787673027 -2.453464492083879 1
-2.5790327986648083 0.7213167416558047 2.3172339988468593 -3.258077246563007 -1.4049324519920923 0.8236324395656198 0.2685563068295127 -3.0746007188212334 0.5277925047915482 2.7522239567357127 0
-3.241056918522846 0.2555081656720313 -0.7804562363200489 0.4242484523442541 -1.4902967069464266 -0.6257890291427155 -0.32078705480403147 -1.3087474705102153 0.5216564740527527 -0.785102016285396 1
0.20523776566645302 0.6084284252205363 -0.5309364881537166 -1.5375718514442762 0.5794372598925019 -0.17553500842270897 -2.087826099995604 1.7970812389550272 3.387164578904133 1.1378281201961675 0
-0.022199596670292476 1.8254585998866024 1.1397286065800263 -1.4554361340208237 3.774477179707785 2.1448365280815374 -1.0181710195140659 -3.076770295657278 1.6031645656572713 -2.088522531787694 0
0.6415755781117809 -1.4106455256731225 -0.8672892944373541 -0.8109803558897765 2.4436134076114904 0.06202863447061535 -1.8440771695893332 -2.717865304593973 -0.08643858654541359 -1.2868716092207304 1
0.017833941486951943 3.173430162043555 4.596471804878433 -1.9039084142559508 0.10972803798461295 0.013341835313722572 -0.7354753525572564 -1.894435507451759 -1.6636593386540193 -4.078256371486895 1
1.5145100970485745 -0.32857498050880896 -1.5645058247027133 0.11565859294011771 -2.0762581108537597 0.6603610539255461 0.35529628675587066 -0.7935922641244029 2.777658218944584 1.0563341271216145 0
2.167857997773023 2.4135189885607584 -2.999162181021961 1.17710238475712 0.20555245749319428 3.1460766868899035 -3.1231047166648827 -0.6279284913391252 2.392344545209471 2.421600336026632 1
-0.05390267533717574 1.678492567264223 0.4007101482720412 -1.225935934395407 -0.9808360809456389 1.0439255012157485 -1.107128547171898 -0.30679835740307515 3.1314606340083584 2.7941997167804526 1
1.5225711381132125 -0.3184398740351686 0.36548592193978446 -3.088991317323759 -0.2401205258334862 1.7074240644104468 -1.2590899540011617 -1.0681045121961794 1.844932427411291 1.832999440446526 0
-0.42614342590089715 0.30971961767849454 2.8472856377316798 1.5301649482113668 0.06757941280343938 -1.7213952889961823 0.17887886224539595 -1.6096010121195852 -3.555296620006435 -3.564281043530679 1
-1.8337573154295441 -0.39410663723089967 -3.6844820646092504 0.6337944271004305 0.42477235892137166 3.69712243188905 -3.9993045514633554 -0.005185659174231416 0.07084046534511501 1.0150768090764737 1
-2.628399870080999 -1.6458139539259764 -0.8925075831921838 2.6094357843988876 -0.10238035937277479 -0.6513613629237431 2.5160419239379443 -1.0921966591736125 -1.23329724520808 -0.9321006073369432 1
0.0077022892480187455 0.7772147066437027 -4.174176592947616 -2.306362989458576 -2.3937074853481137 1.5007456800804317 -4.772505563647613 -4.539799983391498 1.3906758138735764 -0.5052504836307286 1
-1.2279121535392514 -1.064710023827136 -1.3026263791728296 -1.949470006213788 2.2506428743224394 4.14405428475566 -2.5335825000928702 -1.2244290068746762 1.4564270010794895 1.5771705423179392 0
-3.140877551227344 2.357138417678669 1.3751611191591389 3.333964753758554 3.7628023019262007 -0.7005066576425454 -2.29674106618772 0.5864219441312211 -0.12758226291208108 -3.5320676079993305 1
1.2705548437034166 3.499903577211883 -1.0373741690352576 -2.354274256140518 -0.6623346647437247 2.776242050565477 -1.611915833287101 -1.6996644079229923 4.318306405120929 0.6885021980018395 0
-1.3459058062260814 2.1417933604553987 1.3750691870446548 1.0699303705380676 2.2052959070407017 -0.432552229241423 -3.115454687445305 -0.8151416682913945 1.6646817926980348 2.977379120979207 0
-1.7057819362641558 1.1695890085586662 2.1841637500614732 0.02499513209044757 0.9639943547147773 1.0996798208513296 0.1537438434879912 -0.7299949999879012 -1.8875548795784447 -3.7377206310072877 1
0.03227853296487471 0.5091039904597104 3.7880513106932443 1.9564077491930294 0.04145107828508121 0.7782544024574942 -3.000831315210081 2.2945968734767446 -5.044452229817999 2.206415123074584 0
-0.907992063889508 -0.6699990340552917 -0.6709801250085132 1.7319670789313197 -1.9411695334269452 0.4599881542239769 -1.4172196120590441 -1.0210258800989458 -1.8960856949856844 0.8847739462454476 0
-4.070194807318246 -0.5350965840772914 -1.4548744580531778 -1.4658809845274652 0.49013684946040137 1.5583340180541958 -0.6530336728753112 0.26031043406217846 -0.050617257647098235 2.043035719636181 1
1.8074517338689366 1.2250777119226097 1.419610425046939 -1.356956554463884 4.012552474790452 -0.5309625645907545 1.7091603996412221 0.37664149816433756 3.091383765229473 3.8285336009164586 1
-1.762780797312593 0.32852924690233754 1.3636014586702618 -2.2148416664241393 -0.6684278624772362 -1.182717614982923 -0.018760221315224257 -0.7399320168502385 -0.7441195073851562 -2.5725515179865415 1
1.4171353842203795 3.74842899070953 4.435677442737251 3.548687130347741 2.042249386613065 -0.47685219270311907 1.375041140451533 0.23890569238160886 -2.38068441357733 -1.7480785401487542 1
-3.0907328221861032 -0.4238631092519005 0.7954782194217892 1.8464132653900425 -0.710244509931957 -0.8512709207167926 6.512933757308389 -1.9681298414950545 1.2592921969719688 -1.0819254357886965 1
1.3788416884307861 -4.411184566312473 -3.287325569477349 -0.3367336527315197 0.1914451117541559 -2.909138405705718 -2.8632907759784203 1.081344984575193 2.307262767673116 1.1205454669920125 0
-0.05074545125033436 1.5735350990656571 2.331853557131926 3.153530720786619 2.7981540891270336 -1.6781162479576257 -3.4717079804259248 -0.5792159911472903 1.0613938027913412 3.0728100756934715 0
-1.9026781970843873 -1.565511729143367 -1.8598341054359122 0.8374507073694905 1.370092467992527 2.208231256012713 -0.8232696940981143 -2.3492283882519494 -2.742040753063125 1.3783164559681023 1
-2.37236690931107 4.11656612780437 -0.10086983984103481 0.017376260126404697 -2.4517576080577066 -2.961711329565328 5.459951720592041 -2.245877889284947 -2.564643400518438 0.7038692115962681 0
-0.29411775984255084 3.270970364377972 2.673404310458486 -1.1531437644143079 2.272224096292508 0.5974564414018284 -2.548118646991136 -3.238368572852477 0.09043085000702522 -0.4666092599621987 0
-4.293267992426326 -2.523815584066049 2.3381347283242007 -3.090915788380323 7.129494664823935 -0.1881998716971347 -1.3494376491086129 -0.057839457577331665 -0.2799373493965889 1.5815018069602036 0
0.876812337450696 -0.42492637898665864 -0.8256132436930472 0.22701300045652628 -0.7044707572280673 1.9401370467690728 -0.7447424922154309 -0.5283205340192936 1.7774355226562355 2.2796086237831874 0
0.6891432719528758 -0.012677624543843358 0.1701710192641609 2.1532617165528833 2.1198077224906964 2.7217303656274403 -0.2639325119694109 -1.0875721885095604 -2.994723530430843 0.303550122417785 1
1.5388172710835177 1.2927945699333052 2.4363142875583312 3.735461202083083 2.358714061769797 1.7195774823495684 1.5380199887032284 -0.584821307366829 -3.0847837467823886 -0.47540411506159697 1
2.2898876757252884 -1.1639638372290722 0.10043764192605609 -4.064889863319626 0.8777316651986196 0.643489071992914 -0.4011286852497399 -0.9334442285528042 4.5352324121432845 1.6902830182600366 0
-2.042183992761002 2.110450538738806 1.0684468841607557 -1.267452846163847 -1.03450058875604 4.530113207207485 -1.6643376867494069 -1.1299884193720517 0.3850155483659399 1.3465435197909321 0
-2.0882458340237813 -0.5586776210364408 0.5304860113141507 1.241030093907026 2.0361789835149366 2.522136823580187 3.5261879240151006 -1.6388890094793571 -1.3096007018119709 -1.4317493140056783 1
-1.077063941261571 -1.3819059326710246 0.987274311652361 1.0443009269490398 1.7216083135247824 1.6790229334835183 3.931840420426495 -0.6720353884422148 -1.8788689876839015 -2.3373595155187328 1
0.8404457943725869 0.6695059998306163 0.7475517353766192 -1.4790257725095701 5.044767737060045 -1.2543404822059476 0.23634118866880205 -0.04960233718002349 2.9088290382244244 1.7471397190128863 1
-0.8410873571218558 1.2804386821913887 -0.43854631304733005 -2.6784217096763916 2.743159930844795 -0.05752558879621583 0.2351796163111819 -2.7904102747179773 1.7894025950583705 0.8807273853144204 1
1.9097123259652333 3.0337507873511163 0.23103047519765374 -0.16273215396076068 1.379486935226768 0.769789623080987 -1.3127408513902337 -3.7602186601990297 2.216573202809477 -1.0076552149656934 1
-2.2383961946950004 2.122263828636979 -1.1892941252351732 1.1566960091984604 1.2354763819940358 -0.5289794466991571 -5.299241519711303 -0.8049115203673306 1.27782933248151 3.3605909340309172 0
-1.043176357215612 -2.262963045398716 0.20615235360889161 -1.3084617551328197 1.2920356841280867 0.537529209498621 -1.7398681312945992 1.2266363002566116 -1.9425116019666353 0.2771427972471062 0
-0.6627623775541995 0.6710712859117476 2.2697528720650144 -0.5494494007863246 1.1170462227678548 1.1705992297471712 3.492928930451784 -1.0737493923990902 -0.08351735837325924 -2.244375790512594 1
-0.7859625718606589 0.8373659512649194 3.76355778256346 1.2005147996377534 -0.7091516968501703 2.1382862279216246 1.8129775512227995 -1.3790962262622106 -1.2111810338565385 2.2393540202328497 0
-0.16010178879491255 1.6272057000686346 1.3433605948980314 2.751782729928834 1.5342462089375153 1.1411690880321377 1.5236507633208884 -0.9839374501873804 -1.0438057353279777 0.06296056478601586 1
-1.2810549167452758 -0.9108264369904158 -3.3317492371203032 -1.6106511999566546 -3.0856465412416503 1.62908411783174 -1.796826720740437 -3.372700549891671 0.7117024723522067 2.389868234432406 1
-1.0330925474595007 0.7164564665186872 0.7205892102550016 -1.1796120055058996 0.3640926410862665 2.8681736277827574 -0.8489370872598724 -0.2238594473845783 -1.2347478227327429 -0.7966252228869328 0
1.1856968146864277 0.6642409968000074 -2.4157473466258557 0.005322005630864712 0.4195090004670191 2.7722373768247928 -3.252032028024308 -3.5579395978870116 0.8268621212529376 0.4208809966641547 1
-2.114914247292374 -0.6345814947996236 0.2248860902140687 1.4860254604535086 -0.7324708904215804 -0.6063750180024221 -0.12570469777980664 -1.5732713699334346 -1.8771877847988978 -2.7485910077284696 1
-2.0727314791243874 -2.6730312698977183 1.9223780528073044 -1.6004321007213593 1.1080808214315785 1.0811118811497233 0.41531145704196004 5.029675270632319 1.1662138903898245 4.44176988251451 0
0.2844751316687877 0.48026084072922304 3.037734949922509 -0.9501538245939918 1.8355041618748649 -2.0950175499867294 -0.23606937499725666 -1.7993571648152988 -1.9101897002575052 1.5816459199685542 0
-2.169112888690085 3.474070474231366 0.9813872679744278 -0.2836921298860283 2.064407409335888 0.7685308538927611 -2.4777298314820757 -2.6440024428474684 1.5541768315382363 1.4501309398949669 0
0.9073229409873778 0.7962606917086363 1.0712345191169808 1.7103829403834125 1.5998130990391837 1.0101123768534503 0.1488441287123362 -1.6308919996700695 -2.5466064326646505 1.2509457154132808 1
-2.6280193732322505 -0.8253019840837823 -3.1094702553967313 -0.3298934329048616 -0.5189432847649269 0.6315786907503772 -2.531550330869515 1.053356621856676 -1.31718198437824 -0.013376441622950708 1
-1.3722335222495006 1.0844479027491054 1.3821805791283306 -2.4321166171690947 3.193456769557446 -0.14757818365839515 -1.3699397458919205 -2.7124465545371095 1.2069299595424785 -0.6393129696182973 0
-3.5008631265246217 -0.6190875313462167 -0.2512799736657916 -3.392278568763612 -1.4707606555200714 3.1403609084143596 -1.434708895232159 0.2750717526608708 0.27772166059135994 2.649417706632998 0
-2.2690341567834125 3.050476866607534 0.9857370411082398 -2.869429061350473 2.741281960458978 0.7702488906456922 -2.4938983124124476 -1.9777282702393733 0.7598388949848318 -1.4070336019690268 0
-1.3258076761078936 0.4366127527104595 -0.8854462795067757 1.8661556692828785 0.3500088514362085 2.9844974230625105 -0.6984323666836274 -2.6384789881508115 -0.8774569232626711 -0.3100528798045771 1
-3.135048255586339 2.8582207283967493 -0.06836853180516544 -2.9291576952435854 1.090634326067306 0.3550409337042002 -2.355393969329055 -4.102601246178761 0.5111195355548996 1.7698687246525902 0
-3.9798980241779556 0.9615634286699832 2.0362038767789192 -2.575226422433441 0.8669755074448723 -1.1010376750649282 0.9578631509428532 0.27031199124789596 2.4397433068505463 2.683513321436889 1
-1.4778186578443013 0.48019407301799955 -1.325315465920002 2.5468779104471557 -0.6249251191391754 -1.0335467010373098 -0.022594441802697096 -1.3505010058449682 -0.05223755741193825 2.042209315813842 1
-1.9696816741158978 1.2026372576092654 -1.7683624581702113 2.514093800044867 1.8878805669795375 3.1269920941909004 -1.182487815214729 0.1728276820557657 -1.2464030518512978 1.0192249073424016 1
-3.779547384084288 2.788073941251958 -5.421157122048867 -2.0095871189908667 -0.21472316052419305 0.7347105188741445 -0.5280172033503991 -0.9244046715539684 -0.9742827964056628 -0.45149674385384664 0
-2.635262201034749 0.4043669113262961 2.266528338933624 -0.06371743815756348 3.5009428399759757 -0.22722442774631202 -1.5027568124783008 0.5957878572225146 0.22579828804515945 1.2457869563877266 0
0.6647297226595412 2.7163184970221415 2.830173776981879 2.117753462054831 3.4254153645500405 4.71159302294418 -2.847518979876262 0.4474241828976975 -0.9817305192062699 -0.6363516357970744 0
-8.52676145654485 1.1640973665213212 1.3555883838654732 0.12025109779723042 2.0499340162329256 -1.4487068261884555 -1.0243993772339246 3.882498205577269 -0.34657650555916586 -0.5272909147700888 1
2.9300827689583384 2.143056252983904 -1.0795093325901237 -1.3484720763837204 0.14434824003256186 1.6167934999348679 0.6558696055465323 -4.045416467057558 0.47706877545337867 -0.4691821691426967 1
0.956668239297692 0.4697379608077593 1.1797745275299742 -7.976232301722099 1.8464358434290475 2.077029940511066 0.4398935002525519 -2.1376890229410646 4.12622438059781 -0.5619013780676274 0
1.6048940951726292 0.3967191649808741 0.6498159007643803 -3.541743226998777 0.11443405105670301 2.7373419659734424 1.3982884388755603 -4.9692172211760886 1.7886344922389004 -1.1755644638549052 0
0.44390910776384085 0.5840540612075051 -1.9208253851076558 -0.5823319173007915 -1.0053458888695093 0.591543524519063 -1.0138176582787284 -1.36144704479859 1.954476427905452 1.1390501571206952 1
-5.371845593811115 2.1559435010186596 -1.5330130611084618 -0.815166051993019 4.061397528208711 1.7058650233735961 -2.226362631938363 0.7028592876022173 2.4246951229380853 0.4414360210290339 0
1.3465794180026043 4.4404504195280765 3.3003998776963015 3.510776186393214 -1.1227460452799418 -3.5106983209872586 2.6820657876554703 -0.1512494448464472 1.9494854652379048 0.785639527204389 1
-0.06923123372785012 4.182079423044777 3.1296296634156926 -1.329202096273903 0.26778006930165343 1.1290838733966158 -0.1656657784748321 -1.8976880469307034 0.3431800252716597 -0.7504046906264681 1
-1.6206751514078084 0.34014520410922655 -3.4029570010502996 -0.9838236075775832 -0.4286134537300883 1.5240898420395972 -2.639486306442018 -0.45121329212947003 0.6470947272279619 2.3021153462050545 1
-1.6960628679985872 4.415748713094023 1.1518507013285393 -2.9960437009564758 2.3920551314676666 -1.0621980523145234 0.24077331077595487 -3.795734611269496 1.2002029982020712 -3.613644235905129 0
-2.1806488961986625 2.422623646825863 -0.03500391331150665 0.7354306896049685 2.7000411437277574 0.6034399752682735 0.03723496621757816 0.14899948720406053 0.9211523309430899 1.5374660133839315 1
-1.7272635617244054 -2.900345147026076 -0.8105493245634705 3.2684184346897016 0.43695568459791134 2.3343283038573035 3.519236047324006 -1.72360922398711 -2.6694263041373762 -2.7306549553644714 1
1.0165760387048368 4.933875087153092 1.2925058731650743 0.7278986978009074 3.87767232422035 2.9656431596018606 0.9379303187087964 -0.9664742549885713 0.8046672029803352 5.109925212143987 1
2.4402545634801704 2.393792158816085 3.691434132158379 0.4572968646384167 0.646289918207082 2.542874191097374 0.39881617911262224 0.23313879028970597 -0.507292309952956 -3.885482956086145 1
-0.039223079439087316 1.4935152914146947 2.052041871356274 1.0272584548320212 1.2189763140382548 -0.6273929055466712 0.03644562771078408 1.5494025333162083 -1.005163443754908 -2.839733931221051 1
1.5946884867327964 -0.7680573569500109 -2.589166976933509 -1.1162477839885132 -0.5578623456883394 -0.004549999279457095 -1.295315031799361 -2.7301763651203927 0.8111835536111089 0.00862139622678293 1
-1.2126751071336515 1.2690322917916839 -2.3613137334546868 -2.384864127000742 0.28118321115239686 4.147999493336171 0.11852449147649713 -0.1595809669300048 1.392504546002249 2.8108673914876565 1
-1.4809061465305973 1.4560692062492275 2.466884243470904 -1.9457715097922312 1.553824591934462 3.247193986655777 0.912103877576409 0.6387695991001261 1.1432676699370754 0.5788222513915371 0
-1.3686188371854773 -0.4464680082328465 1.1654142998460095 -3.8979824723131493 2.237638943827971 1.816861106297909 -0.8433691511198554 -2.395542698670088 2.5899693840916442 0.4879985921025384 0
-2.545794852707196 3.032789431304113 -0.19794138653604199 -1.7670437913592794 -1.2163055381454684 -1.1934581108889342 -0.6047970124394593 1.184697853541202 3.6729749258919977 2.666690688229606 1
-0.7858870859897532 1.4626189802950937 1.9804826764612358 1.1400463586189344 1.2811122141443119 1.2130713173957355 3.520625298785433 -1.7588203435072365 -0.46069264549464295 -1.457784210101291 1
1.7875069177943521 2.988278428461828 2.5581978258081906 -0.5821872221421889 0.43385259120060815 1.413400312087698 -1.8505098738001218 -0.912587628900896 2.2718359530597505 2.0281961316539334 0
-0.963749095939229 -0.11203939603967372 0.6620800613304515 -0.9127858886350317 1.4232115652086086 2.4448941388310974 -2.1673702811977917 1.286478307289332 -2.3690689695287865 -5.093941522385851 1
-2.081788498722338 -0.10705072775159752 3.4063836183876615 -1.2401693991157823 1.8910445629414678 2.302147521577886 2.271166558042602 0.38773050078319526 -1.2411145656870093 -0.7819006132873436 0
1.363077022267488 0.9479508719499631 1.8791596159127786 1.3519803590823596 0.8086873573299149 1.056947515975205 1.24343286403989 -1.3947828469722077 -1.5378999565092388 0.3571392256118384 1
-0.15772148453281953 -0.25341788528020204 1.0895429883455714 -1.6777902515249958 2.165357650977864 4.017751166864318 -1.0088400476658976 -1.1204232223447814 -2.798341196809236 -2.192934997711131 1
-3.58254834812472 1.5923938180250055 0.7088852464035773 -0.5095682805630727 -2.547920356571852 -2.2326810107279607 0.2026412494179688 -1.6589790342649644 -0.16029184072477598 -1.2141603418568536 1
2.1824492909163515 2.817696313110461 0.9230359459081117 -2.5749457752779206 0.5123992221062877 -0.622630026717508 2.2213063133626907 -2.627295807136366 3.891910330426023 2.4592390561257753 1
-1.407303985955689 2.357243600118413 1.5190509716004468 0.05182876941260994 0.838234253108823 -0.7233232035978079 0.2543137791183634 -1.7389567338030494 -0.5048532963807044 0.6860551755044797 1
0.7523501101320724 -1.7402363862793466 0.5562005417592737 -4.8724025444561265 -0.796557005365383 0.6519248340358681 -0.7367124222737826 0.05537262319010394 -0.03773022510557955 -0.3577618132612035 0
-0.38837915252325916 0.043753330264212686 -2.240228002997509 -2.0079480123398485 -0.07370635538623627 2.99958452726611 -2.4393011579918022 -2.9212125382459764 -0.8758012289288459 -0.3777379712215527 1
-0.2773999881514715 2.0892087793993044 1.8570764667366095 0.8120961486294165 0.8585685816088094 2.261040188203822 1.2578397841307167 -1.7875675938859787 -0.2862736537158451 -1.3288400048357811 1
-1.3114258605018971 0.4459100938962075 -1.0742713657705012 -1.989466016199949 1.746225233821395 0.46708090553658965 0.25436924034842523 -4.049896860079171 0.8345091600589059 0.8214126481166271 1
3.3374866330162654 2.9379229451010005 1.4163576686893633 -2.12289797773372 -1.8749048725324906 3.288539536547689 -0.4034071544620218 -1.0995225237170716 2.726812839791793 0.7902071006346736 0
-0.413943712891201 3.319763422735643 2.5838412190550235 -1.2055400524047877 1.1674631021725328 3.6650977467848134 -0.1808190597637369 -3.2992506994017825 1.5970686949504014 1.8591091232201244 0
-1.5619657108988694 1.4843186184246662 0.5375647775725145 -0.384445070332046 -0.31940159051307315 1.1079809800358291 0.8956657038750602 0.2756504709394132 -1.540677133531884 0.6162523639958795 0
-2.5037783398315074 0.773141684959338 0.11733671976644655 1.0772949080973375 1.2856501758033152 -0.5850749162090512 1.6092914039294677 -0.6558019234802097 -0.5019899836502625 -0.21087182853428144 1
-2.2064164795204766 -1.984638686246642 -1.0826933311969205 -2.4710954141741794 2.507229764014727 -3.6067543143556575 -4.010937878307017 -2.915034644332084 0.22411090935106215 0.8629940640567333 0
-4.992843342052047 -2.5025059734832524 -6.764311941912687 -0.6549044057034663 -4.840506416490514 4.956514373307295 -5.395210306997626 0.08321623429059377 -3.583777768870619 0.6348680700612119 1
-0.3481229741324947 2.870129957110745 1.7810395139416064 -1.879477121968229 -0.25028301729524083 1.100786374575706 0.36672244230552176 -0.5359913689017781 2.0682917145154907 -1.8819293620433408 1
-0.19383221312470134 -0.07246895244854379 -0.8666648008184272 4.154466603214551 2.2173707617197635 -0.45732528998087263 -2.495840455702945 0.860486316763514 -3.9654888735760254 1.001282976185288 1
-1.2046486468930322 2.922367510281781 -0.8416279724597189 -0.2123146199314806 -2.7965075186130948 0.3503013679903363 2.325256378918223 0.600353324103323 -2.7240380078240163 3.7498493871935814 0
-0.20146234764346993 2.4893677328907584 1.139681548735806 -3.050702398582342 2.575207003790788 -3.541380486395232 0.9087760996121055 -0.559633618242598 3.878911744980951 0.916857168582202 1
-1.0606344774247962 3.808596747136123 -0.9754336568810715 -0.8319419965676262 2.2339434732264927 4.759730811665472 -4.302126953555629 -1.407336584896137 0.3229186241811055 0.40761474032148737 0
-3.7698048064726644 -1.1554328700686045 -2.7764875070996813 3.0817855426137495 -2.2068747780089284 -1.5548757977781933 4.638798381988837 -1.6753743499977711 3.2883502622817904 1.6218465467356924 1
-0.26408272170659963 1.3682167964486867 -0.6870962449457744 -0.4483389425819052 0.8626993032524077 -0.8111695777026882 -1.7727767421895475 1.1868427348375077 2.019843129232192 1.8470042505249151 1
-2.370502600929335 0.026738831372615568 2.4982169846042654 -1.9206224547029143 0.04658194626166656 4.021749393420134 3.440734836113352 2.680579171972232 1.1397012257424435 1.5604507360887825 0
-1.8977670416321935 5.343398698893813 1.1067194648088776 -0.8783596703603138 0.44528879824917966 4.724293461381423 0.6210679774214931 -1.9004997538973496 3.7758395600459504 1.4360728469899202 0
-0.20087906902690922 0.12545763345949423 2.2025505405031134 -3.8879462964149605 2.4438171865917018 1.744668977018279 0.46340909740605185 -1.7094649681229956 2.1630057169257793 0.5597054565776993 0
-2.8398626287750166 2.440441440054683 1.8341238453592803 2.509999818372466 -2.792574758936853 2.2460286927277746 2.181195166817651 0.7996057211153471 -3.5822706680522423 0.2930583628585248 0
-1.177794092211254 0.7130684672482851 1.7253132072300437 0.06825760792493729 0.048160002438935035 0.13499713861538976 -1.318110324823237 -0.549420186387596 -2.6164333492815466 2.770503775287181 0
0.6682368566715224 0.2851450916297654 0.34574450175653637 1.6172627654415255 2.188715874546296 2.141993413579555 0.820328100090143 -0.11215135736535742 -1.8277714899217279 0.22027801935867597 1
0.649634955384488 1.8165469335603677 -1.9600917289143114 -0.8161302915720451 4.054493859716841 2.6596921671268063 -2.3309099548386163 -0.7335891113053536 0.2026022606105249 -2.181123126650522 0
-1.8263848305038328 -0.3654406079714909 -1.1929299204338686 -1.3305540068055586 0.5439943089487356 0.9644231432390862 -1.1810256468851554 -0.7385708909007817 -0.007764286871175585 -0.4618124053264936 0
-2.8813983349636687 0.6786895852397411 -1.8439704332763207 -4.986417292026235 0.10209083653300666 -0.1216257662407152 -1.7514095756414856 -2.7695232479691496 1.0555232453943333 3.7584091069229353 0
-3.4094208445141296 -0.11009071337875365 -1.380001562678389 -1.116555660943373 1.8104949963873203 2.8081236390406605 -0.4036757912182416 -0.20545629245272978 -3.7319174498214522 -1.096981738387151 1
0.06370215825164216 1.5113603308719878 1.3289253979454276 -1.0864628914437189 2.907966080548636 3.449707245458001 -2.0348622195124175 -0.2715343860886814 -2.496811998803058 -1.3095507916677604 1
0.9990324150299457 3.3279196134731945 1.2422764793774888 -0.26189095069779755 0.1137511561654393 1.8578385324668552 -0.46776924999135794 -0.7285441134507302 3.87840756138879 1.7428219228537487 1
-0.9975211082876726 0.5225347712199984 -0.07900686159896053 2.9616998857888768 -1.2034232101448836 -2.943914409287422 1.193069583206817 -1.0005688490974276 -0.06661875072206735 0.9350830151715779 1
-2.9909631818575306 -1.4810340325808333 -3.507625891538085 -1.8384803197825834 -0.5640896875987931 0.36870246758875524 0.20088601625300395 0.26366925887768744 -1.5814626722759777 1.88193383984164 0
-0.5293909729806385 1.0177267401996264 -0.704596744699671 -0.6805548195633357 -0.4099344374380127 0.04267543180691635 -2.311447345153394 -2.32621858654106 -0.3106711328388134 -0.896775373511066 0
-0.42314403368762643 1.4360331246886804 -2.563128970525465 -0.5823309167968658 -0.7290172994223849 0.07467808618848748 -3.040480179062395 -2.187459901037629 2.068937221368137 0.3723381468532504 0
-5.062981998578794 -1.121782212452953 -0.8492811052855924 0.4881940666926732 -1.6305880315783958 -1.3259756761927313 1.5030672135273373 -3.8441373885906813 -0.6775737102549071 -1.4597515291713978 1
-1.1094315991194452 -2.3246120486920177 2.7334804650832774 0.30400299801167363 -0.03079825340616349 2.39786747582378 0.2337615843120553 0.4510487125392655 -1.4325701823372603 3.455445575457385 0
1.6337204444067988 4.257466869411049 1.2975442349014932 -0.9147136662333488 2.1154068627303158 -0.73484259376623 1.9393598998016635 -3.2117329307145366 2.195799425990156 0.1651933920741816 1
-0.7022240293927602 1.1645132363273305 -0.26502187629269147 -1.8057638287554223 -0.5306799192532645 1.1746856351522403 -1.1711428995218347 -0.4681547770237777 0.9751818304294887 -0.050204741452162915 0
-4.881385091879831 -1.2376647319022398 -3.279900552925535 -0.06810163661091173 -0.36858828892680684 2.9665300030152317 -3.4687331698074804 2.243962874626938 -1.8758096010348 -0.0809245942468999 1
-1.6313398921956543 0.5602138142814669 4.300646474172122 -0.42348459410394934 2.3917771694120287 3.294042070004957 1.0566930766208564 2.053329382706029 -1.778092062257917 0.032653783305714446 0
0.8191250261082317 2.987196558298671 2.1545987819606713 3.1124797650164364 1.5540256870653062 -1.4854180136732995 0.2983655620818988 0.518958630684959 -1.5092765370419237 1.2041905908948802 1
-3.32346187246382 1.5955127189087095 -1.1927444785143204 -2.827221193444154 -0.6589359424418402 -2.0701190958197326 0.8354885285428433 -2.472271345277197 -1.1222802067714643 1.2914347189160724 0
2.243679706090727 -0.00860286825258072 -2.2395928301639296 1.2051548033272947 1.9590137794074953 3.181086789676486 -0.38818394877605966 -3.9307304010934385 -1.125517585654173 -0.009982281661005343 1
-1.5718223237217934 2.3838919950401323 1.361889198723643 -3.385182954756349 3.766742285730755 1.962504395230013 -4.083546288066326 -3.885689797252683 2.047783986523905 -0.4517992194842071 0
-4.347064453395392 1.504951865438811 3.904629498279634 -0.4673336797029737 3.8424277457953497 3.395707308168214 -0.19673802165142662 0.02678409182904473 -1.359846845753712 2.5394959640136605 0
-1.5768890520416488 1.771093198995222 1.7066964841702306 -0.6602664276651318 4.939323789706605 0.37007856835468955 1.86730584684812 -1.6893196109370678 -0.5124479237081174 0.7628841089969474 1
-6.5187685961959465 1.030625161237064 0.6217690175079289 -0.046165433316910365 2.113522134068515 0.5305996202876622 -2.1444380084875467 4.238990521527425 -1.985223021048443 0.03229560789856489 1
0.3804587701733735 3.5046268320815877 -0.5299560014858409 -2.8164519600848235 2.8401226221571645 -0.43874973467228906 -4.820914777242576 -2.7068105208942086 3.4705087645519797 -0.813750945165054 0
-1.6956972271328135 1.3249379481076196 -0.0580968064905949 -1.3780911331855785 -0.636285732062033 -2.2831038644409363 -1.4432685291418679 -0.7679123887168118 2.648814389125988 -0.7300429108687367 1
0.9849014821456668 2.1338567189966984 -0.5084145715746506 -0.47674890791163493 1.9531323650789765 0.9671279970227394 -2.1719998938026164 -3.15570026318453 0.6873141124105884 -2.5046470046483997 1
-7.0615898512789474 -1.9292646032998073 -2.7649190438681224 -2.0187721990161354 -1.215708303454615 1.3738634382619246 -1.6580845187589333 -0.3370191259419495 -2.605913176316672 0.25943337275798173 1
-0.35005556888364076 2.9140255485126003 -0.649425973361208 -2.055648082568286 2.6484233016762353 3.549873550498836 0.9180381601689707 -2.2944101672127957 2.635323293957387 4.121165065451143 1
1.6926037227337396 -0.5600557288842576 0.6459519911708158 -3.8885011157414087 0.768779518607734 1.0896816288442188 0.5117735614680854 2.2768052477752825 3.739942789265585 -0.5412960825367543 0
1.9658641236423002 1.1508040173563088 2.8684801879243134 -0.017632806403930612 4.770278027033333 1.8248594767251354 -2.5102903083730657 -2.347836751054269 -0.18615168622510914 -0.07353444392054831 0
-2.342902423896697 0.02899236440748254 1.4118735529920103 -2.936884438574088 2.6495201591539104 1.9055003880316486 -0.768533336624377 0.5231666555906551 0.44929908779248173 0.7654191147076586 0
-5.699373785156116 -0.5952951108786888 0.48075790683148256 -4.056363651218263 -0.44115438475490776 0.41179821856213283 2.023141635868072 -2.4335466299115716 0.38426641480136703 -3.484497938976885 1
-1.5408540366640602 1.536427083402495 0.7923847930605528 -3.0293267464893727 3.5760776224912445 0.2150271058919594 -3.789019075187448 -1.9000532492882671 2.299918320218859 2.2209950759276014 0
-0.033114705344603035 -0.11406226808799524 -1.2093246929440147 -2.597489708163148 -0.8052808605963595 -0.33219427318571104 -2.1452551874104886 -2.842039787869081 0.6989174212820224 -0.15621330072465 0
2.1409596283805388 -0.7395646086672838 5.010807167986699 -0.5467228676440798 2.486310488508077 2.546147042953711 -2.2146151051204894 -0.2566214259274918 -0.6772729819903438 2.731806347485634 0
0.20718190762513022 0.8985229062313727 -1.2034085913837473 -2.9030254178857975 1.724292157183338 -2.297680336561857 -5.595828076535287 -2.609216993083698 2.3785067574998875 1.4132286549779454 0
0.33513315593181914 0.8241801438479486 0.4728332159181884 3.116868820347474 -0.21982330272211503 2.03988239341013 1.1169213338410229 -1.9940173489442796 -0.2486010346032318 -0.6061261937405461 1
-3.3349149994151843 1.9658817813465714 -0.4521764813054805 -4.383668008786065 1.1407784868289887 2.7650056817035704 -2.6762081927376764 -3.2569644897511347 2.2965777060804577 1.4201796617936149 0
-1.8232552798600374 2.3002381508779255 0.677444118128385 -0.13863396677030537 -0.7794539952125403 -0.3293705206527968 -1.55500951067934 0.7611733986118812 -3.54868768502949 2.964703647487208 0
-1.4877348904496264 1.2054239539612623 0.7192227454626239 1.551499951490917 -0.323697406928825 -1.140657488161556 -1.2020126900854362 -1.912520348240272 -1.5547032872843256 -0.5997622017868458 1
-1.3957080555449808 3.3788620048292497 0.3012006063051563 0.8990839583369856 -0.5430783842237055 1.8881235580321998 -2.0177155291008058 -1.7132501684032349 0.7831903551340333 1.4010590871636937 0
-0.4168870342915201 0.7818747391248817 4.154080789612209 -1.2162237414958106 1.1733880362944582 2.4240233093617505 0.4680009677997572 1.429108588244504 0.011666439447122756 2.644896684461332 0
-0.31056269755501353 -0.7572152202859246 0.11839916594315536 1.22522493911341 1.461929664840278 3.5606502271585514 -1.0646715800386526 1.1113269045686835 -1.6148485080309927 2.188491904198404 0
-1.049188094835712 3.450343684207342 3.67121997793728 -3.486995104581113 0.7767414653540348 2.620640214276662 1.6859726636870502 -1.9031291414896447 1.03435938360209 -3.619921933023687 1
-4.0845647157497496 -1.862566883624306 -2.469182401157016 7.099444729509726 0.33924311375036686 -1.3940620974419624 6.883027995112419 -0.8535406329417146 0.388694402588212 2.3821291470131607 1
-2.246941159126593 1.0617015501397227 -1.3708970398360178 -1.5800791091225892 -0.4648184636994921 0.8186895433043492 -1.5364950831273636 -0.23514504020489213 1.0876380859122579 0.8922909865822131 1
-1.1153580509363696 -0.3427870567573663 0.7655436912348134 0.653949891423036 0.4327255686509449 0.7787643518488025 -1.9842386691732106 0.8458595452691311 -0.7642229336204258 2.3452051308962654 0
-3.5676820269947527 -1.1796749955065704 -4.341982076593288 -1.8398240182965373 -1.1757368110507183 2.324349728835493 -4.209552483307339 0.08011782001834789 0.7618628873416933 1.9777816045335008 1
-3.013227605854709 4.491579766677735 -2.67926309311279 -2.557697062728413 1.1885930952017638 2.0721899628279132 -0.2264083654588529 -2.8317262690696987 1.4534395983720803 -1.1250323224158225 0
-1.6200552742218353 0.5018475172072738 -2.441201698233441 -0.3290064174402494 0.8943088831387673 4.249424035047355 -3.8823595867043017 -0.11698295126544067 -0.5190737714930023 1.1469975895856355 1
-3.784110903969698 -0.16996058778562673 -2.4632285383696404 -0.4325118494498692 0.34702080465106366 2.5156720761163833 -3.1406471452604197 -1.1824152751273223 0.08639309437767029 3.120219974902444 1
-0.41943428426560536 -0.18187668397482848 2.3496334545611175 -3.192118999930027 3.1818218782808696 0.5888645670436078 -1.9212829383626224 -4.037134561412374 1.599760913114478 2.021341897367053 0
-1.0842065584968352 3.7199836770060126 -3.0392509478193244 -4.457467421510363 2.39245535143445 -1.9710506250223911 -0.4528153996928863 -3.880697130957622 0.8771219215299675 1.5988310802663346 0
-0.07710681791024254 -0.5002226421838047 -2.319704206239651 0.14307736480162414 0.5311777165199292 1.7599035178820994 -1.022196990478543 -1.1234281473766525 0.21364513306751254 0.8609591363469538 1
-0.47699449203743793 4.610368773489093 -0.7901976614107118 -0.00377894550621527 2.9143175844178595 2.365787232009498 1.0672424028727043 -3.0468587544756227 0.9290399513259904 -2.2278710040098337 0
-1.5928874469469212 -0.4974863743603548 1.2269277742161127 -0.34979764461887397 3.6056188265087643 1.336744830963583 -0.43856003735573423 1.06531031143319 2.0307468043199512 1.5362430033307062 0
-0.8394869533839463 2.1650091419307715 0.6726463455324647 3.350335740265706 -0.7823526879401659 -1.6712605943790368 3.002005324102084 -0.9756946255304207 1.6804709337602053 1.047487469446489 1
-2.628717595326829 -1.4530661917873817 -1.0305865652463186 2.4391350738816713 -0.34323648860553835 -0.6971973037724464 0.8584909516467315 -1.2868075788513167 -2.0052240394849514 -1.2217173309417477 1
-3.5759518300485995 -1.5373960820248418 -3.6777805852797365 -0.24000678452761226 0.9259292530551751 3.6172977304622407 -2.596379458906859 2.730054588398871 -0.866554312560992 3.8418510119370888 1
-0.7416659262841216 1.7087001991916888 -1.6791456565506815 -0.44440110110800457 0.030831019102165236 -1.1509087381972254 -2.740230922731536 0.1998651526938362 3.7488845557728605 0.6835593678394731 0
1.9481135803787741 1.7872084180213696 -1.4369826567539228 -0.8536093317969006 -2.205737148648045 1.461114479188405 0.06587573871923214 -3.2742588683311267 4.060791844737114 0.4055434313548637 0
0.774687740424389 2.9506169121911325 0.3829133562418643 -1.6687279296123516 -0.5361706477913293 -0.7252405906145818 0.7693783283247972 -4.900704555907161 3.384372856371844 1.9659131483751613 1
-2.3823460494087443 -0.09665716034882488 -1.371827255441116 -0.5583853357105051 1.0257890184520884 -0.9385570360477351 -4.064705899126016 -0.20750104584461526 0.5318082139704512 2.0102654215214875 0
-1.5242326601811782 2.6907283776341306 3.3287525572427814 1.2177158386636222 -1.318965651334091 3.7554307821648094 -1.0785606631650888 -0.42453780432655797 -1.647027673659597 2.945619819821846 0
-1.268013877015103 0.15609422392644956 -2.4324224169622615 -0.5621474677759098 0.4468607248772313 1.7895244206273975 -3.1775055038535363 1.680164112910385 2.6911878281091237 3.8747680535877156 1
-1.45859897570437 0.5542877417581071 0.8468104624344415 1.041297672620807 -0.3251978532509854 0.6099229910993607 0.5967187982430538 -3.1550698601999656 -1.5572527125334137 -0.872261551751731 1
-0.266465998481039 3.9133240891295804 2.265438267864341 1.1157065546637273 1.2584145151292692 1.8931177476610088 -4.92249851622508 0.49216413930255953 -3.2966487868220415 -0.4542063723308176 0
-1.5711236620894202 3.5057678796204277 0.3914124103518616 2.8919391523279394 -0.5738576839459195 -3.3699320151138634 1.0104364403804382 -0.918258081089966 2.1574960082292773 2.096879334620143 1
-3.3409982666447577 -0.9089531236724286 -0.8188921002006966 2.0499294292859105 0.8500984972081467 0.3531045749825672 4.097516211548835 -1.3375649659629771 -0.030403014404952966 -0.8824551072846033 1
-4.315537139854893 -1.9214151097213823 0.25713652797101416 -0.6305963379358155 0.5266503775566997 1.205122993717164 3.4996428142875566 -1.5778905410196293 -1.213594814086793 -4.250924144197515 1
3.1676861166946733 0.20758762784151874 1.6458590041177859 4.406911764053618 2.1386345788979133 0.7498657578890611 -1.0319494018465756 -0.6926082808876792 -4.933642867032754 -0.38174465448856365 1
-2.9493972382067764 1.9105417761745165 0.28830975254693825 -1.1883212789462485 1.9605425584246825 1.7766635325262565 -0.42150718770499096 -1.953384839080206 2.595709628729493 1.7091723091884186 0
0.8607605308185926 -2.1423636972483613 0.4096517955812873 -2.698151891951748 -0.43238264938105186 0.8561428627617359 -1.9578191195743009 -0.08193338721866228 -1.1327029064209149 0.6929681247133035 0
1.186491841286593 -3.163962503684484 2.332787861693806 -0.34893990352199233 3.2657852797779343 -0.1733389362603175 -0.7400956364684477 0.571720131948444 -1.764041284393725 0.23493197520768205 0
-1.1150193396204258 0.5979205947726356 -0.47843362283274415 1.7897887181302896 0.8694432035960156 0.5854851798988672 -3.9086022392897917 0.5392837473430283 -2.727558392284866 -1.0830159417943275 1
1.1713531560209738 -1.8517516049401341 0.3027390079424438 -0.9986285189782907 4.099329836639569 3.366002970021591 -1.8302243873578707 0.11799771725753483 1.0184834617736405 -2.344981942135848 0
-2.106647357033923 -3.5121010268104182 2.330696078630208 -4.210320262785911 2.116440273887166 0.4940153566776566 0.5173816889303073 -1.6742563998247475 -2.580034399966052 0.38201568081484416 0
0.7381318974801239 2.8780663537040048 2.2307898869912313 0.17270128566820464 1.7596703166705132 3.161288201887958 -2.491220806551664 -0.24086728557603876 -0.9443156888527997 1.8840185955587883 0
-2.4155329286128113 0.714841948650436 -0.39010577609966635 -3.3408576210263203 0.38747494501057345 2.183913928992083 0.352432589389037 -1.310148547838728 -1.6381249293505329 -1.6439369382261733 1
-2.489264867835237 1.0670676064393134 0.1349394635398733 -0.1945724842256239 0.9786316372660603 0.9242425261486747 -0.25618674252637474 -1.9532255719896363 -1.166934562025963 -0.15422223976794558 0
-6.051422624472476 0.000834874224066029 -0.8769502983458373 -0.8415380606242495 2.2541451053680235 1.480098858509172 -0.023723654349800172 2.235652834312414 -0.9215743594322416 1.9250197367156627 1
-1.1580624825970707 2.4604331578342333 1.7557932431372347 -3.393415102858627 2.2540129593063964 1.9749375036206946 0.4094510171372696 -3.9561122686954944 3.4782478363822946 0.43209778102575247 0
-0.8744304938219667 0.8331354239482687 -1.360058838100532 -0.2693475651840931 1.6831817460942686 -0.5093713485262912 -1.7472231077303522 -1.970612703233791 1.0862839049977344 -2.4549059724460585 1
-1.666047945167818 -0.11746130479957873 -0.7115755390829768 -1.6316634769397576 1.0942996998106915 0.4311698558611434 -3.104505776685224 -1.2571553678775171 -1.4258909956291488 -0.6928814850365046 0
-0.8588725521884012 -1.5277789425257526 1.71629674042105 0.14688494291519616 1.0588812106444527 -1.1973688190679521 1.8874633965307877 -1.4361293654978662 -2.3424531139698757 1.4259546294194956 0
3.085911741178286 5.116063617759118 4.8198621642239186 -0.4677109934121504 3.4059834388542862 2.7844892151264506 0.7637680555162855 0.17745885083175406 -0.5342056081358126 -0.007267098178958875 1
-0.8364952046340335 -0.26848851086553016 1.8085848342325113 -1.909524566770806 0.7864470750360332 -1.8852330002027493 0.09390557718978698 -0.41563457103230494 -1.863448480219935 0.538733846404676 0
-1.2953154085528837 -2.201746553083801 3.670058793227945 -0.26652161496027915 -0.22284463964943568 -0.41144234867635876 -1.9995056337545234 0.05775640382153879 -3.7344058021934297 3.1043927026116056 0
-3.6267666752921413 3.3621681150830742 -2.1312770681638704 0.1377862176117297 1.00091104427224 1.304024508295672 -2.248086379489466 0.18458466811635432 3.2890762334025725 1.4610818210777359 0
2.4207997163952752 2.3976085822612463 5.426340894472022 -0.7023840936681416 2.8274130986084147 3.549800004606575 -0.3237384430561041 -1.5662787052643439 -4.1034669555540955 -4.258824921068907 1
2.1086793528179073 -2.4218871856781927 0.17667933483387532 -1.9619064553116776 -1.8975056195444187 -1.1507272870656258 0.1746504638743578 1.1218775395635978 4.244065289256378 4.936635089754009 0
2.392790019337671 2.099606918466917 2.419726824443937 4.090762045841698 2.481742022575345 -1.147212570314696 -1.0076743544854874 1.9398626412522857 -3.37636080978533 -0.0853844831823185 1
-0.048280365382709856 3.4871037685510085 4.241185414819476 3.1491422431456075 1.4273818842840202 -1.351419219243219 4.664516881404868 0.3437976296789482 -0.010318210104096504 -2.1413587698250622 1
-0.2054032813837895 -0.4365344522204664 2.575265898944144 -3.744412910572107 1.796883965059902 3.8598806222814295 1.1001758753557915 -0.8561120543104883 -1.6518032751468115 -4.061209400755985 1
-2.205819105656366 2.421999856936063 0.09541441830698005 -1.706567378890989 0.11037690638327824 -0.20624000639004425 1.1195289111770337 -1.4055828843845715 -0.19921705008724788 -0.9378675007001567 0
-3.731420374143546 0.5862063489117506 -0.5139422380535664 -0.24803047323538507 1.0938603677442265 0.6255986973839368 -0.4321133504633674 0.41609108837497333 0.42084375181807 0.5221664904030532 1
1.8101225123505134 -0.1096755962153384 2.8460551163068377 0.9528016195726801 4.421059954250866 4.587899121060512 -0.22400105543104676 1.0142710468070222 -5.532869968649211 -3.919765285511018 1
-2.2612920379112236 -0.23017609020177132 0.1049624556850266 2.305090763989061 -0.36988611238082947 -1.333620889560918 3.3830941899727134 -1.5216571779504746 -0.1639043467704443 -0.575397044770346 1
-0.36843791064259546 -0.28345584398026924 -1.1332122429690394 -2.05788775970417 -1.6332334167048361 0.6840172328975702 0.5892577845636697 -1.6661307891773216 2.6467956606853 1.635327137718509 0
-0.6515641116040378 1.9121450955080912 1.2889189811778428 -1.7302792761646848 2.569424770179425 0.3727501506545511 -1.1529596555625095 -2.1752723586745217 -0.07612083908107037 -0.49344637156209137 0
1.9220496137827894 1.502590350997874 -0.5415439639999042 0.8250342948423166 3.0847640164497543 2.5630383531552896 -2.2226259132965867 -2.979131907180663 3.0398305063518745 1.3740355226215484 1
-2.6857262448984143 2.755103533245691 1.2864883451412852 0.6857919213531183 -0.008491271942246303 3.8025241938001875 0.4367167206930256 2.146987057300852 0.8845033762941105 1.881359297112878 0
-0.10042929817778445 4.38904782121462 3.4266648051289446 1.5245512894345876 1.255939097592741 2.5909959511815037 -0.21876098444402903 -2.4573234110051776 0.8813887413655905 0.5840871382857384 0
1.84707251944261 -0.6099486729469159 3.4275920906603137 -4.562406163434204 -0.22356695637421442 2.9084277161786134 2.6491847702674636 -1.7650325699857592 -0.5442686776042789 -2.013763738474835 0
-0.2431803342702421 3.289047193832638 1.2328020392586292 -2.383220001670073 0.040265734520545604 3.47157534743973 1.6781411675580724 -1.0711052435380275 3.4486661353920574 -0.7152297869038602 0
-2.426892222654371 1.1632304455193898 2.4753000874848796 1.2867441611269035 6.999962671219866 -0.7706945380359242 -0.3065141627319936 0.2662140256223824 1.596224197428588 -0.5008835448224527 1
-1.06507832816082 2.9667461497107896 2.361166646357405 -1.1974247662453457 0.9891376263429962 -0.9916062730441153 0.23805211876440613 -0.48261081082043167 0.33187632901389574 -0.8210655059834662 1
-0.7313729233756174 -0.7842809240017306 -2.891647762367898 1.0950919957284388 0.3438650605868263 2.127886157804859 -1.5426972191433443 -0.7865663889445977 0.4760081250695425 2.724535027885675 1
-2.9610653731027385 0.6046746278121437 1.3839570652811526 -2.769437590199121 -1.546156189062748 -0.34789125196000525 0.9159922916680415 -0.9221774328598465 0.8025871930438433 -5.321384182393657 1
-2.0491786581585734 1.7822100775296588 -3.4329051557512766 -1.6312061756116583 2.2772457075110832 0.759688433251399 1.840797284486773 -1.3380962590462686 1.267803616216065 -3.6575114475808723 0
-1.0338130941993369 1.2640172780028003 -1.2825034400004667 -1.488286258464904 3.3350213599993843 1.1121150020854378 -0.8103657916507241 -2.476928117428052 0.6027780921985768 0.6486749591004095 1
-3.4360408366134427 0.5358014281663089 -0.7280230697475876 -1.1456499673675555 -0.5764693217536121 0.8564787323607294 -1.071367084825254 -2.1961034948067826 -0.0597712136930697 1.4568195788156884 1
-3.645527971113827 -1.3675766817805637 -3.099340730811231 -1.765166377781283 0.43255593337397036 3.6534505767951813 -1.84721168236906 1.981416722578036 -1.3317895602504852 3.351004257599194 1
-1.4422671552036934 0.8770130435282566 0.001813391941989817 2.011210595482785 1.2809239975418534 2.286109971833128 0.2532508165267655 -0.3497531958722393 -0.7968088495555645 -1.1671711683233439 1
-1.6762409843554966 1.163618163438646 2.907456137090563 0.40728524924807985 -1.338644568354403 2.9810067503815416 0.7975288075503062 -0.8947580685229883 -1.1646999680034964 2.5754633868792975 0
-4.979398708692914 -0.5503568611957705 -2.5410220209258725 -2.300460278019846 -1.2058674491072199 1.008692463785153 -2.5691128078653316 -1.8170270976565694 -0.2718919661890018 1.6660313186341764 1
3.517677323586738 3.4236564575723887 0.0003012560239263884 0.31245418609926023 3.9757564833445724 0.7153689280452401 -0.7971084000299954 -0.7765345391546179 2.8477424612002413 -0.10666256133589558 1
0.20183557606831926 2.241368376285404 -1.2740372522191905 1.4674774657137046 1.2789207416047539 2.9788221697782915 -3.5551079388356612 -2.217493804211068 1.5519724461974707 -0.5704918962196466 1
-0.29221293561247674 4.2774343329631765 3.7688454083687613 4.699245737650591 -0.5060761271683072 -3.0194598620797626 6.273105306545508 0.07362400907344568 2.319958132303232 -1.0396076892823285 1
-1.8459782354039032 3.027452411834677 -2.1758745454372725 -3.508822429188168 -2.231716167207543 -0.11821581079018961 0.34236672397487866 -1.125366529298899 3.988595661830178 2.863066883549641 1
-2.0217357042328334 2.2876988633413493 4.0649146804337555 0.21964042580001575 1.3434961824588443 3.374419128655312 2.5417130185036645 0.50550150564514 1.9370476619952792 2.5469676198709674 0
-2.2843640475211675 1.773762145444726 -2.645050843291248 -1.2221650730206637 0.27154123533568564 3.1827448833962118 -1.2374454434804947 0.7730577651703112 0.006553095046479385 1.0216427493360254 1
-4.367322433354941 3.9730596355268086 1.7580280288182826 -1.4405087552668145 -2.0395066649702285 0.43411154603949387 0.5596829108536618 -3.1479503121756744 -0.9386930775149026 0.5206340261137121 0
-2.3182525764475157 1.4773126117160098 -0.6941581370228578 -2.4470687389711747 -0.054913480420322625 1.5486199709832682 0.8324866148318608 -1.8516520918844197 0.8555024037193839 -0.25785691541563693 0
0.1865473397154016 -0.0594435835243079 -2.614893248927432 -0.7891781262325268 1.5075636312514518 3.145027319738068 -0.6225732377795875 -0.8628504494803292 -0.6198421775890621 1.3202171082251073 1
2.0809506284246106 2.8190577880521923 -0.3871122676348002 1.6326928830883953 2.533630852103023 0.756886387796237 -3.058918592328686 0.7835985208218539 -3.8172260166728114 1.7645184110578422 0
-2.670080956330942 2.338770763320367 1.3094291823277888 -0.43771574890213083 1.7630512615434148 0.889367086377379 -1.5645744885407293 0.04111964994207362 3.3409003677500873 4.103111404232758 0
-3.8809317006351773 -2.1810883683316695 -1.0059732527913585 -0.3187581863340181 -1.4341324120924597 0.29563131711783175 3.1368543549377668 -1.381641132501613 0.9048595749827146 -1.6574126780570468 1
-3.588576142809105 0.7530419727046177 5.745791244249517 -1.0564757916556053 -1.5495486576823603 1.1112601644159348 0.6571623900877361 -1.85357609249912 -0.6230042591589009 -1.7381999303714069 0
-2.871338712556026 0.45504131818290716 -0.3685652353446425 2.253332152600951 2.651330393688817 1.7187426993384498 -0.1699470377387713 -1.351250703450548 -3.0707591161684484 0.7258505586503694 1
-4.904171531709167 3.775788420837595 -2.7568461557937023 -1.5293343577243717 -2.6151496643820664 0.29125007795012436 3.360963722156784 0.024805121497625926 -1.1598158604454873 -2.3365377876452853 0
-2.406357695445488 1.8095485805281077 2.2042229906840185 -0.38799003832284873 0.5632476014151377 -0.15632766613377824 -2.4653457499471694 -1.1134587915481353 -1.14907791348424 1.73949490466994 0
0.6273154126938982 0.8803180883390016 3.8383761904039653 0.14431743113947215 0.11547066986504706 3.1381063954312873 -2.314683534840749 0.43701287315065684 -1.5293585838650683 3.4739767580597762 0
0.2815011892293626 1.3834207132126672 2.2504470245861867 -3.2036557928449176 1.1702932139342999 0.0007099582590923692 1.089344545275711 -2.595091334000321 1.56397247923549 1.1629680234037627 0
0.7869637311136173 -0.32691587970120994 -0.45142992265450044 0.7768950554878955 2.0700401050372084 1.0107595103756324 -3.6653542853075853 0.7512573762828756 -3.3601118124301728 2.498519337869845 0
-1.9349949583697845 4.172388655973143 3.7022484131801225 1.94736524546187 0.13730276770445615 -0.52105340419962 3.5342937922647018 -0.21992680483490823 1.7287472337382073 -3.09412917138213 1
1.5623499445929072 -0.654224166744783 3.8361864783913546 -0.4720239448160215 2.5157672646586517 1.7102107856579645 -2.3668449726622898 -1.7635902771719478 -1.101277945830876 3.891899725463918 0
0.863420749696368 2.425857792685266 2.9754885618409697 2.1266995391075763 -0.2604738334354548 1.0999759158208462 -0.6912127212682009 -1.9163384941697745 -0.30897019817905824 1.0251678414797571 0
2.7626339607175403 1.015697100562588 0.9950672028696144 4.226997831862985 3.6374452814385227 4.655492910672498 0.058052700453785744 -1.0746343780345988 -4.0255409379549345 2.4505343469129612 1
-3.0606968039699143 -2.6148232714374644 -1.9415032938828833 4.732942223566164 0.6359416289442641 -0.7599484376457506 3.351663041913797 -3.089398071820992 -3.4241143271941246 2.631946159135257 1
1.677189497064553 2.4880956513706325 3.4899936727757597 1.0923418359844006 1.4412809856718445 0.8742872118155817 -0.20393109387590846 0.3691221737332604 -1.800447185219665 -2.7847055751280756 1
-5.018689403033267 -1.5820431037712552 -1.0852794432203368 -1.5322021790713527 -1.5342086655036868 -2.3835719267159883 2.3729499167418764 -0.9700585945511861 0.8066241703736436 -2.4700835475038803 1
-3.6566941311970553 -0.7490582750154295 -1.638388716383583 -0.2786433277250201 2.4276729157626944 3.099814885719983 -3.2428285714756546 1.4513708970803587 -1.1696178163647724 1.8617516681383655 1
-3.8759492868876393 4.98894564519698 -0.735169822767465 -5.812008286743622 0.7366984995264092 -2.275029968055027 0.34462258661284806 -3.786229325550855 1.7661057216636182 -0.7907241184790215 0
-0.7986400997968959 3.868210476657841 0.881141483857485 0.06146475801191542 1.3542677195006831 -0.3709779413831342 -2.088933829674203 -1.02566730615473 -3.0165324364340096 0.762960875617292 0
-0.6353946483821635 2.817454386464367 -0.21276155418572928 3.7260051761558564 -0.9291521895101107 -1.7960730215869751 1.2045953164158956 -0.9836267161996293 2.091135822297966 3.012925864226289 1
-0.33746956828490227 0.8258248336490168 -1.3761457881879675 -2.026317252660153 -0.4930934583088695 1.8628518030768972 -0.8276446167798873 1.9367801799565885 4.266736762700663 2.470103005764666 0
-0.8840401029641947 1.0841315371261155 -0.4561695229363969 0.12372874136359768 2.318980431487354 2.7094852340990183 -1.51172074310149 -0.9910492630646676 -0.6363855779198899 -0.3024329448623453 0
2.232644779421934 0.877813768395677 2.5774320924154326 0.4773175751322174 1.8800009889766147 1.8970232648548122 -2.3457780282348737 1.0076740902983796 -3.7279685810148524 -3.917972464684413 1
-2.525455049162473 3.3910159089970624 2.7239655126359925 -0.9223848705674457 -1.0580778940019813 -0.8281560470243652 -0.8714259227639795 0.5694572619382858 -2.9553734760426593 -3.111806702320777 0
-1.6461084310100789 -0.5051995796698185 -0.8478287027815985 3.81826776049977 1.3381402859795308 0.08953026514620865 2.8691948748172367 0.6691445494368375 -0.539158680536501 1.1978102435751965 1
0.3014884355940528 0.8108458522016398 0.7649808454122362 4.753700987587264 2.485077954054214 2.4651682284267116 2.056756646980939 -1.5605942447931445 -2.9968417589889405 1.1484713086976344 1
0.5978936362369289 3.2510493887174685 -0.08581330268745402 -0.5309216721937893 2.5219985825787705 1.3757677887859656 -0.7002738365696196 -0.849289949490574 1.7746046603614132 1.2341522656409798 1
-2.621362014974051 -3.092573767463092 -1.796725523107083 2.0589608322140824 1.0058839789645206 2.237136512823915 4.133158338718394 -1.6477839898124171 -1.3111131325628558 -0.9727215617496077 1
-2.2174476439031983 -1.2082068000621837 -0.8603789808673055 1.182259832077131 0.8650839941963732 2.051937138853277 -0.6519301497309353 0.4419088375743896 -1.9629917792917289 -3.3483304260783004 1
2.2032727375001504 1.5473645868860344 1.7332222346567199 -1.554113176920171 1.95776730396071 -0.027779234991869517 3.1082012552653184 -3.992822400391681 0.21992788688670672 0.7798363052418394 1
-2.052491800340797 4.085291546144278 0.0830337559231179 -2.1462963372901562 -0.7921630623949731 1.873010809178791 2.822494365774358 -2.479455070819939 1.9041412544134126 -0.09221837441344105 0
4.603406212365237 2.4362999889266526 -0.6609522716802707 1.9088978431056103 1.4175544597805674 -0.7826694790226989 -1.7034202390486581 -3.3983950755160004 3.591230031774987 -1.4566727362017868 1
-1.1653156621201899 -1.3722166478529751 -0.6802492074089577 -1.1060917157787986 0.7509613468841203 1.9201914535994558 0.10649487304084881 -0.4423878399387875 -0.7042937024065277 1.8487725545855045 0
2.4968427864392995 2.5320857163227513 1.707589401846028 1.0794084878036807 3.5218275541796973 2.983553343674564 -1.4689379174756385 -0.32947270866842115 -2.504207746539831 1.2928370502333615 1
-1.642534579858399 0.36919689951600754 1.0582770509948272 -3.6835792157043232 1.2871429475507496 2.0918427159384585 -4.3558297977756535 -1.49389148832419 0.5990758308727313 1.9766507154631705 0
-2.3725863727869174 1.726923932707215 1.3378788725858541 0.4685856850815373 3.541740697856514 -0.24275594896810815 1.0376246738580246 0.07865879394118536 -0.06619853711138579 -0.6232480519616619 1
-5.335826834439636 2.146925918201055 2.2073880282364393 1.9851225790494125 -0.203247403676182 -2.4043942480156897 -1.0847566513072284 2.6457661676018236 2.1091713795549722 0.960242753174243 1
0.14546496453633417 1.2047170833098164 -2.0939060272499503 -1.5510389336223864 0.9765460551086826 2.6779730152323586 -1.4546634086145314 -1.9703165193630399 0.878534175899071 1.9748244861523103 1
-2.32425599567172 0.45892580552737683 0.38631638212523056 -1.1826295004652922 1.5364485340971998 2.91531855814005 -4.748352070522451 -1.1696175755564022 -0.8957794548923672 1.5170795390776401 0
-4.744704936610344 1.2692444159020966 -0.3057898986176629 0.1940791913701876 2.6181880568407676 2.3859209805639736 -0.07460950250306952 0.6004780050979119 -0.2699460951522952 0.9428374514832106 1
-3.6917664751300463 -0.8216628053530568 -0.4545783377332946 -1.9227156510092867 0.44838927417835117 0.6759501737367419 -1.4650419083853303 -1.866841599849743 -2.303903589875867 -2.7261045248734206 1
-2.717339502210121 0.4729829053126843 1.5725857484415198 1.2396653043200212 0.9302588159535276 -0.005685894604873898 -2.1036267443125847 -1.4564409084667254 -2.3454693541665614 1.0268093094299247 0
-2.420175172468879 0.8724486450462813 0.4796752355446896 -2.2462436547623366 2.390157388104087 0.31051154228187494 0.9788962740979801 -4.522156694185144 0.9301539635817166 -0.9086524646992817 1
0.6390031154147708 2.7974007928460303 3.395652360766252 -1.4269700942051258 2.933600169260298 6.030044825505285 -4.391726075140438 -1.0183733557844676 1.9594466124539767 0.39823260286746986 0
0.0251479617233743 -2.233442969489475 0.29052725087951325 -1.2491735094485836 -0.037943343989710554 1.4884110137177942 -0.23397354595393227 1.4758330249494098 0.040547802003132016 1.6424401438974654 0
0.5239308931054474 2.5574081433636895 2.486859759629351 0.3989480984882705 0.03828178187318876 1.368154449812561 1.1124038807081547 -1.9949460767699716 0.13126758983303977 -0.9784638171510334 1
-2.7840304483098115 1.6660984954982596 1.3629845743141753 0.8223217201792177 0.7961584333359977 0.8755422332057323 4.595323104251543 -2.879741655796238 1.0041055990668832 0.04919048798713721 1
-0.791779752592899 0.8885442613999368 0.7046932368477712 -2.7546357255591176 1.9900711840327783 0.9916465104751134 -1.1879845221467586 -1.156582480755904 1.8635667511598633 0.5329889618337966 0
-1.9821478213056416 2.604374219012282 -1.9328486046081341 0.8871172871885638 1.7169499772072951 -0.534455666215788 -4.519346524465961 -4.95444462546695 1.095599832101934 0.06533200577721421 0
1.0643782014501868 2.9858902899202597 1.255102921045596 3.004014104342114 0.4651108212534074 -0.7046806478112804 2.3020685250431554 -1.4656341540516262 0.7401822220449272 2.7011332666670222 1
-1.2096616522454418 -1.5332073687303236 0.4252659090948816 -0.09237203277523431 2.0979179650568245 0.04209522905769392 -0.9452980195879275 0.08355577807660297 0.9699349897310137 2.335596651450615 0
-3.2544660388604254 2.7499510285666506 3.828526092746075 1.0426739846918727 2.8737821308406746 1.0978158696081723 -0.9154222495072786 -1.3884415270524495 -1.5445093483512577 0.7626368193465292 0
-1.1063547050023639 -1.1908708358827447 -1.5791692697103579 -0.04862920716759245 4.180782355178529 -2.949515792479484 -4.518629039555807 -2.839752516191456 2.43187465499198 0.9897584350382241 0
-3.1064040052640416 0.9074876802149059 -0.5834411568905538 -1.7206179564672963 1.814537872703936 -0.9781552207799056 -1.277163469480698 -2.5172309410858134 2.924318534033473 3.0371355615399165 1
1.4011959185288791 2.31162957640868 0.1913270736329844 -0.6351539287181203 1.219244439783456 -0.6864247270262671 -1.6446599014026413 -2.038908332710275 5.527520498961208 3.619985446367253 1
-1.4028828070266688 4.269618311116471 2.55313321360091 -2.8053957906542024 1.7967799495569763 2.107551837371539 -4.2050467852869495 -3.549925311073561 0.8506910853341922 0.569118005230355 0
-3.62792567526338 2.0601320192718435 4.089724632460325 -1.8412450619879404 2.425559488728621 -2.87268771681792 3.5478117546677597 -0.2399866796336656 0.8967460729096577 -0.6947460968271484 1
0.819516535598644 -0.318114930473012 -0.9073244473270516 3.192749027551559 1.7527862002026455 3.781827080925715 2.3701463514568037 -0.944416348228449 -0.4723855207548968 1.9088651211778958 1
-1.9989435832005293 -0.029053409348358983 -1.9569020298326985 3.7870173365669455 -1.2528159297264065 -1.9763844222828348 3.4840906026730516 -1.3908072383806205 2.209962770446201 4.097845453483333 1
1.4173808764675901 5.403225872848464 2.960801222887289 -0.49796858272837596 0.449275679335301 1.129515414626248 -0.7864928186765172 -2.682776097303475 0.7906361237151092 1.5804362547989164 1
-0.2198454435392031 4.91049565388608 3.3256181021666027 -3.3353634228538755 -0.9289611591789433 3.8560495501340717 2.3639888153052664 -4.002152396591532 0.7358426836746201 -2.9230076424722222 0
-1.4637875665056828 0.239577474745285 -1.367988232855056 -2.2131664809585674 2.2905234947295483 -0.6803681294626436 -2.4207062022956474 -2.0058426203580826 1.4942952814623884 -1.0161518769303481 0
-3.3862439528839356 -1.6922805602678705 -2.894742926438692 -4.692876716757478 1.6189614237595236 0.027326917620752456 -1.7358295218893927 -1.8826398524378298 1.1238162144959212 0.8744518779354603 0
-1.6035483381395488 1.1952336992142427 1.9771939691521458 -2.734029233313205 3.3191891360746117 -1.6619900668800223 2.1267682539205364 -1.5679309161027541 1.806768941559171 1.4879643950506574 1
1.3051900173660815 1.3254012773542512 2.1221342108427863 3.121881179429743 1.5093637629171641 4.52724417141153 -0.28239656275129155 0.2937987482214448 -1.5338007050971219 1.3863177956915944 0
1.302554321273163 0.0575220977011649 -2.3003004811904573 -0.6716095639010995 3.06724588729113 1.4877510972763246 -2.5849146657156314 -2.016054988799735 2.6923457882548183 2.137774136403089 1
-1.1126410985474928 -0.055706409834828996 -1.3206576214329142 3.723546933063478 2.013952255289814 1.824965866718426 -0.5948010758841236 0.27877080910718743 -2.1884742756500626 0.18505621977310271 1
-1.4647824989330516 1.1697949537509937 -1.8344469618389192 -3.6052077655602606 -0.3588843570356597 1.580358433669859 -0.35780933589373276 -0.7581371066719813 1.738565066429949 2.983012797755034 1
1.0068795408497389 0.6396079392146743 2.533211661807858 -0.5745245280135746 3.047559728865451 -1.8908303783016804 3.6494736011102447 -1.0844222671532484 -0.785635651550264 -0.4444694537596694 1
-1.4005617460235735 1.1114537328513934 0.5601426381831824 -0.8878631852088117 0.5115576726311016 1.9950646897480788 -1.436423911478781 -1.1133896031002077 -0.429855600810076 1.7382011370886357 0
2.905620536151691 3.5270853304129504 3.2070844904501885 3.6570211739737624 4.466318117326804 4.216723149068517 2.532914842116491 -0.12981399972851204 -2.006862005997138 1.4174674802005005 1
2.257940797108022 -0.29992060061039805 -1.3298669189983867 1.5780332806866366 4.543141672652688 1.7417641346397568 -3.0188661540044 1.3874856816457042 -2.2317682980456817 -0.11415803510248934 0
1.486873917479251 1.9024002006714475 2.611658105285784 0.02236952992089347 -1.3833713934051763 0.926835400892588 1.4109413793172672 -1.3750752622431555 1.7109736043968442 0.6601270363407726 0
-3.201879988278395 0.6287216086100733 -3.5420414169853935 -0.822027044696847 -4.082351416096082 -0.9507333142318679 -1.4774338246245593 -1.0606089607499904 0.1588738208064001 -0.5728968006952582 1
-0.16281848323984005 -1.6965855228846052 2.151551051620065 -1.7215617215204744 0.850262008525132 1.3152319656448705 0.36045692575804367 0.753869410540114 -0.8316081691735335 1.1031068639055934 0
-2.331282557969547 -1.4719697670354686 1.9080579574986405 1.3506687551809513 1.389409037196315 0.20380299940859403 1.0422130125956253 2.1342128056984415 -0.5442588354761275 1.2759173250559595 0
-0.9291878494152679 -2.150242806732882 0.9460834836757597 -2.709970190876302 0.3691023593616647 1.839581427048465 1.3285550839052584 -2.04047904594339 -1.4698723342199234 -0.359142851622394 0
-0.4894042079949297 0.6899829475400875 -0.014008171692871718 -0.9998182047687725 1.868704375655413 -1.2530781233106372 -2.111622326107395 0.33906370805397046 -2.491546186040334 -0.7484974164930089 0
-1.2689809699823458 1.2041205310080672 1.438311187103848 -1.20442681428128 0.3407928002751003 -0.25961558301607846 0.1045746490590993 -2.7530735221327767 -0.6659249423429364 1.9398191323037715 0
1.9148210924531752 4.758630021560617 1.8510441185464468 1.3912599181375849 1.9810746854058872 2.104688629699823 1.3701979536015465 -0.670872186290913 1.557371161390427 4.181219948583581 1
2.185463282067708 4.010080555636593 4.131560171984858 0.20159341866212332 1.793752303431853 1.2864695926810588 0.2701902066896351 0.15384577215915018 -0.7367094305428422 -1.593269878583234 1
-2.0239674704811232 1.582357885958887 1.1828690179400814 -0.4424995157028797 1.1907532814309787 2.0952563577285352 0.04225514602830427 0.5119749711484294 -0.49324016928823944 -3.638178530909138 1
-3.5856452991629 0.1894777811733872 3.1836695265962214 -1.5129560923297873 2.8727135294122093 2.6235656280228445 0.816952241668927 0.804121874431412 -1.0999163453587042 0.6465280290523983 0
-2.7510393358733003 -1.0848383841473481 1.0141974924724941 -2.4968192863478587 2.7853691230181115 -0.744240638016382 0.873923746146513 0.8829834683989759 -0.640468321170024 0.6202303370652373 1
-0.7809424714603447 1.3336944516923706 0.35936344024132794 -1.655752963948959 2.30562612236874 2.8964609209750973 -3.581993438402805 -0.8582501300182948 -0.15463427202669833 1.342801316488124 0
-1.715611576880025 1.627038299382678 1.0441069327337449 -4.5224179162140095 1.372052989326606 3.1958435971533783 -1.634370608000201 -2.165725055926005 1.411241061294767 2.1437209597005698 0
-2.67224233397413 1.5628878292471289 -2.6429432117976766 -0.9780420933306989 1.80667849489175 0.6075371816380863 -1.4025389054167376 0.10559863154872806 -1.4198335874236336 -1.8125953399851928 0
0.7386263213297841 0.7089398464628167 -0.9508837924770416 -2.7393315457485006 -1.4234898311146402 -1.9070263074498626 -0.4896556892658509 -2.010433443240936 -0.2260451067836704 -1.0787958189500677 1
1.9784068273277216 1.8533685108163764 0.6793867790721468 -3.51605922470841 0.44058895907062334 -0.8294616158322561 0.7964269206023249 -2.121721874890465 2.144950151441627 0.9336996021988454 1
3.6900900337419067 0.9094210512684929 -0.32879789248802493 0.2642363758633377 5.992356748505367 3.7926591573461317 0.9590136339271516 -4.288174744898502 -0.3727698254321279 0.26075666109021856 1
3.000224834323996 -0.06685677990163641 0.5742513133829564 -3.264446776692054 -2.8843093588043107 1.2798217887787406 0.3576174653796227 -5.3822386151461465 0.3773289665673284 -0.43139777115771527 0
-0.006880502487008222 1.1933287286311254 3.2690571180420256 -2.1807665159460723 0.2039448261297503 1.0048829769528398 -0.3110352368046708 -2.3378110822367626 0.019844283158663156 1.4289776320976246 0
-1.4021215786250356 3.8114483908742005 2.540212711054824 -2.6235350048358086 -0.28664494385647443 5.516992474603341 2.6928348293942905 -2.637725167030304 0.11043014035776066 -1.5490353535590131 0
-3.114437118386077 -2.8507321425274617 -1.7650877404472558 -1.2012591898431475 2.0493625717424226 1.237784272190975 -1.2753746735280624 1.6245685011525879 -2.0867960510470893 1.5272913162314947 1
-0.6967979071358198 0.33240697263343855 -0.6862936552301486 0.5975962788147677 2.07965855005998 0.763121382453138 -2.8340226934724537 -0.022290150905908135 -0.6378371301777646 -0.20389818892745737 1
-0.011783189268839922 3.2614956557158887 -0.6784024569632141 5.430450987888281 -0.31800914835407745 -1.9981813618014033 2.2131974592360075 -0.9865506930734224 2.3004228227051895 5.748586627166893 1
-3.6767822830825567 1.2071692679724901 4.792542775704647 -3.477942264567225 -2.9097560601121177 0.4860103972728571 0.03857195983013395 -2.566160100618543 -0.09326871315846474 4.053985332000824 0
-0.20628640275969934 1.226907582515861 0.5589001804235425 -1.482064150639903 0.485248576834706 2.532508833803856 -4.591250834628829 -1.564654993268078 -1.2980401375548039 6.967092303830194 0
-3.7159999498045493 -1.1529428338358918 -3.7737114116475303 -1.438003350043243 -2.689567184947387 2.211339857015858 -3.1563713673345175 1.4993911307576466 -0.2086124749733025 1.7773785371079953 1
-2.305872034397443 2.081834855139417 1.2310702714853285 -2.6156175913625903 -0.2604837932206392 0.24819527487772608 0.26425679909714894 -2.6567519603558614 -0.20913263846643293 2.7459200405277424 0
-0.703012171909981 0.08646581390608832 1.745494880769154 0.15794890744574008 2.297476881833552 1.228288424538391 0.5300589760899055 -1.65478361775203 -3.665414592572968 -1.3034506896450386 1
-0.8289642035983388 -0.3146915255483538 -0.2502052451642576 -3.6307906524514992 2.1864827929365815 0.8526192439542574 -0.5610831799400537 -1.6382343939280273 1.5333470616434863 7.59143385500316e-05 0
-2.781408998490213 -3.8390633615044285 0.07026441797136018 -4.423619600217747 1.5179962187088398 1.6977972638117806 1.9099069432681661 2.0435826237134775 1.8844011585598368 2.4169309883687022 0
-3.193937600060098 1.0233525320645434 2.348689536831692 -1.8546034759729833 -0.4757801938837454 2.164657736634939 0.3032200913369043 -2.5672330299600192 0.8641864722156738 1.7122888867690427 0
-0.9036474696817012 1.7244459292600962 1.4868988915821348 3.4990163016497293 -2.0139929361653626 -1.8351421453135455 6.807404541693888 -0.8889135161059206 3.865295941775037 -0.7029538337876804 1
-0.4835995986867204 1.2591751915865448 1.3688587000164585 0.12927543254054608 0.8355417146336493 0.5107616691723615 -2.008064834630814 0.5734088486029569 -2.4702681111258453 1.063373158719332 0
-1.086353067009909 0.11362689278261162 -3.0975857730336567 0.5125124752413897 -1.2548403505910692 -1.2079140779106408 -3.925745834268615 -1.9273700503350288 0.9026001557423752 -0.5686224048162416 1
-3.089346774570833 2.421496210887782 -0.7516031537690282 -3.673480867527099 3.034769079557664 -0.04234868108744605 0.6859678209785982 -5.75688838173898 2.779996676638473 -1.5280597441470518 0
1.3977060639021244 1.645208756155462 -3.421438001122784 -2.7068165349690254 0.627607191952221 2.5204640681242694 -2.565789512736215 -3.7059244137986607 2.5820892774833712 2.1032954597405107 1
0.04537488712907045 -2.3250450891896057 -3.6075135885336196 -4.272335132036003 -2.8230509086867928 2.9204517051826704 -1.100348375015805 -0.8249807692952524 3.222437205894987 7.653205623005958 1
-3.771427973443961 -0.9743394749474772 -1.5794904042385065 -0.39638960071094775 3.8027784491064973 -1.1270204086545728 -3.992786788928774 -0.0035845044628564082 0.20623465554664067 0.9214622232860723 0
2.474975374625372 1.5088510442222058 1.31497221609679 -0.8528407485127404 -2.71722410256299 1.5199099094330382 0.3315589936248651 0.40458961427053386 2.957588124299165 2.4563120967679204 0
-1.9745102164036608 2.7521043595730763 3.925082891643917 -0.5440627181455875 1.316325211076787 4.302621881914334 1.1330016527836988 -1.3353179418975545 -0.34880812171606435 1.5363117550055168 0
-0.9431837731973438 1.043363067023388 0.46367837049921523 -1.7045205825857117 2.486988267797665 0.9873887047947042 -3.335433858572806 -1.6526810055698928 -0.41621913315288306 0.1089450992201133 0
-2.263630952252273 1.8265004497274977 0.991046096712633 -2.345146165772481 1.23629835811691 0.8237665158658329 -0.1600929655953911 -2.702592098067683 0.5626732913183325 1.2174222595471593 0
-0.8556903505711198 3.917214150164497 0.29300910993194473 -1.6424297384478217 0.8464675231537181 0.12347861033254925 -2.3683448079175724 -2.362600698429862 -1.331888986937872 4.0026204173679565 0
-0.11775165758221273 1.4068508682950351 3.766033260709717 -1.8720121952811644 -0.5041860004065781 2.252334433749775 0.8815600113693898 -0.7667123072438485 -1.359949744899546 -0.27038064319915556 0
-1.200924811621881 1.743751220633782 1.4276742817065626 4.0785769050580765 -0.7564575704928247 -1.6261638475362385 5.762520246948371 -1.0634956623867509 1.9235918019813028 -0.1298722036239932 1
-1.574364426935817 -1.4901191723679665 -1.72321534611801 -4.933319853404403 0.13042379836334161 0.6785774153231927 0.12447115819336219 -0.7551718958091762 0.07299871909737632 3.0921100463375906 1
1.0155295580901584 -0.71770785978326 1.051584082757028 3.276720962586689 2.732342517157262 3.227750194691106 2.218590358013061 -1.1335010429388326 -3.3183707023463165 -1.601583716638892 1
-0.9824275508174486 -0.6984213131282322 3.4293189251363043 -3.4484024006788854 1.8468388151154933 2.443575754041711 2.448357889126996 0.8398753625974649 2.170443570392072 2.7243523802689658 0
-0.664169041844981 -0.006237329479493514 4.777343333584843 -0.8540805124333426 1.7754520397890052 2.051751866293924 1.072499206741035 -2.7209526847139527 -2.6215566730095436 0.83027052235517 0
0.9342222856458544 -1.7767808601001573 2.8160569339447696 -0.20109828078192105 4.6555042461988885 3.050876332017912 -1.6951883252899826 -2.1919253648914543 1.1303473025092101 -2.152159925800476 0
-1.2235982655261173 0.7747768880900491 -0.7292025765160233 -0.926524752985921 1.9905152797085455 1.0777771992909675 -1.7777504361184997 -0.33081070089092635 -0.9461936466950996 0.6080033573365208 0
-0.4354050685973082 0.7157556426512725 1.2467413361479431 -3.133168774361033 1.8895528538855992 3.147727564474671 0.1914043901221294 -1.1038772325372832 1.4367681795005045 0.024231371123128342 0
-1.5445428685759204 0.2613740007155494 1.3637797942865009 -3.4164174250845707 0.9968673478209114 0.1468548182849505 -0.4574093827159722 -1.709106841787995 0.7425557636350035 -0.5076471053946625 0
1.252624328044027 0.39811519024945685 -2.205029107721585 -0.1394255205625049 2.257825796314589 2.230925182151053 -0.2006663962167078 -4.979627103874169 0.5050811959467398 0.7066780523223595 1
-1.0330049843081746 0.938838152344564 -1.1723633600012024 -2.834991684496487 2.646431688505653 1.388708414399853 -0.4965142823980533 -2.4036128584270506 1.3764005868430513 0.3846943182502254 0
-1.2110518406112711 1.2165176923495866 2.0640555279610324 -1.6314818515269078 -0.1779173479203071 0.7196832261089727 -1.9008884442973943 -1.1487838968593536 -1.3284415788393498 3.144579883986774 0
-0.9427379340193488 1.92697429939474 2.383156932048643 0.11887797627855345 -1.2601742657641992 2.523523655067909 0.6320460540550137 0.8387050393132138 -1.4478937525981463 0.06275301099225716 0
1.695123919679621 1.2723062163819934 3.3011525906628814 3.4740608588697786 0.7551681953416121 2.136425356481886 0.098675872031736 1.6036085548742744 -3.926451352021953 1.8641389449075405 0
-0.561919740865068 -2.5547651492994388 -0.7887291475430456 -1.9384141412319535 3.7772211924013464 4.9550937165976965 -1.7379036531485355 -2.2822296869733885 2.895755355180646 0.6344142283333954 0
-2.117084210654802 -0.5040926580041531 -1.1817432606202893 1.5959007814669688 -2.3918837779921365 0.8346017734341562 1.7639321255481617 3.0632107878940706 -4.043115363246821 2.1195791676379545 0
0.34263439873121504 4.463668664144663 3.852655913882806 1.3863849858214312 0.34079577995325594 -2.015834736823987 3.882484614838092 0.1633442593956116 1.997643933510413 -0.10611733389185085 1
-1.4446704172170342 2.3117217100009 -0.13804384303571016 0.456323018677693 1.2830274512537758 0.8006127879780154 0.24390153087467703 0.9690791929018647 0.19399323680846825 -0.8191891436610121 1
-1.7817696045986686 3.525060954445082 1.7786296789396956 0.9308285916474472 0.48615520709104276 -1.0210131993232454 -0.25436933925035055 -1.3158327184390943 2.172774308178497 -1.9943310058829504 1
-3.865962043266761 -1.6033624584835025 -0.7775157694170596 0.028852280728582258 -0.5231713832575684 -0.8887897052437386 2.3734966468271548 -0.11809513241617564 -0.32310000414479945 -3.3707943845991046 1
-0.39404647571648277 1.816874180576199 1.283754052670531 -1.7575055250175393 0.46009801775620296 -3.4893808615115773 -1.0452698534509939 -0.8362508104856008 4.16555951241406 0.43095235805847143 1
0.732548981527475 0.8657902466005842 1.3902888220105467 -1.1272301052940024 0.4694934576714612 1.1083456224296795 -1.0149860033580986 -3.1419214339632062 0.05719446089619995 0.3501372136686035 0
-0.9197093680774019 -0.9899845304995951 -0.5711589342046244 0.2235790956867233 2.176219437335355 4.280757850479327 -2.7948925511844647 0.5310199494844052 -3.209818099360973 -3.3972438749816236 1
-0.3780720948958326 0.709786029356523 1.3291439458268877 1.055990325289303 1.2454527983707104 1.7955396214206014 -1.9066218089051619 0.8985451536847533 -2.2894468024606778 -0.6198061905930543 0
-2.599800977581248 0.03244942670618567 1.862897781953287 -1.292617196703313 4.3636489731782095 2.0628254854399244 -0.3448854702687506 0.7118634014545688 2.5509964551731974 3.2732536894191235 0
-0.4763217255382173 -2.782505690746001 -1.8030811166376628 -0.8814028604943045 4.67883538922605 1.4008597155013995 -3.576694144131886 -0.3801010436745421 -1.0264461333392898 -1.2278113617185258 0