n: 200 f: 10 f_i: 10 f_red: 0 f_rep: 0 label_cnt: 2 noise: 0.01
200
10
2
-0.9382323477254453 0.6967267293273066 2.496200508457639 0.5871978484576967 -2.5250404138951374 2.6506250943774265 -0.37502708100513915 -3.479611094176589 0.15822536391600628 -0.0037546260743348547 2
-2.425189694733085 1.638965693982081 1.4968127591696758 1.1016124850922293 -3.5727577893140836 0.24608828594063847 -2.717682823150526 -0.8984371576305219 -0.6505483305814743 0.7814333202966655 1
3.7171867810257924 3.2123569084304915 -2.3365580660309395 1.032078922902173 -2.0434797961229982 0.48875508881669194 -1.4456163131858573 -2.3664088604271614 -0.01734133521911796 -0.25298635086753485 2
-3.7877490987671716 0.6079642624880268 0.203154453215179 0.5655338670325181 0.7397204058412248 1.6854918517058035 -0.5854983515364647 -2.3969026615380375 -2.9198394911179153 0.7190215133730249 1
1.3918931139332502 1.2129618640956847 3.4915150299440905 0.1377320262142775 1.2939733926722394 2.9478198472836734 -1.2239260911270662 -2.666210959973741 -3.8875403992572437 0.7731106298698184 1
4.033485019905589 0.9907307637470895 3.6046743233916216 -3.6944905556840792 -2.1158051126074318 4.451436319297482 2.1249405411792046 -2.235573393589566 -5.234109082640922 -0.14295272945756232 1
-0.9515771007886213 3.4263561596643317 0.9577681017381365 0.6794021447726458 -2.268444162915537 -0.7890050011624146 1.3178212782639265 0.1673241493953388 1.5889506722592288 3.7649685073697827 1
-1.091437003711619 -3.7496849105380887 -2.3940530315481827 -0.17281992396696122 -3.028902969910772 -1.2250998324993403 2.01335019284957 -2.91859882468907 3.8218324228901843 -0.32630318989179696 2
-0.6812985112757222 -0.9596761507418101 0.7303286738875434 -0.05195405308693579 -2.504499413662641 -0.09911872013047618 4.592069035313601 -4.109740325975256 2.9263259097907013 2.345907418604314 2
0.8648096872891217 -2.450791072056204 3.649059950469236 0.536987540953759 -4.840328718399883 -2.5499032647045996 -2.75387633452707 1.510955086885283 -0.8379534624350082 -1.091361664722487 2
2.046468974950494 0.9605129534198134 0.05154339755408943 0.5389145083924871 -5.213564663865577 2.1058523651498127 -2.292640889504024 -0.625975492863143 -1.1398775018977654 -1.942297327704046 1
1.0780403203926519 0.3577658718898171 1.388650744092637 2.2259031841882875 -1.284269775668166 1.9687746105359376 -0.41522408809249844 -3.44238986481087 -1.7872484919558356 0.545578715416301 2
1.9190457703912096 2.0750928526187713 3.060013771945713 -2.543313536567868 0.28565939229775905 1.7461396252622472 -4.639965495204674 -4.224368907252688 -3.3977181409614903 -1.8606765358009763 1
0.017786362650987986 0.3096662737664483 0.2748617965277206 -0.9294148625571363 -1.7981431230272276 1.9742929296018579 -0.965147726368572 -2.2944076762126873 -2.4885093505164573 2.0744526013931273 1
-2.672369220308756 3.788504118888753 6.112218892511039 -1.2171821443325261 -0.8130445036644507 0.41862617500545773 -0.519072806719322 1.1196315062666158 -0.8798480317812458 2.2965987584582224 2
0.8868225674718158 1.4543761764694232 0.4695184095547664 2.3609284151304806 -1.6728963213090087 -0.5984410409704972 -2.0628651410822534 1.685306607953497 -0.3692867528583045 1.2162765003857747 1
-2.852068331221771 -0.7952982085442388 2.4653541284267737 -0.2505234329985623 -1.6694402268019615 0.5244984058247211 0.38361213001869554 0.5457405876303394 0.8714184136476455 -1.4537845377008267 2
2.452184298183205 0.43696029387079227 2.9036389037432095 0.30239745431184084 -0.7168992006733867 -2.474366557182682 -1.4839661624987968 -1.3661880057553812 -2.135346629350673 2.688227702579411 1
3.479924730444052 3.8295677635737824 0.7798144618111562 -0.17543049299856417 0.324999043664596 3.963449293512881 0.6950031778095449 -1.1815458347092023 -3.679220654718651 1.807348717549817 1
2.4654425009838863 1.0868356092398777 0.8097671671400886 -1.1211970907350244 -2.0725304731517853 -0.6510910730154247 1.7644962231144672 1.244663712840469 -1.5795204160503387 4.0346232224609775 1
0.919208496046329 0.5151274922523817 1.3416040750281646 0.12652861024711237 -0.14375767640999104 3.534233940715242 0.6775301532246736 -0.5355117497611601 -1.6214815426345495 -0.35028866586818297 1
2.0380976022721726 0.3490533852958213 0.17270564342422645 1.3320071570437348 -1.0256493222443464 0.31034627172526896 0.1613390826604606 0.8234119245738496 -0.7044505838173352 -0.6210170856868396 2
-2.3938887881152806 0.8830096683435966 0.7742275889970303 1.06912541186339 0.7728332183996625 0.06881401120470787 -0.8465140666375358 -3.32427479558438 -1.0159163110129394 -0.8653364689967546 1
-1.1818287016760123 -1.4747116831496347 -0.5351760474281169 0.4516954349673574 -2.241062856886408 -0.6225557813800473 0.3801557123428495 -1.0673666168170417 2.0706460521554195 0.5323511851537459 2
-0.46553384749534354 3.2100817919848623 1.2416068903502484 -2.054957317586469 1.0719341595736278 2.9858630237199417 0.9387814381510144 -0.9005421508264271 -0.007045091762853062 0.9984860445045284 2
1.781387221812576 2.7636922291002732 -0.06997745316207249 2.1071503893678436 -0.6069479623473473 -1.797802984591947 -1.7778909246894408 -1.6595711163596207 -0.4511480064439236 0.4991417727818197 1
2.9701570915154454 -0.2781585306869323 2.617912586163178 2.2155938995360085 -3.912277510258145 4.704397023199466 -3.858405398232137 -1.720265727729536 -5.101422598101226 -3.1230193828178754 1
-2.0301754447960567 1.3893499138790744 3.1160557210087867 1.850151059147176 -0.7996975302628336 -0.6366267115093636 -1.2297388040519426 0.254452766372808 0.5117990987773564 -0.11154350730718288 1
1.08665038481642 0.4972554065810725 0.8043980720936063 1.53428368840668 -2.9169925410917976 0.15095016042870912 1.54857641614313 0.11607954043121849 1.0466715827217192 0.08557315870858206 1
3.8538954476711034 0.34229844223295125 1.2307459530803855 -1.1971524766122235 -0.16712441641357179 2.1768500383979377 -0.030955015963957 1.8422301894140674 -4.000087583485079 0.3857021300157486 1
1.3354762533154498 4.471112892552852 1.8161478537332512 3.7543426028687903 0.15780828774999844 4.4022604742461064 -2.2883460653380836 -3.9165245387569736 2.568075760199587 1.7510787764938267 2
-4.354248794725003 -0.6110568586374778 3.6432573527677805 -4.608079247312216 2.4116181047707155 -2.958082327208127 -0.8070266118898533 0.5128565733648458 -1.891566470338037 -8.519277380169807 2
-1.117759939577929 -0.059614026774456264 -1.1435623691866659 5.077476798774384 2.54285688581742 -3.0157793305063896 -5.378450170312131 -3.5922973932687814 -1.397632663542633 -2.8571489500520166 1
0.48142712784981523 2.1901574203289966 -1.962109630477043 1.5843716395469702 1.1719267028990985 0.26576671281358744 -1.8683928588031447 -1.8511643688145236 -4.152187258840965 0.9305677619060324 1
0.7053691160458961 1.8711810826594735 1.519045275645785 -0.4662353122977899 -1.716328258083038 2.6610844770833615 0.42404905660559733 0.10613456108505348 1.2080023825025674 3.720737009448221 2
2.85862347260352 0.3747616058072796 0.020076062916562387 1.5122923032329425 0.411482550026365 2.4907152133799357 -0.8559720664669874 -1.9624794912498036 -1.1559953942134897 -2.1837450992722083 2
0.17205627885453212 -2.084567808822105 -3.4364301069546785 -1.1464972870919978 -1.5232578353167314 -0.9467143007641099 1.3396513097913436 -4.272984074310168 3.625236662685368 0.5644038441605039 2
1.6160428014089494 0.653888172360704 1.468267533320996 2.551417219586372 -1.2130442587732333 0.47192237851552477 -0.14241666492518046 0.6948459839881407 -1.7056819108340953 0.8736412012392756 2
-3.716902333313291 -1.7198788774963498 -0.9190877247295508 -0.13152105100057276 -3.6067534495499625 1.8017441241508974 3.964960724689222 -1.49537034709857 2.152782327520569 -0.09005455525766859 2
-1.529755040277668 0.9727756200823081 2.6982308617697885 3.301290188733905 -4.809690620226931 -3.038155840782381 -3.676187819717681 -1.4364557389422137 3.3656948801888014 -0.9383970646701283 1
1.3496047260414907 -2.339333171280924 -0.8967462313949062 1.116334174358606 -3.0366074911815746 0.2983330172151629 -0.5192327499023548 0.28827521489969476 2.193298629486087 0.2707855005358415 2
-3.1171802241160216 -0.8189005599312351 1.4164530839881637 -1.0182060476399941 -0.8348832291724219 -0.7709600269734829 2.584089176314638 -0.9746717644364143 0.937850114615268 -0.8102331976646344 2
2.322314180512682 -0.027116287130506844 -0.033793394939977794 3.95683583887959 -0.3091019626852084 4.043612469650791 -2.48320780790729 -1.720153783247446 -3.7213846694073482 0.9300471653642108 1
3.9431597102191183 0.28057978226230007 -1.2017646136886624 3.025132584830892 3.3109838645192973 2.868502088124391 -4.620126507501468 -2.368521458507253 -4.7741172173286675 1.8294929047683501 1
2.753365005345793 -0.09919891134205949 0.5398177922739307 0.3919911096354829 -3.7619565564930286 0.3764825092795163 -1.2244605233092871 -0.3508097094879855 -1.248582943004478 -1.2131401092619378 2
0.7921418841940624 1.626652100689695 1.1944198894623954 0.2588135127929144 -3.2384594667248794 1.2296566025844031 -2.407546126984614 -1.3485182218309757 -1.2547186344761536 0.10675663470256436 1
0.8448496326593933 3.4679842908583254 -0.4122200171192725 -2.029785346056299 -0.7845779380827038 1.9558805467547176 -1.4772424518583729 -2.234178069813623 -0.9250980117616554 -3.9802888256408298 2
-1.818850158280962 -0.6884966639259547 4.25893990824312 1.4210908077805593 -4.446890611989637 -0.15852566437958382 -2.371101343198764 0.6861382410859782 1.7172948795600709 -2.125524900267086 1
3.7903293958579747 2.2731548095159577 0.040940268455548656 5.196882703515245 -1.3338422421615035 3.3032803703869256 -1.621381620023572 -3.286085019108449 -0.2028999435705916 3.5054823946750204 2
1.6518620137521014 -0.19530895310993013 -0.09119178933023298 0.4352605689908935 -1.344696814120379 0.6399542229798805 -0.9143959894171165 -0.06345204772083046 -0.3869721240682905 -1.845121037620593 2
-3.377388847889019 -3.545302398373157 -0.3086228428218134 1.0976726293109254 -3.5403089114637654 -1.5293207769655908 2.382701108292647 -2.799696182387581 3.5073150988547708 -0.11792960174838907 2
-2.9034175287189887 2.509949127882358 4.491456733408752 -0.0854885941335023 -2.2664699690368586 2.9239912169025333 1.3138365523826057 2.4155129791635734 -0.38155770138854295 2.685706252196904 2
0.5127062252567116 3.545600638594245 3.6487516053587803 3.50740220034632 -0.7285103852734843 5.262403705368353 -2.6915916629087073 -5.783569559889648 -5.124109017201662 2.6631646597831917 1
0.5266549097756879 -0.16237499247205922 2.8240204017480095 0.19281696951312077 -1.0286481739768045 2.969588742907071 -3.1442049232952023 -3.2344871743656674 0.5740674139216395 -3.525612728735246 2
-3.091482529444218 -2.608905817023716 -0.34806927068541627 -0.6719280277560225 -2.6293977521907905 0.37748259759654057 2.7133044940246993 -1.5593974189460231 2.669829396017429 -0.4178287841535995 2
2.8976850102550804 5.68276320663517 -0.4034098623189364 1.2303778118574555 -1.3873441498861407 1.8582418693700862 -2.179273595739223 -0.5646432987550856 -1.8375186905229968 -0.09695900452595951 2
0.9441239281553002 1.4558743375484262 -0.6824261240005012 -0.010991785757737071 -0.2500031862921177 1.7873535255936577 -3.8418390636972557 2.240181517741702 0.820715940378739 1.7606546413707806 2
-3.6309174655731313 -0.38066400077325935 0.9013421487834699 -0.13158253832822897 -2.9940710724651085 0.9600345239288454 0.5827589620642077 -1.039571938542954 2.357000674625208 1.0068883805133584 2
-1.5877100893697003 4.515381605859308 -1.5820650270424097 3.7598111305378015 -1.7332737883710534 -3.4093193838996774 -4.527030672353883 -4.7975724952542835 1.6255121698794075 -0.3731557006658226 1
2.011966303818619 0.9992566491081207 0.30626480805524414 1.431145665101682 -1.792950960241765 -1.027750252086947 -1.7158195238173681 -2.214785523377686 -2.5274484778905153 -0.3560094055778791 2
-0.4999195807747415 -0.21565373170034174 -0.4879949440858966 -1.9364629637412194 -0.9048652831661876 1.1941061078878428 -0.116100774316382 -3.1437171982517413 2.96976873839382 0.6229856487248795 2
-2.4346805866802717 5.122387566273638 -2.232116941405743 1.617432936529784 -1.2422340289925147 2.242825659533768 -1.040575101343312 0.02434255201056823 -5.018594942771833 0.24690174609722604 1
0.0274045464350523 3.6697900606159504 3.3930407156015385 -1.2217860436696308 -0.36266623523369057 1.4117376366407035 0.18330475590084772 -2.3578352430870666 0.8896432226424883 3.2620788016128497 2
-1.6641136125298273 1.6157759974650112 3.1474427167898753 0.408844430712322 -2.545172768770845 1.667603179605524 0.9955702390479608 2.237776880876921 -1.3220312147619322 -0.9397306953301656 1
1.0205776172340129 1.7063613805705247 0.5139113058330931 2.4551584535032758 1.392403374123123 0.19438900729438413 0.23136701630046508 -0.19606871737842557 -1.0935641694037224 0.23361608385585875 2
-0.4092691723170503 4.414793474137934 0.5352740167567305 0.9688907644009036 0.013214921365829024 1.9489643389294153 0.15331623053070476 -0.5027714118836283 -1.245882536607118 0.5357109693080178 2
-2.3146794253162706 1.1618998523304847 2.4886012107188256 -0.399605144136818 -4.08862886857691 4.679014171132518 -0.7510621371044189 3.803402623047253 -3.6695664105848254 -0.612674105849168 1
-0.507403494398521 0.11918144629746574 -0.7217731792813598 -0.9246631981624193 -0.8466643025093669 0.9753211384110289 0.22885577645820254 -2.507979632725143 2.021038179384166 -0.13594677834571978 2
1.6605374018766512 1.9274228814032373 -0.8848583294547969 1.498767446136865 1.5068890918348812 0.7991169884383238 1.512051648647755 1.231813233438947 -0.8982022432408713 -0.6697670868191018 2
-1.4790114777555052 0.33642901838611217 1.4253407558609628 0.14653203854390084 0.5339442535467533 0.41142941502773045 2.5757557942002887 1.3803486965762275 0.9824966270703819 -0.97792605900594 2
4.057218437933345 0.9402746563216036 -0.43843895487791973 -1.5694187518341147 -0.9120018563133281 0.4323434255113121 -2.1893830885475496 -0.7694969196020551 -2.18015919010051 -0.22802980010021612 1
0.6470569736993061 -0.5776502985837453 3.284722467167737 -1.1524382769011052 -1.7530864587226698 4.6842984995254096 1.7635869848959187 1.3649004129442557 0.5686411057037957 3.908460939809508 1
0.2937886768040997 -0.025676242296420515 0.936839134793807 1.06509277271714 -3.106779020648137 -0.14439739198126533 0.8332958471361649 2.2602084395847504 0.4749607331967427 0.9913756256008834 1
0.6952290459752797 3.1369616954473876 4.521196023889402 0.687389581009265 -6.116174714435135 3.452435103809822 0.6688848596364168 -2.2167168078567663 -3.0390491750778645 0.7915641525428296 1
-0.75078301244247 0.019128344185745716 -2.098259685427615 -1.2225431967310896 -1.9470085288491115 2.6534764802594237 1.7884940601863495 -3.48410730396188 3.2620356759141176 1.3745965563166007 2
0.2754604086962077 2.7978240495863744 0.5390021308761634 3.885300200017794 -0.8196853357319668 -0.3867054055809993 -1.2671130323736899 -1.493624038313419 -0.34865341922236825 4.382522211411634 1
0.6619105573846398 1.1878493602671993 0.7204554592585084 1.5201603402616 -2.323865966368664 1.5787360371288204 -0.12177298976432116 0.9042902407095905 1.0006205197421822 3.641956530208313 2
1.2314015086216281 -0.4142056552082518 -0.3984341228194337 0.5288469069209385 3.14182803007413 -0.09004662995230572 -0.2886192713257424 0.8679821586465784 -0.8150485783110042 2.753153208132259 1
-1.3627365403780498 1.7033212302147325 -0.8836851828708687 3.5134345041577144 2.5337578080594545 1.3276390258742896 -0.8891467155396142 0.5959310536005666 -3.9232742226582493 -0.6214102918991202 1
1.4904333844960216 0.610697803038194 -1.4723909028826894 1.5597353438609511 1.7712097333021997 1.2568037847162215 -0.01964023395386927 -2.832989574497856 -0.35431911498757307 -1.4018180721102904 2
-2.811611750635115 1.916225884121082 -1.867363738351969 1.4373555933104314 0.3109848519033891 0.9378441199400931 -2.074091289075386 -3.4046512780973446 -3.380803742686578 1.0038308379968963 1
2.123852398016593 -0.40510200662385554 1.0488394447372211 0.15127327604026441 -2.5335115706724447 -0.07918242898258776 0.9917512054164935 -2.9023401402797226 2.613178899263305 1.7322212077092416 2
2.3899679110604204 1.550057953737753 -0.6298222718605728 2.8981833085503124 0.5840173157850188 1.5989773777427294 -1.2097240438975023 -3.293277276597484 -0.6565098764771995 0.17082973528220502 2
-0.36866131971147953 0.09599644682732766 -0.19171132966684756 2.2397032706191067 0.886249894454151 -0.2507611212446901 -3.730825304491005 -2.46885004769181 -1.6931866296529614 -1.4227192328519873 1
-3.786137492295374 -1.808462228433123 1.5304955206761897 -1.157857412389128 -1.167851666292893 -1.3367871321670628 1.464101418247215 -1.2141386608795244 1.732557780525256 -0.7157610946746067 2
0.6008732851644112 2.8213160202294567 -2.922125761049866 2.581572731596369 2.0283167093702072 1.096949089650865 -3.3974599430036623 -2.2464842666627196 -4.206763592869727 -1.4434274612295117 1
-0.3186663927828841 0.27107918152783594 0.9325309020099107 -1.107527514679365 -1.3955909951800145 0.9284811406133856 3.2873786094429485 -2.66179159502638 1.249235468879502 -0.0725248756723218 2
-1.15509773654369 0.22476166981451384 0.34554640240158463 0.47507208053001515 -1.6452356762261908 0.5920821111777981 -0.32709770101870517 0.22918066363194844 1.4908593783686936 0.20353380296766588 1
-0.38162077717155607 -0.2218991763371072 1.481064544805351 1.1043236227939124 0.4784465485804694 -2.0699524129105 0.5348509718466492 1.484109727411297 0.7583988281257013 -0.8411543631356195 2
1.2912428362500261 -2.3377076537893697 4.6890910301879964 2.330214842328237 0.38866900677938543 -0.8962397707993355 0.5376023674818124 3.1353147727721664 -0.7781720263865124 -0.245323920211304 1
-3.4099390957961533 1.3015188193029092 2.286162511343658 -0.9443958485826279 -1.3130807056331029 -0.0028829849062059765 2.0353225096691965 -2.2371940696027055 1.0144883119684505 1.5520465692261132 2
-1.5271863775144658 0.10861464822926492 3.469597250395102 2.027686673802478 0.09372487025454057 1.2727905838304976 0.020749761472953487 2.671864757070654 -0.8697079724012289 -1.0762739254121128 1
2.8692431562124607 -2.437639918910941 3.695444410134516 4.418356750343612 -2.2835108286543293 1.9453152884159344 -2.5073929808324467 -0.18518129499831892 1.6972688134096314 0.7905289810528857 2
-0.08980185470938884 2.6957707863922487 0.0280578694441056 -0.6235694939828196 0.3042163250245502 -0.4039237747105269 -1.210697363944649 -1.484890383056528 -0.8290471303746473 -2.526907472796363 2
2.4038994428344225 1.9001930443191581 0.5809773294005647 2.1880591263563356 -3.362317913611087 4.064071587768636 -3.0953238522543 -3.7600466719493064 -1.4370786134839744 0.786650543750526 2
2.5057538589703388 0.047678489778423594 -1.3695186226646228 1.7448355078084536 -0.5907429627959189 4.135419315049679 -1.0238069924386037 -0.8014222093100059 -1.1187316473356324 -2.5059324104533967 1
0.6555898561022471 1.008962570371881 -0.13917132838210455 2.8100238579898993 -2.213179021196904 -1.3069725337667188 -2.4312049926623187 -1.0728643029804952 -1.2122641962953353 0.56973052208881 1
0.6081667587390942 -1.558376374314359 3.3265818273941776 0.4309242382080323 -3.017206326883941 2.3821096866926625 -2.636140878999699 -3.023768507068481 -1.9128963065245363 -2.3023138399255867 2
-1.345535118590798 -0.48496879868409204 2.616640193950369 -0.293705074239234 1.8017526694982378 -1.9965769860156177 -0.5150293768762342 -0.3665418545140432 0.49690418448993023 2.62226104487537 1
-4.066617033335941 3.934122067328561 5.737370949629929 -1.3943135015413013 -0.6904935057488364 0.8845437697373795 1.1656412284627664 1.395676549905878 -1.5810098230228928 2.472196943806347 2
-0.7994328411256643 0.38729129577253063 0.9017553707920375 3.555655596831617 0.5487489540152297 0.3201090190456626 -1.24973464184986 3.6866978955519816 -4.9086668308954255 0.7901945064764834 1
-1.300987941518366 0.5134032821725818 4.096323865183202 -2.2082180155707527 -4.6373937053443965 1.6353061654279375 -0.8004514542598079 -1.730285258503524 2.2334509609344506 0.16668695360650543 1
-0.9111225735446263 2.774766814856328 -1.8356185140953265 0.5362211333686907 0.3217366514348632 4.070934198169899 -0.14708107339224052 -0.41485682001370805 -4.026941074630857 1.3546931282874517 1
0.13971665399935662 3.398322332484689 0.7928034855490225 2.0735476529827546 -1.0066292708208713 2.015171706371136 0.5570631827633727 -1.5177610367398682 -1.6189918553152736 5.390098852517287 1
-2.8554987252425628 1.1547664152505157 3.5682725535747783 1.0846202640970497 -3.4154612894276744 0.1266352363671538 -0.3794001120422381 -1.8005236375240843 4.686903897169733 2.522700250976957 1
-0.7342327866046976 -2.2669390463163093 0.7419015409988241 -1.1588341458696751 -0.48693033259395635 4.036953493460737 -1.6460101009178993 -1.3018958585578733 -4.564241085152659 -0.7580450884010581 1
-0.633604348716515 -2.1129030598449043 -0.38566941936022037 -0.45410318071735756 -1.9961079891061693 1.8942502646288268 1.1895691680911624 -0.2218460330786386 2.9031681549098476 0.9776777770770311 2
-2.1486557825143042 0.6260672550642943 0.9715326684507234 1.9118209568108602 0.8626637519091416 0.6099152581364105 -1.7209008354573339 -1.373945191025562 -1.352602265855193 -2.435215714760205 1
-0.6297908698569965 2.6769618932042887 2.016149407394109 -1.40041685127933 0.2016412418707363 -0.4457509646607214 -1.337174625882409 -1.702057963738998 0.2739613733402899 0.8445965203492203 2
0.7418196437715727 -0.42318737438473053 0.25800488685192824 0.6233398122612948 3.0045977305638116 2.4757291566650625 2.3917983525984563 2.2646040739001965 -1.3837236934793333 -3.2327653925996307 2
1.5340726578609822 3.7021144189226547 2.519571565881763 -1.2909910060458998 0.020468541420191944 2.351883821728918 -2.0576481568165828 2.0222483066509254 -0.5631844150287353 2.514020707701688 2
-3.225794325458496 -0.7544177675844266 4.850171271174486 0.6215514068558947 -2.980197930733709 0.3554392340725617 0.33663616473767943 1.479492726775772 0.7703491940718536 2.4473463281960357 1
1.6618066616486336 0.018267445408710836 -0.009790699545549453 3.3815943548644047 3.5683738795816815 5.6356358160729805 -0.602360306244652 -3.6600249739499495 0.26803792233642265 -1.4719745493600438 2
0.3916713855381728 2.09045476303966 3.264832536401909 0.41716562538060953 -0.36710660560083885 0.28393125138594744 -3.4774777278304545 -0.8809783320203234 -4.868222542559633 -2.8474963640413944 2
-3.696097486066099 1.8977305936876716 3.9157060083093227 -0.9104638723599529 -1.2067826446216594 2.143805078759833 -3.047113968339656 4.740249095308989 -1.5727605581756374 -1.580189055527045 2
0.2584212296063002 1.5293761973874775 -0.20159465525636389 0.5860919388520381 -1.9944657976754612 2.242016986871872 -0.7239330853589586 -0.7701280913568496 0.990716114658005 0.01912476918430972 2
-1.8385623921483436 2.2076902070959408 2.14230022608343 1.6116568576076218 -1.9987681403886222 -1.069943645614205 -0.6542514336261517 -0.19150998745786418 0.22955397069621175 1.8346405673719406 1
0.5755819100239137 0.5641316305735822 1.8717057187331785 1.37235893399494 -1.4354163861835976 1.9360547206503864 -1.427034996244602 -1.302322529633869 -1.1566572892490214 -0.560854562144496 2
1.7050551508673253 1.69974297514038 -0.7332612736603705 3.860500070042164 1.4682372711097664 1.2537134931057243 0.7919214858079662 -1.7209312942474635 -0.11750767132888207 2.7940167259594473 1
2.4966400015822394 0.9971610758980433 1.65003381545148 -1.3167591617715213 -1.2827226135110807 -2.115673917049826 1.6157801443150563 -1.1620856037376595 -0.8291765921333174 3.8528513834559024 1
2.0177305654834377 0.061728076620325645 -0.2772201870033706 -1.5471104491321563 -0.13482080737193614 0.49452058677742083 2.887325394543822 -3.463108847419739 1.7923280357208042 1.0550273198407343 1
1.5715518821560144 0.12906585152565253 4.489663262244491 0.7860416772876059 -2.0008406720841307 1.686412061697287 -0.373648878746038 -1.8982081844763774 -3.427083966489142 0.33343346022576925 1
-0.5071505990534633 1.7707274741003594 2.4729660224957097 -2.844304109880409 -4.5396456375547025 0.9153781620202587 0.24163087573060515 0.16511388719960385 -0.02907619444235876 -0.14819858870089853 1
1.4011055880573986 -1.7733386631940173 0.09018020077577282 1.691293940449073 1.7541916359235352 1.3729630545915112 -1.512712862012069 -2.9014603218798216 -0.5371894748239526 -0.8187607490537689 1
0.7267875662052051 1.8849692326587284 2.5039802444700054 -0.4907780452899422 -4.222503993741644 -2.8459317412768583 0.7863560671420811 -0.9163405387511049 0.022653555975873818 4.283702384745649 1
-2.006652631980498 3.121416490506349 3.6005841628650987 -0.4560101045868632 1.2413820093137748 4.8264160265236455 -2.635158808912906 -3.718019026870832 -0.4422498878085134 -3.6511895539894716 2
-1.4241053575580322 3.2556448993679528 -0.8313118453855646 1.523622875932112 -1.593702175580041 -1.5290402967345686 -2.355414705921406 -3.292744806466207 -0.9611792897618885 1.3766123581984986 1
-0.8029100253024483 0.5347303357041013 1.1569857400968182 0.20552481590591098 -3.6129033007067055 1.5069488519742094 -3.4270827532170216 -0.6903807238076298 -1.3321489348428903 0.26783844674239876 1
-1.192162500432849 4.508676107399257 -0.9594494839607162 3.4223216480196355 -1.8364998969974313 0.4585953116761159 -0.7229530838484486 1.572353061707442 -2.682932572692563 0.8073886508097157 1
-0.24095506326866978 -0.29663381317288473 -1.7023164336446661 0.5622141334098671 -1.741976705951534 0.9620889400294957 -0.5476708860465596 -1.976400127142818 2.977177643152411 2.3477296697492616 2
2.7887556794683306 3.5040523055507005 -0.25513774943841727 3.698482031016254 0.6634353793163736 3.3801766040325623 -1.5679243207726326 -0.3737011695614547 0.696817251207716 1.1837334957161412 2
4.26286275943391 1.4343461560673327 1.5895115764890662 4.769362077474192 0.9967124814613839 5.451229949078531 -5.418343160704284 -3.736364056967644 0.7189709618554576 -0.9974316323935529 2
-0.21062289388984268 2.101038625318619 1.2128170042253208 -3.2089023486434147 -0.03501932364337523 2.883878159894011 1.882442752337628 -2.1973141495454245 0.9577654508414931 0.5075555140962043 2
1.4719873082901502 1.1309635345850126 3.773197407959899 -0.0907161605098028 -2.391115476775581 -0.7175372284854524 -3.092700769922366 -1.3279171673499992 -2.676928982038551 0.48959249533619376 1
0.6759430937759209 0.12042315134754855 -0.8927153073867125 0.3152372677430083 -0.33976440241643513 -0.7455864136222385 1.33608491543011 0.3481278656861626 2.066521915594795 1.1949906367932746 1
2.794111403771618 0.6427971677632751 -0.6613612876369279 2.2638873491210343 -1.1265655493414208 0.2677735002467838 -2.6539619638462684 -3.116001339959503 -2.8467846591327417 -0.24123069315258738 2
-1.2314588936823092 -0.2710487563441164 2.254785020260807 1.2125086799730314 -1.377489120095046 1.3366599226180869 -0.9395895675458839 0.4747825468365905 -0.6359344982884443 1.2158863282586063 1
3.3699596627021577 -0.17768295434654235 -1.0192970224704463 3.3984647453238432 1.957135944366431 2.0966396007521966 -2.114489252343482 -1.9866718604288889 -2.102641776906073 0.04589371431502065 1
2.7607678528034816 -1.654375099929986 0.9674608503771637 2.8168023731490104 -0.6438364524507737 1.0082787409668028 -1.7158303297348918 -2.834605025226363 -3.175235259392135 -0.7898992861228872 2
1.1600663009754584 1.712873302506017 -1.156882250311059 0.5848035262010433 0.5790454779321341 2.7630513517113675 0.04765886434876854 -2.43872548684937 -0.39784480228740404 -1.5822465525904994 2
2.946734565097259 0.8600682945217375 -1.9729139496811765 2.8377719674940636 0.7424665380206101 0.42170695124959556 -3.480812757712024 -3.2560550352902973 -0.7613582146623922 0.8204897958157896 1
1.3473200909092051 1.8088666005659992 -0.6994491262386531 0.7193760845904429 -0.6562233129497315 5.163762059048325 -0.8012876623685941 -3.4885958267431123 2.5749108350755145 -1.3097348510166342 2
-0.267214321252114 0.38410580956858376 -0.5350468523682053 2.958612345989903 0.9278106045075505 0.48341614359194196 -2.667113400824005 -0.7956508703454075 -2.7085809201216087 -1.3899463168744246 1
-1.7284997818561938 2.5951156442701437 4.762609158325507 3.036389406661654 -4.203719503245688 -2.317228209705092 -0.8811159321960548 2.6321353563746595 3.469888414320713 0.3970788082465537 1
3.8231966612528594 3.5436766045912194 -1.6316733785713256 2.3845158578475885 0.24532169471793686 3.0112378635707984 -0.5914894046898558 -1.0465280418160472 -2.2327750839942766 -0.01774210922367403 2
1.9013652110058024 1.121787970443357 1.7485440055576613 -2.270637962546214 -1.0127138348005065 -1.4577595996939348 -1.7329468362364233 1.5471537925002248 -1.9913994351356652 1.8376161211328021 1
1.5304304587196944 0.08647187114286892 1.2595491724997405 -1.4835028882528838 -1.8128519546855348 -1.942777124731244 1.9687373444829843 0.5974674788014593 1.1728558897011299 0.7477365034772878 1
2.443290662451308 1.9743618971318524 -2.300127062097402 2.345948853367525 1.9646251202037588 4.02763297388309 0.08102123427445007 -2.873159982337198 -1.4514646994124398 -0.5301711183143164 2
-1.398104110316579 0.34872056851360655 1.1792865032868027 -1.100535009818767 -0.8518722776431737 -0.3202163872356878 1.139662876157576 -1.4094045970582303 0.7910396714360275 -0.1423754455712436 2
3.251698749448618 0.5376941851336026 -2.1269585207706774 3.9323149639830017 -0.7168641125528248 4.029695994484469 0.17315072341929638 -5.942524941468651 -2.5753734069862206 2.4214252496707656 2
-3.8360101199449916 0.8090547274447977 2.5490240480997928 -2.5182036024383665 -0.8429020566420529 -0.20922819540417947 3.45041444028755 -1.7636835108682356 0.3224675271596269 -0.14619046590200724 2
-4.2651625857953945 0.4533244091751355 1.6083703690852822 -1.1353404666999263 -1.1059475302909831 -1.8230027033718041 1.462796045508787 -3.957319404346521 1.5742111557318008 -0.8537878434570361 2
0.5778178301566468 -0.7625874946343756 0.07277708522042148 2.239007230024713 1.5014683080496996 -0.770538923832208 -1.6943029941189045 -1.526833349399717 -2.974558748440515 1.6097686627352035 1
-0.9262862615172809 2.106345651608807 1.3147567144002568 -1.7703977960651884 -2.2500204669709154 -1.3755821737924028 0.9963286009527117 -0.15637142039655594 1.5456082899700312 2.853732555898632 1
3.581732227486984 0.4861391288686907 0.20239178932828028 -1.3146460389728318 4.397475132936035 -0.955641898077547 -1.5453059553300061 -1.544526873374679 -2.5852664849823355 2.892412474544611 1
0.8388429801046939 1.955200573181335 -2.199646058750943 2.3455063212548244 -2.1840095311940813 3.3010584756665913 1.4541621490127623 -0.03077162515806564 1.130953706357202 0.5941651150039329 1
0.1039081120781804 -0.6718595615272733 0.8028918850969786 0.7177140529059286 1.6387299005319687 3.934134522773003 0.08278305535627384 1.1687904961471607 -3.856259485966062 0.9816794443588516 2
-1.2252329281532104 -1.5857305619575541 0.05382973178798833 0.11428514984129845 -3.2484672666422485 1.767499621751561 0.43546625111557336 -1.041296400722123 3.2372221732689814 1.3043385327505579 2
-0.549995256226063 -0.1324926515648781 0.018154261725727205 -0.6191570299223577 -2.0556654551448306 -0.32564469538347773 1.6066790237797899 -0.4781664462147085 -1.674624962683775 -0.6810830000381414 2
0.7491208544773844 -0.44269382014212355 -0.9633725599198626 -0.08801744161272462 -2.0319655063900526 0.6215854110846378 0.8218498905738184 -1.2018757356649306 2.2926013597358277 1.3516596925389357 2
0.22223167608112138 -0.41281994162018965 1.1037369568720794 0.6675261860728676 2.590198971069364 2.00880362975972 0.03118046692634957 -1.9409826605094116 -0.7916520481161813 1.20010620656089 1
-2.1293140453247776 2.980228302511082 0.6596501944897216 3.709757275599437 0.4589280115278822 -0.4246240815276281 -2.180260693530533 0.28386871654427215 -0.2634397874035803 0.8214295877812547 1
-0.6154783872602339 -1.5247425620071398 -2.829585373636142 0.042765081943431316 -2.615433057156878 -0.0497219459779199 1.1284792384230242 -2.6708726332746275 2.901427332397069 -0.26309111402836827 2
3.017881311463181 2.628930971564626 1.2038740840648827 1.7088349699458696 -2.5515445893392465 0.5815126504832424 -4.340720541887788 -1.6762130220267455 -2.383717969235995 -0.7042264321935344 2
4.979643495438406 -0.21193411259742923 2.2242405245746895 3.8630594446663857 -2.2703935147695153 2.470661929724388 -5.821379596390693 -4.61958149670077 -2.649301540803561 -1.0081913614071374 2
-1.3864173818002294 -1.65613740169863 -2.1038062087005907 -0.08225570500047885 -2.9880495842205494 -0.1694481106513135 1.8762672672714837 -3.1218689439928706 3.377780429621832 1.1118720519337357 2
-1.1306300525917867 4.056894866103605 3.564471854296163 -2.4632632683979145 0.7155444309208647 3.423304511779664 2.7394267121903644 -1.5819702676700582 -0.5708645173261369 1.7922733841082694 2
0.39123671594575216 0.35592752435722685 -1.9608801153311393 -0.3806445895324079 -3.7728518783107416 1.8439603060616578 0.5541733773327104 -4.326024072979775 3.794295568243368 2.2352024671743482 2
-1.953254078039191 1.420559732082919 -0.6437760546259617 0.6530183989712153 -2.0882159502078874 1.7073368863365936 -2.3656092356099867 -1.925247031462015 -2.540022791997714 0.6253140191444334 1
-1.1614938689985606 0.8215934094450132 1.31843885888946 -2.155396437773392 -0.23377859635098053 3.237660371028817 -0.25680354886156875 0.5716066440303034 0.566143968533201 -1.9213564931411193 2
3.1436564146546697 1.0955524766615905 -0.8433449704101375 -1.193896759022953 1.0922217599134476 2.3827877198840794 -2.408788331186821 -1.6439926300390582 -1.955794641771047 -1.300684863137045 1
-1.9915899314585803 2.0062518522332753 2.4169140314201485 1.9908261394927451 -3.1852122428568115 -1.6775528720513204 -2.2795536200511624 -1.367531642217162 2.3634401024455327 0.7666726612211379 1
1.909028260421465 0.1988032348956924 -0.7462116896988886 2.5266602809836036 0.446886973073513 -2.0965027266623526 -2.704459153956492 -0.9629297438600677 0.6081960360340255 1.029876398051659 1
-0.7102132530418952 3.211371725525917 2.3851614189595396 -2.297978003922739 0.38996361594395657 1.054438468051131 1.1092483396009263 -2.8714926003159835 0.09007899605147618 0.8220258293031523 2
1.5983273071761532 0.7721280172936329 -2.434125468352634 4.935872278555292 3.0873744082818986 -1.1326680735406054 -2.8330200291545777 -0.7621896921047373 -4.841303275118676 -1.8557771243325942 1
-1.1130003948005944 -2.6404016401625823 -1.9750105429687705 1.5435744120377928 -3.3696131063610153 1.6174103545730065 0.6463520722751472 -0.9485158756487075 3.0891880927007938 0.06364229594292525 2
-1.7964281016410832 0.4050300915757562 2.310107483020727 2.2095008764806825 -1.1735683791590628 2.8712289656545584 0.06298544023066222 3.388407808299455 -2.4774251040657695 0.13545569634820642 1
-1.577333498164057 2.2201383018627254 -1.3549691802564765 0.5317476202747311 -0.07763643220376881 1.4919857153011127 -1.2857061530678522 -2.7627672066511044 -3.3231211509562097 1.2282465683027264 2
-1.1144259943319437 0.2570624495952527 -0.06943644767557822 3.6586268425748822 -2.766818031129068 3.354194612308832 -1.1534470553955223 0.18069978212281756 0.2705959780745104 -0.5396243663661215 1
1.2544650171739167 2.411777627254904 2.2499268571957467 -2.094462451981981 0.6178107062085707 1.5647281999179432 2.401053200288138 -1.2111660016096095 0.6599025359911104 2.7799173113109346 2
1.9514595662116547 0.5849319683598103 -0.9297177339918954 -1.020764320706136 2.9338358967442795 1.4532128335458883 1.44607838472959 -1.5052796301413474 1.0761922508575332 -1.0744355361328393 1
-4.114501030734751 2.8670058053354035 2.144950544254127 -4.527302766332665 -1.4116711215075293 -1.568876190326705 0.1930743601441578 1.5705984586247705 2.2020429997388318 -4.43696112521243 2
-0.7382808048128884 -0.5079424248691411 -0.25424485425018517 -0.877366356212775 -2.589150982957242 3.162608404358005 2.240744316234882 0.2191537180219354 1.360451264650755 0.22270655558816121 2
-1.149265979765469 3.8211563142257754 5.6396965357782065 3.2198470079479216 -3.729684983494876 -0.3876526996147802 -1.68861733584503 -2.6672779782941927 -1.8848145517520773 3.5644762730142188 1
0.5681128537735842 -1.2061688265184327 -0.6966693069260894 2.1828308037904596 -0.06643584540666969 0.4940107568208709 -4.398722301613925 -2.994169829614026 -1.704539851869821 -0.3647464288497346 1
-0.0826529058808686 0.2958281784209741 0.8986733334257392 1.0775389755373947 -2.7649329052365506 0.386793533878106 -1.5604721572644058 -0.34387073199735396 -1.7834133265208045 2.2659283437392572 1
-1.262685959760912 2.1742418800871675 1.9434773163278054 -2.7681168818379422 0.06804614953881027 4.655660742132186 2.0965991402970814 -0.3028732769991016 0.08512826623973702 -0.26454719995365594 2
1.5098573568994444 1.1558096042965567 2.9797697403057652 -1.2321750445353188 -2.3902121144276522 0.21673766368903868 0.842067294230147 -0.9336016542682489 -1.5054532834149599 1.1773395772161712 1
1.1112611058567583 3.667413336015401 -0.3018357116450734 0.46245302459686743 -0.2819914138349301 1.155719078560795 -0.6900304290525303 -2.546926206763808 0.3853785975130928 -1.0160049765051409 2
4.410035492557815 -1.3698032348292397 0.4218476095652791 5.138983921697283 -1.56993171779808 2.6232724934481855 -1.4273034321813882 -4.066378217178663 -2.2756284959208513 2.14339700619047 1
-1.7050821049594416 0.6817737470990701 2.882755815946067 1.2000008759888259 -1.8028424282203195 0.5847938756834437 -0.25140670255934694 0.4055598840314212 -0.07782792496658397 0.21687945567881928 1
-0.041086845066307 3.739740211891178 1.7789297395433228 -0.9285156101269364 -0.10534267303147504 0.3763151406628794 -0.2640837831061362 -0.4635870903341167 -0.10365543170152369 3.406773554890993 2
-0.8822100292082197 3.26457257134045 -1.236312508221996 2.1709548437226767 2.7254030601724684 2.108495098921492 0.23835542127984288 -0.76640544809244 -2.5193508468031305 1.6022186102203158 1
0.7473614599814562 1.7882029928703371 -1.906651078144145 2.666368237267868 -2.475369511740891 2.6119680672795242 -0.96619570623434 -1.5851433667024835 0.43137727755904254 0.9200157529485761 1
-2.1980656256239266 0.8892227979796091 0.6724497533071279 -0.4966064761163602 -0.013899925689866865 3.3793510661464774 0.955345805417305 -1.3997535929544571 -2.719902124754316 2.095162014460536 1
-2.219681653402226 -1.3558624179495715 0.8479638684218941 2.905900043901217 -2.344913377536459 0.4704205426132888 -2.927533099529897 -1.097527936625999 1.0327016638950246 0.10596736044134936 1
-0.10618651748764196 0.4610548593144843 0.8736447993333801 -0.120932364271926 -0.6096049537273144 1.0157943729688865 -0.6587308797471522 -2.6551386991928627 -0.06981896631239237 -2.140027120105752 2
0.15618125199937838 -0.020491199970098073 -0.4467255239398722 -0.5002315168422533 -1.3802149247157363 1.367556300001215 -0.16952096043402598 -1.1095183943741123 1.3177164624841513 -2.0077844820049524 2
-1.1717678576569615 1.5640046141471093 -0.6875905920549423 -0.6268532288261841 -0.2540104060159287 1.355944463476985 -1.4279068035727867 -2.3142011201101873 2.008400473251421 1.6640173673058907 2
0.904101639718035 0.47866618346432177 1.027559556730323 2.0103520075450447 -1.2705180235882025 2.571099078434806 -1.6131123074556484 -0.7605977560566215 -0.9951621005322963 -1.6613672640369224 1