n: 400 f: 10 f_i: 4 f_red: 3 f_rep: 3 label_cnt: 2 noise: 0.01
400
10
2
-2.1588264514734075 2.8096832390752917 1.9039392618150976 0.24401277396563087 -2.429287363663629 2.13861596862033 -2.429287363663629 0.47938054350775416 1.9039392618150976 -2.429287363663629 1
0.6964470275517031 0.7631384284960024 0.4212214177860971 -1.1720703876870022 0.35680836389233317 1.521460769837912 0.35680836389233317 0.15906824271127207 0.4212214177860971 0.35680836389233317 1
-0.4143053404442213 1.985547663912106 0.5689760770695658 -0.1321782198465669 -1.1580889337818605 1.3503749316258822 -1.1580889337818605 -0.18692850709156283 0.5689760770695658 -1.1580889337818605 2
-0.5573151270382029 0.29481418002007914 0.6396559585895394 0.28434658080859126 -0.18344032210167482 0.9163216318960692 -0.18344032210167482 1.1761102587666683 0.6396559585895394 -0.18344032210167482 1
-1.4716252098923925 1.0357205566280236 1.869455560783507 -1.8865860871500995 -1.402860857575511 0.6442356639838429 -1.402860857575511 -1.7513392006798327 1.869455560783507 -1.402860857575511 2
1.333686918407438 0.8078363107390522 -0.375468495781768 -1.1443770912069064 0.4231940116824844 0.7895912423419931 0.4231940116824844 -0.8141788845093533 -0.375468495781768 0.4231940116824844 2
-2.4429362727051664 -1.7697981315220381 1.167322056413373 1.1695581855843233 -0.5308138934657509 -1.2411202977488325 -0.5308138934657509 1.183783757165699 1.167322056413373 -0.5308138934657509 2
-1.3876189323976384 -3.565965386540411 1.4173644027810328 -1.1003815484781068 1.1426576550568175 -1.5431609110785784 1.1426576550568175 0.3477015215322179 1.4173644027810328 1.1426576550568175 2
-1.5367056982310168 -0.7500345623690655 1.3827124838042004 -0.8002201482533329 -0.5226500557526581 -0.43158179866558544 -0.5226500557526581 -0.5198410815767573 1.3827124838042004 -0.5226500557526581 1
-0.7363947969672688 0.6987250196871994 0.05208221044063288 1.8658938144628114 -0.5667370914524135 0.7621178572343396 -0.5667370914524135 2.040629281765404 0.05208221044063288 -0.5667370914524135 1
0.08161455035594159 1.0794836200577647 0.7306734394538847 -1.6900527993173056 -0.47266167492853806 0.8564664320731842 -0.47266167492853806 -1.4116999698733184 0.7306734394538847 -0.47266167492853806 2
-2.085600514413516 -1.7491527223345948 0.5250874881857132 1.4039618986914293 -0.5811138227842285 -1.926449828326024 -0.5811138227842285 0.4890695388841524 0.5250874881857132 -0.5811138227842285 1
1.992379589063169 0.19848008232120046 -0.830622332068919 0.615095559642365 1.780960502355756 2.1499705488137613 1.780960502355756 3.018687096454284 -0.830622332068919 1.780960502355756 1
-1.6345404238664936 2.3756181588565433 1.8202276928500538 -0.9509731030882475 -2.0537991610923942 1.629010464711675 -2.0537991610923942 -0.8693078763775817 1.8202276928500538 -2.0537991610923942 2
0.048064017850458926 1.6577157323569076 0.558516400751189 -1.0164030942315945 -0.7434641309257528 1.223783981362455 -0.7434641309257528 -0.8636990964128182 0.558516400751189 -0.7434641309257528 2
-0.4253763794549252 -1.3686502325311456 -1.0468797873670397 2.3279431949942997 0.17629883585269612 -1.7759327959872842 0.17629883585269612 1.0928991265472139 -1.0468797873670397 0.17629883585269612 1
1.1407359451694585 -2.5816909559201378 -1.9936168696334997 1.3330333047021163 1.5636536915881942 -2.661691402114248 1.5636536915881942 0.10803608965878941 -1.9936168696334997 1.5636536915881942 1
0.558535342561093 -2.2636447389986603 -1.0847339112633907 1.5456580116367917 1.5424515653351367 -1.2017115674721468 1.5424515653351367 1.8906999091908596 -1.0847339112633907 1.5424515653351367 1
1.1490436337419303 -2.1204806339621736 -1.8301247399769407 1.939497679290299 1.671216225070321 -1.5308044027423986 1.671216225070321 1.6705925305403078 -1.8301247399769407 1.671216225070321 1
-1.1567864509184833 -0.2795344869967226 -0.3172322411787345 2.595656638845862 -0.5853216355569952 -0.6296971053861418 -0.5853216355569952 1.832763648558497 -0.3172322411787345 -0.5853216355569952 2
-0.061813030587751894 -4.697519777596901 0.5215070048684398 -2.1602525233038903 2.217781146956709 -2.7527739004127394 2.217781146956709 -1.1706940761078357 0.5215070048684398 2.217781146956709 2
0.21815653192838236 -0.9058172112116019 0.21954032891011188 0.3581976731660126 1.077916609127117 0.8362787383052845 1.077916609127117 2.1971697831869497 0.21954032891011188 1.077916609127117 1
0.02930134084775436 -3.9943428544240027 1.7848800261406048 -2.4518387742997407 2.9139536269074107 0.454970331113248 2.9139536269074107 2.0021720841021677 1.7848800261406048 2.9139536269074107 2
-0.7706758624489843 2.1063926259581542 0.4375710691235086 0.6441236215501999 -1.4903142479994784 1.143464491650934 -1.4903142479994784 0.15245970230480466 0.4375710691235086 -1.4903142479994784 2
-0.051522015074868144 1.7261657548639409 0.5437009976393568 0.4021473040519791 -0.41314064224378577 2.2868052150844536 -0.41314064224378577 1.7026048358219839 0.5437009976393568 -0.41314064224378577 1
-0.3579390396129109 0.2106937706804689 1.134732652519216 -2.1740041132233587 -0.34161039026484463 0.2524987541580266 -0.34161039026484463 -1.806132337091214 1.134732652519216 -0.34161039026484463 2
0.9717936812674669 3.7959548680842317 -0.8498819108190205 1.434521075560219 -1.1649350348801568 2.552725692863985 -1.1649350348801568 1.0443636546369266 -0.8498819108190205 -1.1649350348801568 2
1.843618538347182 -0.6409095114158336 -1.3405022544338285 0.26923942390157796 1.510930930734765 0.0165566264370669 1.510930930734765 0.765217066044606 -1.3405022544338285 1.510930930734765 1
-1.091852148572805 -0.42396090409680515 2.727302250672638 -4.933377808680429 -0.47886543615888433 0.06169568170362594 -0.47886543615888433 -3.9175380779984614 2.727302250672638 -0.47886543615888433 2
-2.175238503653755 -0.7782728070934312 0.9306921113309671 1.029151967185797 -1.0126541032788843 -1.0366361186519284 -1.0126541032788843 0.4061228476418076 0.9306921113309671 -1.0126541032788843 1
-0.3060997981081558 -3.5428602120518984 0.5158889713674077 -1.0700489689158068 1.6640769726936 -1.75015444762084 1.6640769726936 0.044401880760216006 0.5158889713674077 1.6640769726936 2
1.1727597658421551 0.77730894416753 0.16435700674062292 -0.7974281291683581 0.8314573089968087 2.082324526581881 0.8314573089968087 1.1747862823620205 0.16435700674062292 0.8314573089968087 1
0.3533046549808823 3.403411025192036 0.15343947650602985 -0.0010068117755073086 -1.335506173300132 2.426847150276188 -1.335506173300132 -0.021105123070673026 0.15343947650602985 -1.335506173300132 2
-2.5579637248910325 -2.416376075986777 1.405417008566706 0.563317853895148 -0.31974323379065894 -1.6825762462998934 -0.31974323379065894 0.6704832012833857 1.405417008566706 -0.31974323379065894 2
-0.6111346003301201 2.6378676197558586 1.344612402332034 -1.4695023099884454 -1.5640644894055802 1.9528041548242927 -1.5640644894055802 -1.205204026278001 1.344612402332034 -1.5640644894055802 2
-0.5421886221115799 -2.3630167753345566 1.3290480652145782 -0.5298984002630605 1.6123646309974367 0.7428710884754155 1.6123646309974367 2.636790338999572 1.3290480652145782 1.6123646309974367 2
-3.1182018964574407 1.5399237088327513 2.092287755105927 0.5296339493316852 -2.610887656407491 0.6129156488209363 -2.610887656407491 -0.009496422077117872 2.092287755105927 -2.610887656407491 1
-2.081262564416167 1.0098938081240156 1.644760101072859 -0.11507790573347673 -1.6856469064751392 0.5810334520625686 -1.6856469064751392 -0.19209174479760116 1.644760101072859 -1.6856469064751392 1
-1.5792324125435273 -3.1049032498124496 1.8655293743485146 -0.8761089727757716 1.119690284661025 -0.4218044738407356 1.119690284661025 1.5638545469341483 1.8655293743485146 1.119690284661025 2
-0.49482720781620876 -0.14401194392238773 2.6677942853539096 -5.681963805286949 -0.23456916671326178 0.43155755177298627 -0.23456916671326178 -4.399103560399734 2.6677942853539096 -0.23456916671326178 2
-0.39116059897774685 -4.618072740163355 2.7252443194382967 -3.33845822132632 3.2484200368302427 0.9109935008711842 3.2484200368302427 2.370236373286418 2.7252443194382967 3.2484200368302427 2
-0.2601299278772562 -2.640758645176524 1.8607318203491516 -1.2581337807362345 2.301955624436576 1.7470956293960942 2.301955624436576 3.4994705359222564 1.8607318203491516 2.301955624436576 2
-1.790207110227183 -0.15823182347145026 0.9866623467408895 0.1301847447426393 -1.1651356851027899 -0.7525690692633721 -1.1651356851027899 -0.6190439749590781 0.9866623467408895 -1.1651356851027899 1
2.0538496580266554 -1.7926518744024855 -2.309963610172918 1.651758718514231 2.0603717636100454 -1.1953173777558792 2.0603717636100454 1.5022614417988753 -2.309963610172918 2.0603717636100454 1
-0.9542425761867367 1.0945387344344397 1.6044390332776364 -0.8196600288258559 -0.6667180957495038 1.8840748258592779 -0.6667180957495038 0.7063302900164686 1.6044390332776364 -0.6667180957495038 1
-2.066478374751075 2.184090855181569 -1.048507021601409 5.582208804372838 -2.6138154030555976 -0.305162627723368 -2.6138154030555976 2.7284726163022643 -1.048507021601409 -2.6138154030555976 2
2.3765841483443046 0.3483046106868464 -1.4350453064163893 1.5022367847682079 1.9535942087856393 2.229114893132587 1.9535942087856393 3.762972437107666 -1.4350453064163893 1.9535942087856393 1
1.3814018606549756 -1.5891356677456923 -1.558919674180808 1.167825397699521 1.614171215395872 -0.9289947418830947 1.614171215395872 1.2505683995952166 -1.558919674180808 1.614171215395872 1
0.86132386006555 -1.964808467689779 -1.2444636346231277 1.4964787521600689 1.5850310717256553 -0.9659922812888846 1.5850310717256553 1.8618692444016174 -1.2444636346231277 1.5850310717256553 1
0.06754585378517644 2.494812341111166 0.9500879064330017 -1.7790869870406545 -1.1189091899863268 1.8751262469388763 -1.1189091899863268 -1.481091597106002 0.9500879064330017 -1.1189091899863268 2
-1.4857342427887634 -4.315122269799548 1.613129826619716 -1.7311616364402806 1.3860621048803385 -2.1205641402822732 1.3860621048803385 -0.26801497592458734 1.613129826619716 1.3860621048803385 2
-1.5270979425428612 -4.4153335029584655 2.1296055297299707 -2.1081253585811948 1.700887305296663 -1.3377240558843788 1.700887305296663 0.48132306883650366 2.1296055297299707 1.700887305296663 2
1.1323981644781873 2.6925011351363466 -0.27292428333802676 0.7865612843940191 -0.09534270656798227 3.1718087679229465 -0.09534270656798227 2.2443412233981848 -0.27292428333802676 -0.09534270656798227 1
-0.8421639184693879 1.1046122991524576 0.9617240772043989 -0.6508942375438556 -1.0282288044729122 0.7044170726131047 -1.0282288044729122 -0.655406016791042 0.9617240772043989 -1.0282288044729122 2
-0.5992107502371792 0.1321848588544502 1.89698242995046 -3.5495818018461973 -0.4200358406987854 0.40183264008713915 -0.4200358406987854 -2.7692904178413675 1.89698242995046 -0.4200358406987854 2
0.11239169557437777 0.8441559034474438 0.22298513498364203 0.57932094418695 0.060862344461742435 1.59378507650458 0.060862344461742435 1.7744196820199511 0.22298513498364203 0.060862344461742435 1
-1.4566540526699812 -0.30493935486242657 0.7747148943973411 0.3156737424588185 -0.8003284139021491 -0.5698719599990087 -0.8003284139021491 -0.10154131500889252 0.7747148943973411 -0.8003284139021491 2
0.32318712272693273 1.2605759419885987 -0.05657555025282868 -0.1533590161239439 -0.4153861463915335 0.8329713334368872 -0.4153861463915335 -0.23713948474487845 -0.05657555025282868 -0.4153861463915335 2
-1.4548684000963716 -1.2276858920164513 0.3391353024823799 1.3019511632190472 -0.3106791135129544 -1.1286688300951813 -0.3106791135129544 0.9109754367957686 0.3391353024823799 -0.3106791135129544 1
-0.6621684810614072 -0.8270409474542617 -0.7090047453705182 2.0749247841560488 -0.20804377025319498 -1.3809220866512377 -0.20804377025319498 0.8863884417595485 -0.7090047453705182 -0.20804377025319498 1
0.8030877673107513 -0.7183399227997784 -1.7330729378219498 2.043485528404468 0.5985159310851981 -1.2229241881156545 0.5985159310851981 0.8973329314869107 -1.7330729378219498 0.5985159310851981 1
-0.265751728230149 -0.618427305271129 0.7012414167703981 -0.3881747392510918 0.4879646138185798 0.5985981573683635 0.4879646138185798 0.9851569291413619 0.7012414167703981 0.4879646138185798 1
-2.228065554983102 0.7352607730819991 0.6998687157507966 2.3847254857975955 -1.635421289330886 0.1515869485502488 -1.635421289330886 1.7612906752689614 0.6998687157507966 -1.635421289330886 1
0.8498869468930363 2.2406236706473517 0.05405739268212639 -0.9123074247547175 -0.5020434820045493 1.7714296969403502 -0.5020434820045493 -0.637836851065602 0.05405739268212639 -0.5020434820045493 2
0.028033712697134457 0.6900714798918037 2.136181649361758 -4.954449149218403 -0.26983990621442877 1.0774752277856001 -0.26983990621442877 -3.704834862061715 2.136181649361758 -0.26983990621442877 2
2.70172407653915 -1.3395302208961408 -3.1965150290073465 2.1137324607161396 1.989061791025685 -1.568320898996551 1.989061791025685 1.0036789166629168 -3.1965150290073465 1.989061791025685 1
-0.7178896128043514 1.7919287132858381 -1.9629876064854095 5.060754037586206 -1.7479337275202802 -0.7335419601510593 -1.7479337275202802 2.0140487666145073 -1.9629876064854095 -1.7479337275202802 2
-0.6321782607064336 -1.5988926947359394 0.8423023607331226 0.4359653677227721 1.0048696014290373 0.5976540115013667 1.0048696014290373 2.629354590205084 0.8423023607331226 1.0048696014290373 2
-0.6280563641884799 1.8902187327166295 0.4165854710306742 0.4876631473876127 -1.2727423656068575 1.1154344826937725 -1.2727423656068575 0.16650798539552003 0.4165854710306742 -1.2727423656068575 2
2.2052153895234294 -2.233864327853537 -2.0697389918718665 1.86501231717648 2.7670369018608527 -0.35758366232047256 2.7670369018608527 3.1523342454754615 -2.0697389918718665 2.7670369018608527 1
-0.6446066980082841 -0.31676543407852187 0.39477506227984505 0.5164199572602718 -0.07599223017452417 0.12482991580288094 -0.07599223017452417 0.937370685356785 0.39477506227984505 -0.07599223017452417 1
-2.372243433965355 -1.018038588591327 1.5610086915911903 0.08517073160464414 -0.9092220931166133 -0.8130651064049359 -0.9092220931166133 0.0691446704445976 1.5610086915911903 -0.9092220931166133 1
-1.86757190310844 -4.5044643906997495 1.975968549147289 -1.8980180437473955 1.2855953857341045 -2.155179507564292 1.2855953857341045 -0.2734830524428451 1.975968549147289 1.2855953857341045 2
2.1459391427899153 -2.536169749825205 -2.593329281650103 2.090208488279752 2.495601258416936 -1.6378903237133375 2.495601258416936 2.0042437135188 -2.593329281650103 2.495601258416936 1
-2.5685125878288204 0.06998176469742631 2.6628501991991067 -2.2578804636107748 -1.632066455638185 -0.13127871990045192 -1.632066455638185 -2.1464313241234514 2.6628501991991067 -1.632066455638185 2
-1.1856214699970633 -2.541782410169721 1.3505725798754593 -1.5731501766164362 0.5920923303148924 -1.3278439008432117 0.5920923303148924 -0.7413074594140117 1.3505725798754593 0.5920923303148924 1
-2.9075085271295 -0.06626475628642826 1.6695980111252418 0.42054514657163683 -1.8670450735422124 -0.7983200937229198 -1.8670450735422124 -0.4520539546568203 1.6695980111252418 -1.8670450735422124 1
-2.177801728874887 0.8488358931982961 1.400898137646374 0.27817237150579643 -1.781643701408468 0.10792687588491723 -1.781643701408468 -0.2900833888185901 1.400898137646374 -1.781643701408468 1
-1.234566343433201 -1.5562239257579542 1.3346081349159027 0.5260656191066352 0.7129647189646802 0.8070095572353215 0.7129647189646802 2.9634494521077626 1.3346081349159027 0.7129647189646802 2
-0.9182100669791515 -2.692694039247 0.8674612903234729 -0.25387535390951355 1.0479787752555647 -0.9137400607149565 1.0479787752555647 1.0945247532471276 0.8674612903234729 1.0479787752555647 2
1.3325670688318751 -2.013371839057547 -2.052592315351711 2.7130059369556463 1.9139140042923475 -1.0135519333465832 1.9139140042923475 2.9170880294596504 -2.052592315351711 1.9139140042923475 1
1.364734110912485 2.764028782030635 -0.1450067944330513 -1.1340278651015012 -0.4247967918860005 2.2301204652811712 -0.4247967918860005 -0.7511039420941067 -0.1450067944330513 -0.4247967918860005 2
0.7307899738039353 -3.3590806088457725 -0.04313615633747103 -1.1664088681146385 2.29104063163157 -1.2640033373450363 2.29104063163157 0.36439386635897086 -0.04313615633747103 2.29104063163157 2
-1.4717051338654419 -0.7438518018851153 1.1653063115602906 1.4276414415175724 0.1513457032230241 1.1223494424613656 0.1513457032230241 3.4461716911702296 1.1653063115602906 0.1513457032230241 2
-0.21424796467716659 -1.2354846089071614 1.1118042263241967 -2.796495350073799 0.39402215441818966 -0.708078956799943 0.39402215441818966 -2.279085486077051 1.1118042263241967 0.39402215441818966 2
1.3077967633380445 -0.1432917685555553 -0.19276723322643385 -0.1285502632936142 1.4345623044404219 1.666898290958359 1.4345623044404219 2.0769741561064015 -0.19276723322643385 1.4345623044404219 1
-1.2601863761696275 0.8524333095983073 0.7735760268356972 0.42130462713654543 -1.171366129139885 0.355690054699916 -1.171366129139885 0.11056259210819208 0.7735760268356972 -1.171366129139885 2
-1.2840515610600378 -1.785760032532132 0.8587135170554634 0.6867867240001574 0.43090297920094855 -0.3683527462692189 0.43090297920094855 1.824393088194372 0.8587135170554634 0.43090297920094855 2
-2.82240414496368 -3.2362495924144645 2.7915518670441335 -0.8639914856458374 0.5008445454820125 -0.44919249433583064 0.5008445454820125 1.7125738548280542 2.7915518670441335 0.5008445454820125 2
-1.2972398054847754 -3.271682424584633 1.5190212343675213 -0.9214522443614919 1.237483516079719 -0.8608412677001582 1.237483516079719 1.104450380722771 1.5190212343675213 1.237483516079719 2
-0.8038885560050153 1.602825520456499 2.4074556238521096 -4.043251980491587 -1.2189070800697412 1.4463274703557938 -1.2189070800697412 -3.2110247763710906 2.4074556238521096 -1.2189070800697412 2
-2.643406407859625 -1.9265979014186183 1.2540378425976884 1.1276757804111577 -0.6243200967554776 -1.4903861427228022 -0.6243200967554776 0.9803440154674723 1.2540378425976884 -0.6243200967554776 2
-1.23031599553561 -2.255562022949417 1.0540031722961807 0.1542034160750556 0.7351938334653065 -0.47548539473267437 0.7351938334653065 1.6343806116709638 1.0540031722961807 0.7351938334653065 2
0.1461028393169256 0.9089933608069258 -2.2107264268841424 4.023201135440958 -0.8014650259615115 -1.088236617554248 -0.8014650259615115 1.396382306291971 -2.2107264268841424 -0.8014650259615115 2
-0.8402871097173467 1.708862638031518 0.45412927615395704 0.7333150256162986 -1.3073550710051682 0.9703365771735685 -1.3073550710051682 0.3763143519709893 0.45412927615395704 -1.3073550710051682 2
-1.4467159188443002 -0.7048649822794715 -0.3449761921055017 2.423209013225828 -0.7807420018954037 -1.536790549391664 -0.7807420018954037 0.923693844615577 -0.3449761921055017 -0.7807420018954037 2
1.9134469910591374 -1.2167121285272882 -1.7095088456213112 0.6877752787748889 1.746172018108822 -0.6153095576281924 1.746172018108822 0.8574701135554383 -1.7095088456213112 1.746172018108822 1
2.5546788759346883 -0.9667594237942637 -2.0140320002678944 0.05398867450728883 1.8910003043386894 -0.6626209251752915 1.8910003043386894 -0.025925763087998543 -2.0140320002678944 1.8910003043386894 1
-1.1731986464246729 -0.38553218377083914 0.8463533962325325 0.06960196493620485 -0.4418598047493023 -0.15115803657034166 -0.4418598047493023 0.270732055385167 0.8463533962325325 -0.4418598047493023 1
-1.2563909021803628 -0.2928932274455246 0.8415073433570762 0.6119130731191412 -0.40577537491790916 0.20601999465836596 -0.40577537491790916 1.130884165386494 0.8415073433570762 -0.40577537491790916 1
-1.3451716246409697 -3.396525762258696 1.7839435171985074 -1.1852896628037854 1.3829148332110746 -0.5991800212391638 1.3829148332110746 1.315587288809266 1.7839435171985074 1.3829148332110746 2
-0.5224209964936025 2.2272154372851616 0.9598392245295306 -0.7444461158052166 -1.3032985632067993 1.655458509775992 -1.3032985632067993 -0.5634235450302236 0.9598392245295306 -1.3032985632067993 2
0.25555219396199996 -0.7269570494221667 -0.5176552970124157 1.5323673037799759 0.8070462607723047 0.2539945851104344 0.8070462607723047 2.346993065825888 -0.5176552970124157 0.8070462607723047 2
0.6902749938808269 -1.6060549330749079 -1.2939698392840144 0.9848718456252908 0.958459385557697 -1.6812574199870975 0.958459385557697 0.17536645210500856 -1.2939698392840144 0.958459385557697 1
-1.4566344876342834 0.9554356082199864 1.3019694308101553 -0.4804069733615628 -1.3297802980362161 0.5200407406475158 -1.3297802980362161 -0.5749025120115605 1.3019694308101553 -1.3297802980362161 2
-2.2839809176273063 2.312197083509617 1.9423815732288352 -0.040911203954695635 -2.370516774488625 1.5494026472108366 -2.370516774488625 -0.06822316557725583 1.9423815732288352 -2.370516774488625 1
-0.8041310214851306 3.870987659513877 -0.45577710335368504 3.368438122825378 -2.313147808970403 2.096616406938492 -2.313147808970403 2.208592657425341 -0.45577710335368504 -2.313147808970403 2
-1.7389480632983183 1.6574977454014925 1.4023138054764446 0.41891136105472154 -1.6544648983559334 1.348736477159515 -1.6544648983559334 0.660296108016705 1.4023138054764446 -1.6544648983559334 1
0.25204360218195093 3.374687691049174 1.1436061190847904 -2.1807421206837994 -1.3626596497981907 2.680197098558774 -1.3626596497981907 -1.6250076465021293 1.1436061190847904 -1.3626596497981907 2
0.7134579284972209 -0.05711734881515819 -1.3570102372272608 0.6219115876680271 -0.055470755637972546 -1.452747455342489 -0.055470755637972546 -1.2669658484743742 -1.3570102372272608 -0.055470755637972546 1
-1.2333952042901184 -0.8828424601270378 0.46063057533791785 0.22809930751279434 -0.5117846829154065 -1.2462121431919253 -0.5117846829154065 -0.5247321194852601 0.46063057533791785 -0.5117846829154065 1
1.2478241882386085 -1.4604335977004899 -1.5645780431015388 1.1753078270826731 1.380664075406285 -1.1161881637570523 1.380664075406285 0.9082929193792801 -1.5645780431015388 1.380664075406285 1
-1.4693781399495542 0.7565778127737212 1.072195727340048 0.5562494159282323 -1.0656006206130213 0.7761258784772109 -1.0656006206130213 0.8620129323172249 1.072195727340048 -1.0656006206130213 1
-3.1082195184463965 -3.26257329481218 2.5084327389358254 -0.5315865202752817 0.048511000487824085 -1.3447140431929516 0.048511000487824085 0.9089545417997253 2.5084327389358254 0.048511000487824085 2
-0.3417204503166892 0.6812212582679759 0.5250189535557432 0.37053529437630767 -0.20753718273268107 1.2618750178073475 -0.20753718273268107 1.332619829249567 0.5250189535557432 -0.20753718273268107 1
0.35972942664844126 -2.0628119873000474 -0.34724737696260854 0.2949871083732894 1.382657810750783 -0.8087466765053377 1.382657810750783 1.0938917144214757 -0.34724737696260854 1.382657810750783 1
-1.5029553734227712 2.1861082307342783 2.2331701834167235 -2.2779252463561845 -1.9059070808036362 1.598431097557498 -1.9059070808036362 -1.932745179846727 2.2331701834167235 -1.9059070808036362 2
1.3767840336298696 -2.006132865801227 -2.530793830653378 1.7089410786373629 1.1998957572966973 -2.951123687771434 1.1998957572966973 -0.45501773382215727 -2.530793830653378 1.1998957572966973 1
-0.40979388148651014 -0.8391509742739152 1.3721828724687637 -2.902241799835064 0.1253467253207745 -0.3572745414954501 0.1253467253207745 -2.279505491886715 1.3721828724687637 0.1253467253207745 2
0.601457771788498 -4.504013097395943 -3.214969064752401 3.7925009719281446 1.8081602721511096 -5.172066392242757 1.8081602721511096 0.8930378396458903 -3.214969064752401 1.8081602721511096 1
0.2799430194484034 2.601622833200562 -0.04818063793403882 0.19819586162290206 -1.0804038005853667 1.6533538809929873 -1.0804038005853667 -0.09441496183743758 -0.04818063793403882 -1.0804038005853667 2
-1.2507653465865227 -1.722533895773309 -0.5357489126870901 2.3768914395030234 -0.1607868509439847 -2.1178729830369343 -0.1607868509439847 1.0589515251771315 -0.5357489126870901 -0.1607868509439847 1
-1.6401574803558676 -0.7316979712130784 0.46414544261647506 1.5056039726830428 -0.629052019082533 -0.7682557458137886 -0.629052019082533 1.1095545160104532 0.46414544261647506 -0.629052019082533 1
-0.5583441850551206 -0.6747023582504337 1.2088819219135685 -2.2967315855314188 -0.06985534032036989 -0.40608815429235356 -0.06985534032036989 -1.9409864070838567 1.2088819219135685 -0.06985534032036989 2
-1.7492784217741744 -4.83018287532136 2.641831405883263 -2.667608367773666 1.9059725582369502 -1.1762268291345952 1.9059725582369502 0.5705498316507569 2.641831405883263 1.9059725582369502 2
0.07698653697420069 -0.7460041563607605 0.37788851261800194 1.0060211226086935 1.1840697573819308 1.6007773782299997 1.1840697573819308 3.611205155827045 0.37788851261800194 1.1840697573819308 2
0.08699572467267652 -0.24815527801861845 -0.05852185685661859 0.9537840638679513 0.5281232147155661 0.7452368304421547 0.5281232147155661 2.024668748777504 -0.05852185685661859 0.5281232147155661 1
-3.6432337917328534 1.480747609920024 1.1088410734416159 3.219024685504173 -3.099045133112506 -0.3155619488176591 -3.099045133112506 1.3004963257407662 1.1088410734416159 -3.099045133112506 1
-1.693591539370341 -1.3191610356641825 1.0240381474272013 1.2104417562623713 0.007761238948328253 -0.037985777605367366 0.007761238948328253 2.3083023965513876 1.0240381474272013 0.007761238948328253 2
-0.32931423496094364 -1.5298262719331315 0.2666911562295422 0.7225249676067806 0.9378567511609243 0.04132434101279725 0.9378567511609243 2.103786401539141 0.2666911562295422 0.9378567511609243 2
-0.16273009031930294 -1.0412690645379425 0.22766032474874986 0.9305977953778368 0.90602525227564 0.6307708245301253 0.90602525227564 2.5890369885307782 0.22766032474874986 0.90602525227564 1
1.8908874303558152 1.3770723593880285 -1.094893077208269 1.6880376693389796 1.1576184705645627 2.7832802163953207 1.1576184705645627 3.7210692570878665 -1.094893077208269 1.1576184705645627 1
0.958728954051907 0.4772763865636948 -0.5520980442584005 1.0658396579394673 0.7862119078055707 1.5090191382647986 0.7862119078055707 2.3999904142479433 -0.5520980442584005 0.7862119078055707 1
-2.4559571343509328 0.5133489107984582 0.9622338544923842 1.8398281662195095 -1.752771695399914 -0.19683996296060013 -1.752771695399914 1.040651570876722 0.9622338544923842 -1.752771695399914 1
-0.6408280671389203 -3.9675888597758178 0.9367747994116011 -1.5261296916145257 1.6983060203150693 -1.9172766342939283 1.6983060203150693 -0.17741022333829548 0.9367747994116011 1.6983060203150693 2
0.027322462357604698 1.6008994192069588 0.9126016662291226 -1.7992108726579057 -0.7099982173224997 1.3189384113391076 -0.7099982173224997 -1.3928716948534388 0.9126016662291226 -0.7099982173224997 2
1.0412044742860578 0.5379966795313894 -0.025800339376584436 -0.7304225830768128 0.6678798581428478 1.3560998419104613 0.6678798581428478 0.5348362836772718 -0.025800339376584436 0.6678798581428478 1
0.07316050571920449 3.871184304483372 -0.010480090337833037 0.9145718878093465 -1.7477724857799142 2.545708612572927 -1.7477724857799142 0.5391237105456848 -0.010480090337833037 -1.7477724857799142 2
-2.121097107236566 -5.131452198460994 3.27632182090962 -3.136074337063464 2.0055591793081122 -0.8589639990468031 2.0055591793081122 0.8427614284373478 3.27632182090962 2.0055591793081122 2
-3.5946216799641126 0.9794065985464165 2.7176873770027212 -0.6302210934570989 -2.7441358914297957 0.008386339549388167 -2.7441358914297957 -1.2895060432923775 2.7176873770027212 -2.7441358914297957 1
-1.37147670173312 0.45490619293519896 1.6743346197635811 -1.8074771667672644 -1.0995475364352654 0.1794695329802587 -1.0995475364352654 -1.748105957082493 1.6743346197635811 -1.0995475364352654 2
-2.940839303943258 -3.850293068858827 3.1888151820716755 -1.5663690351074628 0.7919787911651259 -0.5885349027452198 0.7919787911651259 1.4675647085079404 3.1888151820716755 0.7919787911651259 1
-0.040678163636036824 -1.7536598213020897 -0.518121324613285 1.1415786731449942 0.8842372734732968 -1.0455414698174916 0.8842372734732968 1.2893475971946513 -0.518121324613285 0.8842372734732968 1
-1.3100729172530043 2.0219117747712376 2.1260460730115645 -2.3232082921469384 -1.6914855182082507 1.5733783285993035 -1.6914855182082507 -1.86447217284663 2.1260460730115645 -1.6914855182082507 2
0.32520477679519233 -1.8988408477971326 -0.39255894555869486 0.4727868517540277 1.2742672881223427 -0.751810967104496 1.2742672881223427 1.1784718740800326 -0.39255894555869486 1.2742672881223427 2
1.066984411314119 -2.9942772617407836 -2.086120014483754 2.4126744846371793 2.0059877013515313 -2.239118279540313 2.0059877013515313 1.9917488958615186 -2.086120014483754 2.0059877013515313 1
-1.0225295490897017 -4.205384032451511 2.753603080398536 -2.682186470412728 2.5193628533462125 0.6190728373435184 2.5193628533462125 2.2407639775139163 2.753603080398536 2.5193628533462125 2
-0.32620891137456115 -3.5633538556370032 1.070350064353628 -1.4582557982243252 1.9886051926824355 -0.8156812804486971 1.9886051926824355 0.9030874014087091 1.070350064353628 1.9886051926824355 2
1.437931212548803 -1.5324812130820034 -1.8451307023196093 1.3707653225890373 1.4772049202821285 -1.3084896970274795 1.4772049202821285 0.8965461808251337 -1.8451307023196093 1.4772049202821285 1
0.3695411359116835 2.002718694574212 0.1622569308298456 0.5564511505168217 -0.3344729205340259 2.372043375357225 -0.3344729205340259 1.6802957672618126 0.1622569308298456 -0.3344729205340259 1
-0.7476566929162377 -2.450974023405011 0.5247434704341009 0.03547142471977991 0.9268992418357992 -1.0730356594936536 0.9268992418357992 0.9250197739617688 0.5247434704341009 0.9268992418357992 2
-4.292908781442693 2.0198095025060714 3.147227098399293 -0.2976881839637439 -3.6728305973256026 0.5351324691717676 -3.6728305973256026 -1.23598977337803 3.147227098399293 -3.6728305973256026 1
1.6423339088816873 -2.8253437298058355 -2.5327046463208904 2.04453245225629 2.089133634855841 -2.5414981757284325 2.089133634855841 1.0989727841488994 -2.5327046463208904 2.089133634855841 1
-1.5878895078843749 1.9003047887416127 0.9194267132261493 1.255492613545571 -1.726381149253434 1.3022028357129327 -1.726381149253434 1.1250959599439823 0.9194267132261493 -1.726381149253434 1
-0.3329176733482429 -0.03142706142951791 0.1881067371032341 0.617160607704719 -0.002542610575142712 0.39032077079535776 -0.002542610575142712 1.092800007587621 0.1881067371032341 -0.002542610575142712 1
0.6961992288452631 -1.6320403534342687 -0.7219003328651679 1.0622904885182722 1.496425843263678 -0.25301802647901817 1.496425843263678 2.0833512649809562 -0.7219003328651679 1.496425843263678 1
0.13849383419497327 0.5943033929217836 0.8459928597251268 -2.124411154215164 -0.1898181243691801 0.6442626770956257 -0.1898181243691801 -1.6332678576680209 0.8459928597251268 -0.1898181243691801 2
-1.741019858164387 1.73120981319211 1.2161006920338917 0.35272587254127574 -1.8804213443277178 0.8752703216398541 -1.8804213443277178 -0.06766051704361853 1.2161006920338917 -1.8804213443277178 2
-0.1784149612858667 -1.6616784599343764 1.3467803682651518 -3.6388450781029333 0.5773934872064426 -1.0055206809985324 0.5773934872064426 -3.027794188863798 1.3467803682651518 0.5773934872064426 2
-1.7862950862804463 -1.9936791914614216 1.0810087855478552 0.6353270146095613 0.11716068981696826 -0.8556161661140205 0.11716068981696826 1.3692542612813734 1.0810087855478552 0.11716068981696826 2
-1.1162187323606945 -1.7644146887354129 0.2037479436956835 1.016814254855153 0.17624716926420325 -1.3329143494546343 0.17624716926420325 0.8681301675010386 0.2037479436956835 0.17624716926420325 2
-0.16231942559781917 -0.7851057528649408 -1.056194995459574 2.1053597857462836 0.08076217076153014 -1.2837374057640916 0.08076217076153014 0.977670451624011 -1.056194995459574 0.08076217076153014 2
-2.3521197954328543 -3.939795302510933 1.744286442423228 -0.9755997796834938 0.5193826347362975 -2.5097937199831195 0.5193826347362975 -0.3880317905844739 1.744286442423228 0.5193826347362975 2
-0.7782914997468998 0.5678561170523087 0.7639788695827943 -0.45273462128762637 -0.7530543310078304 0.29273119780846446 -0.7530543310078304 -0.5162976555254924 0.7639788695827943 -0.7530543310078304 2
0.23610246979670155 -1.0729968264417629 -0.8055390960084017 1.6487007673631073 0.7707108251182954 -0.5095873843318386 0.7707108251182954 1.7958974355891018 -0.8055390960084017 0.7707108251182954 1
2.2002404705878953 -2.967071470035649 -2.3892347879685367 1.4345482557062958 2.7431087033130233 -1.8145657886274356 2.7431087033130233 1.5800520546107104 -2.3892347879685367 2.7431087033130233 1
0.04639415069761458 2.8775348505112563 0.9503876815507636 -1.4836046643499765 -1.252226190225516 2.2599664803350756 -1.252226190225516 -1.0732918466725074 0.9503876815507636 -1.252226190225516 2
1.6755375432782438 -1.9162037029037307 -3.2191825351564396 2.24121776078228 1.1065894118626989 -3.558594053420439 1.1065894118626989 -0.843810990435025 -3.2191825351564396 1.1065894118626989 1
0.1084068733059532 4.694800485728611 -0.5904478066044478 2.5744538009950375 -2.0734117786782704 3.0328528738512586 -2.0734117786782704 1.8988618858435462 -0.5904478066044478 -2.0734117786782704 2
0.5460554878123093 -1.5461413238206763 -1.8072125018622123 2.2289410904157636 0.7523966612694981 -2.0390954161971475 0.7523966612694981 0.7889510895301426 -1.8072125018622123 0.7523966612694981 1
-0.43962888109988313 -3.007232156689904 1.6279985806955581 -1.324189861220251 2.0682627532909437 0.6647228249630772 2.0682627532909437 2.4049509651798076 1.6279985806955581 2.0682627532909437 2
-2.1071780095971158 -5.876261816521873 3.2888675347306218 -3.7126219618645195 2.2430916472265654 -1.625881309075162 2.2430916472265654 0.02610169756749814 3.2888675347306218 2.2430916472265654 2
2.3492411970662808 -0.9886686044754404 -1.4306573631752575 -0.7651029286453084 1.8673077390032897 -0.3637133034183041 1.8673077390032897 -0.3524586836954471 -1.4306573631752575 1.8673077390032897 1
0.11836790161918823 -2.3690375352829887 -1.2266458554748048 1.9591595518421494 1.0986140206736488 -1.994996181751723 1.0986140206736488 1.3682048028106422 -1.2266458554748048 1.0986140206736488 1
1.6397462095750102 0.6042449527103422 -0.6404482878196434 0.3800958401538368 1.2134437604121855 1.9482382571976662 1.2134437604121855 2.1982259746258443 -0.6404482878196434 1.2134437604121855 1
-1.3219788051016457 1.7112130570005197 2.8596471137442325 -4.103556561022012 -1.5337355802794406 1.6043429356001948 -1.5337355802794406 -3.140443840474523 2.8596471137442325 -1.5337355802794406 2
0.49456891679649934 1.2581662221781975 0.5252408212110474 -0.5268050426921301 0.15687611180477457 2.1897458745667313 0.15687611180477457 1.1468578219832577 0.5252408212110474 0.15687611180477457 1
1.4940729186294794 -2.0123895486697663 -1.7790120195608836 1.2487598237998867 1.82430342795437 -1.3628115017178555 1.82430342795437 1.1512156623796914 -1.7790120195608836 1.82430342795437 1
0.16807921548188312 -0.9794134911322857 -0.7552009007786142 1.534436791925173 0.6401069217838329 -0.5700017277292575 0.6401069217838329 1.5345403588843802 -0.7552009007786142 0.6401069217838329 1
1.2932262212672154 -0.17688726871803234 -0.8077347364700518 0.400331722726325 1.0964179664835547 0.6280079581054427 1.0964179664835547 1.2624273986787466 -0.8077347364700518 1.0964179664835547 1
-0.3471457119907634 -1.1481981626712385 -0.0359136378979259 0.892450475710663 0.5058481897214944 -0.39919237669755203 0.5058481897214944 1.3507922788534041 -0.0359136378979259 0.5058481897214944 1
1.5361977955747446 -2.7567762699843135 -1.8743312459344246 1.0869769679621246 2.1493703004680977 -1.972746820297007 2.1493703004680977 0.9047218830295098 -1.8743312459344246 2.1493703004680977 1
-0.6261812212870745 -4.639210277731225 2.1093514098735913 -2.8275113403855325 2.6324097377453537 -0.5280768183478195 2.6324097377453537 1.0291644513676759 2.1093514098735913 2.6324097377453537 2
-0.4806114621789793 2.3209413153374405 1.813217143398388 -2.875874329408675 -1.327124483115767 1.9291376306156447 -1.327124483115767 -2.2154315305106476 1.813217143398388 -1.327124483115767 2
-2.5749757305511176 -0.23576575175203018 0.5768886105295367 2.6692245784021984 -1.5164440019619918 -0.9125559606094478 -1.5164440019619918 1.5605201837922618 0.5768886105295367 -1.5164440019619918 1
-0.9589424636659117 -1.553214125228172 -0.633267304073054 2.0305058247521828 -0.11103680811103556 -2.068999065868535 -0.11103680811103556 0.643949259648565 -0.633267304073054 -0.11103680811103556 1
-1.485491685196572 1.2096771098540346 1.2763724116728339 0.3590007057578261 -1.2313597554505866 1.252428930506855 -1.2313597554505866 0.8797291691769058 1.2763724116728339 -1.2313597554505866 1
0.35709618294731116 -1.7265000488885425 1.296065885676901 -4.228945607341886 1.0028472858902373 -0.7298923457428763 1.0028472858902373 -3.1712842371808234 1.296065885676901 1.0028472858902373 2
-1.8339832032836236 -0.1429816707270708 0.6121519444538108 2.4615804736431626 -0.7241858175205129 0.33106377560937883 -0.7241858175205129 2.838626268739551 0.6121519444538108 -0.7241858175205129 2
-2.203991358356774 1.3416145101977426 1.101733377537287 1.376599530711526 -1.9550280042000083 0.5224509856672617 -1.9550280042000083 0.7764019489190991 1.101733377537287 -1.9550280042000083 1
1.9542249323095005 -3.540401355820803 -1.9154222084877763 1.3910934153999293 3.15674112737916 -1.4008288014436123 3.15674112737916 2.597868756708187 -1.9154222084877763 3.15674112737916 1
-1.9680331508846327 0.08050822731929479 1.0709431913784773 0.30636971899142584 -1.3762929954932166 -0.6089909785946229 -1.3762929954932166 -0.48750852299828473 1.0709431913784773 -1.3762929954932166 1
3.3480599723551534 -2.634991571067962 -3.5930372301995623 1.8960954060292352 3.0659042043092914 -2.115098342884094 3.0659042043092914 1.2615769256309664 -3.5930372301995623 3.0659042043092914 1
-0.6416483182691358 -0.3673760621426062 1.6376877665975536 -3.0706612569456095 -0.246374208193627 -0.0811206705904608 -0.246374208193627 -2.4979677857916878 1.6376877665975536 -0.246374208193627 2
-0.4607223301596109 2.2770941087717227 -0.9067574603502631 3.4079597010395637 -1.3890867932699655 0.986942236445553 -1.3890867932699655 2.2658077951760145 -0.9067574603502631 -1.3890867932699655 2
-2.3405240227963726 2.269865112558342 1.3811047082831758 1.503790518353758 -2.3499638668581047 1.4518182449474906 -2.3499638668581047 1.2349809675184464 1.3811047082831758 -2.3499638668581047 1
-1.7836472124492762 1.776922411532923 0.15888489750626555 3.196081428748601 -1.8582473544997384 0.7987908713862365 -1.8582473544997384 2.347390719137193 0.15888489750626555 -1.8582473544997384 1
0.23681055755421593 -1.16311549426914 -0.12291837197600408 1.1035083053593966 1.2130333107541966 0.5991667643086185 1.2130333107541966 2.7974894953179095 -0.12291837197600408 1.2130333107541966 1
-3.2241874217704973 1.2689885939988785 2.904206599009488 -0.6103060280126892 -2.295034241154556 1.2434139655504972 -2.295034241154556 0.019203075417296822 2.904206599009488 -2.295034241154556 1
-0.5481744966487035 -0.469535215078389 -0.4340559507874031 2.131995510727577 -0.014840910245463856 -0.3249506300089223 -0.014840910245463856 1.9502451605905682 -0.4340559507874031 -0.014840910245463856 2
1.9231707516773318 -0.39784713892270035 -0.37544151569676587 -0.6070157746088594 1.9874430334800692 1.7865459500337768 1.9874430334800692 2.004230819743185 -0.37544151569676587 1.9874430334800692 1
-0.23917732553715923 2.43327123677728 -0.18861270772954297 1.395062832972898 -1.3063096537376713 1.3852885936428827 -1.3063096537376713 0.8142106877809383 -0.18861270772954297 -1.3063096537376713 2
-3.21155201443064 -0.6164578788007355 2.370730738847893 -0.47183471031377483 -1.6406566910135032 -0.6806706045062769 -1.6406566910135032 -0.5909570201281671 2.370730738847893 -1.6406566910135032 1
0.5525299177370704 -1.509365465410698 -0.7937776552507982 0.9006763620011684 1.1379428736861328 -0.7663645322398329 1.1379428736861328 1.1807038931501697 -0.7937776552507982 1.1379428736861328 2
-2.245485595983287 -2.8287394016464846 0.8712257802221806 0.38266481562390314 -0.2373343653563813 -2.73722918476748 -0.2373343653563813 -0.47114586708889905 0.8712257802221806 -0.2373343653563813 2
0.4492408277661403 -1.5832103526686359 -1.3587818034426256 0.9362014046839012 0.5847287767287309 -2.2921651575026445 0.5847287767287309 -0.6551039130346243 -1.3587818034426256 0.5847287767287309 1
-1.864387112001439 0.5923407095297728 2.453151538845135 -2.7617412096582448 -1.4362840312615586 0.3869079405749746 -1.4362840312615586 -2.444490047142184 2.453151538845135 -1.4362840312615586 2
-0.9119611961723113 -1.0028409943352319 0.6015523627437953 0.31510135492259167 0.09069176857015404 -0.32043991345879996 0.09069176857015404 0.8250393593542846 0.6015523627437953 0.09069176857015404 1
0.048879735391118555 -0.3801916361986314 -1.0706366776860632 2.2850460056617115 0.15977157856592505 -0.6176976375179042 0.15977157856592505 1.6087942989367254 -1.0706366776860632 0.15977157856592505 2
-0.5175737112563078 0.47585494966997777 1.0127316782762843 -1.4917622209546413 -0.5436133161259753 0.392419059238035 -0.5436133161259753 -1.2498241146115405 1.0127316782762843 -0.5436133161259753 2
1.7101159551185743 -1.3552118160925777 -1.0574771271050092 0.3144852293630524 2.005611499475516 0.19229691681912886 2.005611499475516 1.6832969651053884 -1.0574771271050092 2.005611499475516 1
0.7903423658502208 3.517695011425643 -0.6571886011564887 1.220072348665958 -1.138487062750536 2.386185665618078 -1.138487062750536 0.9006168889106345 -0.6571886011564887 -1.138487062750536 2
-3.853927961360677 -4.663241877122959 3.8091217014713368 -2.061777931263925 0.5061695581303903 -1.4968732225442674 0.5061695581303903 0.6456831985085096 3.8091217014713368 0.5061695581303903 2
-0.14276841808684418 -3.6370879400502543 0.6643559299254918 -1.3469622600948432 1.941167721011621 -1.3926618448040988 1.941167721011621 0.3287270425581764 0.6643559299254918 1.941167721011621 2
0.2663797864166501 -2.6566947372038454 -0.010516992374522083 -0.3536974913447695 1.6597959752132505 -0.9923579795189301 1.6597959752132505 0.8214317734094356 -0.010516992374522083 1.6597959752132505 2
-2.513014377977376 2.8645470120067444 2.260324532749075 -0.2170183656589858 -2.741460515329155 1.982649728599585 -2.741460515329155 -0.16719375711061235 2.260324532749075 -2.741460515329155 1
-0.1981488808458123 1.9143619514915884 -0.8122323021720914 2.6809454513492965 -1.0490059237847773 0.8820082430903213 -1.0490059237847773 1.7979238026658741 -0.8122323021720914 -1.0490059237847773 2
0.2007068121473936 0.06487860792326376 -0.5091883286028696 0.6599985901934866 0.0015175380570942032 -0.252091439581997 0.0015175380570942032 0.20444550798328587 -0.5091883286028696 0.0015175380570942032 1
-0.29789585995552303 -0.624528159562294 -0.6953538937706623 2.0508814554184642 0.11870194954014746 -0.6434112570204529 0.11870194954014746 1.6026429802932622 -0.6953538937706623 0.11870194954014746 2
-1.0581931985758872 -2.0839134371375594 0.9589138435947542 0.27514150390145403 0.8072460963588008 -0.22033451742019572 0.8072460963588008 1.903991954996626 0.9589138435947542 0.8072460963588008 2
-0.5141626772166749 -1.666553953688215 -0.1997081361905556 1.2964748606754921 0.5960960488818188 -0.9476097892001429 0.5960960488818188 1.4941107036277272 -0.1997081361905556 0.5960960488818188 1
-0.28865072740107495 -2.405183804053474 -2.1446442304039093 3.501213197533431 0.39033003664292787 -3.5569954164877453 0.39033003664292787 0.8173348045498583 -2.1446442304039093 0.39033003664292787 1
1.5458367969254616 -0.9969444230620098 -1.9662737535001722 1.464426537472077 1.2385170579518268 -1.097993307887999 1.2385170579518268 0.7573771647249408 -1.9662737535001722 1.2385170579518268 1
-0.5992988529189639 -1.3569224179869477 -0.8101689357809039 1.7189895883948525 -0.050673230168347905 -2.047741462947606 -0.050673230168347905 0.1977467997703376 -0.8101689357809039 -0.050673230168347905 2
-2.039665185185134 0.24798072366687535 1.4255723720894815 0.260916795012987 -1.2677808196199902 0.1398009957459273 -1.2677808196199902 0.27440831047693537 1.4255723720894815 -1.2677808196199902 1
-0.4874734406111195 -1.2337292751901092 0.11668695381286254 1.2519629052677885 0.6426253708637064 -0.003713145789947969 0.6426253708637064 2.2597433379292395 0.11668695381286254 0.6426253708637064 1
-2.05072289774936 2.000586143960083 1.9919716582291698 -0.07911590937162975 -1.8894496422223233 1.9119055507413263 -1.8894496422223233 0.6310277193836309 1.9919716582291698 -1.8894496422223233 1
-0.44901878464120615 0.6980868754504415 -1.1902036107814493 3.5529878811086033 -0.6898220532371879 -0.20841811776488617 -0.6898220532371879 2.3095581895338713 -1.1902036107814493 -0.6898220532371879 2
-5.449387279611047 1.5729307469960385 3.623748125445597 -0.05993678634716219 -4.31756806809803 -0.3449320433747658 -4.31756806809803 -1.6857539787843225 3.623748125445597 -4.31756806809803 1
0.18373709875018654 -1.8316493717478444 -1.0946262922771461 0.9124588740340747 0.6223757526507856 -2.256537593291819 0.6223757526507856 -0.3942109253405268 -1.0946262922771461 0.6223757526507856 1
-0.9361701319014432 2.213415026872499 0.6013214476140855 0.7438083860175647 -1.5726202775823999 1.3748751559720849 -1.5726202775823999 0.44599606481576903 0.6013214476140855 -1.5726202775823999 2
-2.9440032993628833 -0.10867933584355319 2.90398290156004 -1.4780407069951376 -1.5011328567908258 0.3906831941424719 -1.5011328567908258 -0.6048459233194357 2.90398290156004 -1.5011328567908258 1
0.7584575923823816 2.3356409166927703 -0.5577508945346918 0.7283331411626196 -0.6088633419715799 1.6346437444023327 -0.6088633419715799 0.5784758110750978 -0.5577508945346918 -0.6088633419715799 2
0.6516952294729532 2.9908869737189536 -0.8946965801470455 1.8949224842439967 -0.9771324055797396 1.9462625128052249 -0.9771324055797396 1.4313413159748447 -0.8946965801470455 -0.9771324055797396 2
-1.953437205175995 -2.257342082791002 0.7324980314037335 0.7650196178486743 -0.18878940462349636 -1.976438486142384 -0.18878940462349636 0.30769926207999365 0.7324980314037335 -0.18878940462349636 2
-1.13325587492908 1.6494001045600968 1.2025798730332424 -0.5901235343687727 -1.4516393854797467 1.049769611549625 -1.4516393854797467 -0.6439537637080435 1.2025798730332424 -1.4516393854797467 2
-1.8070900297875863 -0.018343494002690492 1.0466555486996345 0.7293055191394383 -1.0004471300593272 -0.05473182743391969 -1.0004471300593272 0.6793045028899096 1.0466555486996345 -1.0004471300593272 1
1.462592008715023 -2.1446843235771644 -0.6152991307233615 -0.11814718960501006 2.373145355955922 0.09518934126694845 2.373145355955922 1.8988484019500798 -0.6152991307233615 2.373145355955922 1
-0.23524312795704452 -5.60775354852698 1.9934418872287643 -3.769351020959318 3.206714821010032 -1.3530302552961995 3.206714821010032 -0.002219984982000156 1.9934418872287643 3.206714821010032 2
-0.7721362975979975 -0.8390303995640332 0.5824403182866758 -0.21069607044023425 -0.03462921494793547 -0.5119456506943952 -0.03462921494793547 -0.04495377062864314 0.5824403182866758 -0.03462921494793547 1
-2.018771482353829 3.8533455904911524 2.26818444456804 -0.17010119064356438 -2.6755539040018466 3.3301615682855683 -2.6755539040018466 0.6686965619989564 2.26818444456804 -2.6755539040018466 1
-0.788196613519745 1.9759811185736502 0.9873204182580438 -0.5892308677383862 -1.4036970998619955 1.2833679579829949 -1.4036970998619955 -0.6575413705651826 0.9873204182580438 -1.4036970998619955 2
-3.176845559792634 -4.031360687759573 3.0985844876943296 -1.5168118676043083 0.5503544172828521 -1.251284805110553 0.5503544172828521 0.8442450267609013 3.0985844876943296 0.5503544172828521 2
0.4482071056382287 0.7669632828440106 -0.26661219627167587 -0.06544758321455936 -0.1403611736094058 0.4211014067073753 -0.1403611736094058 -0.23900274432248725 -0.26661219627167587 -0.1403611736094058 2
-2.5533539171100434 0.9216394792107625 2.555914411891222 -1.4965079269015307 -1.9096496798200961 0.6695899462442074 -1.9096496798200961 -1.2189793406711207 2.555914411891222 -1.9096496798200961 1
-0.13846146025857223 1.9894760440741108 0.6441398447273797 0.4170011941155809 -0.5722313579870151 2.4974797700745146 -0.5722313579870151 1.7484106789033518 0.6441398447273797 -0.5722313579870151 1
-2.2541590119899735 -4.090798502372152 2.269054243066481 -1.5327349319876888 0.9727088325651145 -1.641871042413277 0.9727088325651145 0.3478520650942013 2.269054243066481 0.9727088325651145 2
-0.08601053576583975 1.333151152301524 0.7616357177660684 -1.501670771138663 -0.7211865477053081 0.9081567220305412 -0.7211865477053081 -1.39998742013786 0.7616357177660684 -0.7211865477053081 2
-2.4348280440122214 -1.1940113620893116 0.9278103467632967 1.762201318650311 -0.8365564188903878 -1.032898598049912 -0.8365564188903878 1.4573135007328417 0.9278103467632967 -0.8365564188903878 2
-0.8766512505285019 -0.08028254662541082 0.026776473863351913 1.9055423532495281 -0.3098380758113989 0.16016533547782497 -0.3098380758113989 2.0243295664444734 0.026776473863351913 -0.3098380758113989 1
-2.9557332363058455 -2.354682089003698 2.1065444263322233 0.3563626389545321 -0.30350489400854763 -0.8692659038163104 -0.30350489400854763 1.4794818857246321 2.1065444263322233 -0.30350489400854763 2
-1.8537598110756728 1.5054219487945892 0.2007262973452102 3.2538458726428936 -1.735307764581472 0.7107462192394922 -1.735307764581472 2.536795659992463 0.2007262973452102 -1.735307764581472 1
-0.5552334776734396 3.0068977117068743 0.6207814642625811 0.27343681251453467 -1.7063758997606349 2.0143137815540855 -1.7063758997606349 0.0998806201910516 0.6207814642625811 -1.7063758997606349 2
-1.6319395059293875 -2.636805385653116 0.8470689711713157 0.1932549474158855 0.3029799442419633 -1.80100783519894 0.3029799442419633 0.34812582080248977 0.8470689711713157 0.3029799442419633 2
-2.0752647233334764 0.9688866227729837 1.421940589614919 0.43120559272234454 -1.6536143353671684 0.5233231154043553 -1.6536143353671684 0.26181806053567935 1.421940589614919 -1.6536143353671684 1
2.296966139193822 -1.3106144076073165 -2.4224629634391137 0.7011591188013986 1.6523925206485357 -1.665246237617195 1.6523925206485357 -0.39614212376885116 -2.4224629634391137 1.6523925206485357 1
1.536875933907019 0.47488393903322534 -1.1697408100104247 -1.0261985175148955 0.21370603309481095 -0.7801285437157243 0.21370603309481095 -2.4095977532155946 -1.1697408100104247 0.21370603309481095 1
0.24511800182477889 -1.8745134890833448 -0.7294804582796716 1.4641784209940645 1.226385220323682 -0.8141724348026314 1.226385220323682 1.970349419819799 -0.7294804582796716 1.226385220323682 1
0.7688963402794302 3.906340331815974 0.47908070269618863 -1.350034896940713 -1.3145092947955967 2.96177408752367 -1.3145092947955967 -1.0263896299529198 0.47908070269618863 -1.3145092947955967 2
2.2484451608055194 -1.472085350644271 -2.4609330108776977 2.4278828956312517 2.259890827183723 -0.39579876285834115 2.259890827183723 2.915605756191277 -2.4609330108776977 2.259890827183723 1
-0.10215726380993276 0.7610020119051253 1.5807131403859822 -3.4676644204604354 -0.41575427332293835 0.8614176565851162 -0.41575427332293835 -2.703825500056128 1.5807131403859822 -0.41575427332293835 2
-0.6096030342829831 -1.3473800924598784 0.6847817471022801 0.43833703741389435 0.758422817872045 0.37122342344290993 0.758422817872045 2.1144372464702044 0.6847817471022801 0.758422817872045 1
-0.8889172687580891 -1.350976763965624 0.5970795755508336 0.9801103096954461 0.5421699709427283 0.1452978998785448 0.5421699709427283 2.328815597469484 0.5970795755508336 0.5421699709427283 2
-2.290456778914748 1.6095719746286095 2.1413974977087653 -0.5593624070050172 -2.00088113316916 1.2590661349610193 -2.00088113316916 -0.2644634221393054 2.1413974977087653 -2.00088113316916 1
0.6728201000416006 1.5445769234742859 0.17213746772026084 -1.1840013364654645 -0.3224234732081963 1.2079123717540485 -0.3224234732081963 -0.958441564328717 0.17213746772026084 -0.3224234732081963 2
-0.8832988912502662 2.915639581170953 1.3038885200600143 -0.8038729446777371 -1.8441039709607692 2.079034989491296 -1.8441039709607692 -0.6878146254935377 1.3038885200600143 -1.8441039709607692 2
2.159415639360367 -1.8813891404917478 -2.209304724251688 1.5590779627943483 2.2893613635816825 -0.8891700373289441 2.2893613635816825 1.884178689864803 -2.209304724251688 2.2893613635816825 1
-2.1030927972738485 0.5252780293026655 1.2102847101570195 0.9631027373055102 -1.4341130515971139 0.24955246280880372 -1.4341130515971139 0.795123590106994 1.2102847101570195 -1.4341130515971139 1
-2.585442808902665 -3.0574491312481666 2.3061722047677415 -0.5368125398403052 0.3855228520319577 -0.8246021711956204 0.3855228520319577 1.356620088673706 2.3061722047677415 0.3855228520319577 2
0.6486359090779668 -2.1189343902209385 -1.3593904838531379 2.0554136522577053 1.5148459319983187 -1.1882716659115276 1.5148459319983187 2.2300585760780667 -1.3593904838531379 1.5148459319983187 1
-0.5516395208474485 2.4448118232907383 1.9328313611548746 -2.9622055382019186 -1.4090523469995229 2.0655765479868267 -1.4090523469995229 -2.228898488078371 1.9328313611548746 -1.4090523469995229 2
0.26262234716354355 -2.8218515340951287 -0.34311486008063596 -0.25683405596548514 1.4967371022329774 -1.7751863136862698 1.4967371022329774 0.06353654897177297 -0.34311486008063596 1.4967371022329774 2
-0.8296526775290911 0.46057122283491925 1.5033111748206034 -0.993946430690464 -0.3136243652039664 1.441088331622894 -0.3136243652039664 0.5570187959583977 1.5033111748206034 -0.3136243652039664 1
-0.3805321390443138 -1.296361315657322 -0.17839087962755318 1.3526573260764942 0.5885738462283088 -0.45590044207063485 0.5885738462283088 1.8276818453540757 -0.17839087962755318 0.5885738462283088 1
-0.9410876407373577 -5.191630287999983 2.42182184861891 -3.264740626932245 2.6751864709791837 -0.9558212239947101 2.6751864709791837 0.608098843948558 2.42182184861891 2.6751864709791837 2
-2.778888354695998 2.568747989512774 1.8483293745072067 0.8368798945744663 -2.8761487744122642 1.3343304406155594 -2.8761487744122642 0.2346500622589638 1.8483293745072067 -2.8761487744122642 1
0.1865632069380012 1.2113465110815156 -0.46476371733519395 3.1384673247141928 0.26008023308077777 2.488434666915618 0.26008023308077777 4.871783889349631 -0.46476371733519395 0.26008023308077777 2
-1.5760629198504401 0.041934145445427284 2.2535579211008017 -2.857556003937517 -0.9901416450562806 0.10173029333156514 -0.9901416450562806 -2.4056981088218734 2.2535579211008017 -0.9901416450562806 2
0.4765667082540822 -1.3818149509274125 -1.0667712883333764 1.297096025917194 0.8825769170190086 -1.1475728424033727 0.8825769170190086 0.9394927503151637 -1.0667712883333764 0.8825769170190086 1
-1.0744598210709129 -0.4195236681927977 1.9038777897851458 -1.8600067140994967 -0.08094009407319747 0.831182408208973 -0.08094009407319747 -0.1860110808446851 1.9038777897851458 -0.08094009407319747 1
-3.1991496156141177 1.4501354220428708 1.6413881308670732 1.5554393182684112 -2.6817802725396502 0.2597424123519887 -2.6817802725396502 0.5472925031959837 1.6413881308670732 -2.6817802725396502 1
1.7945092550514394 -2.1912213934718423 -2.645517661581752 1.7380688000360094 1.714745592360782 -2.5425884724576724 1.714745592360782 0.2403930276612556 -2.645517661581752 1.714745592360782 1
-0.30287723293709984 1.5658675852441335 0.10792841653627161 1.4523342879322225 -0.6273072401642206 1.6615838338516138 -0.6273072401642206 2.006852970175567 0.10792841653627161 -0.6273072401642206 1
-2.3227832761691114 -0.18404718355698696 0.6948482362084432 2.2153455063196175 -1.3024994859329393 -0.5648429387242924 -1.3024994859329393 1.5372928398771335 0.6948482362084432 -1.3024994859329393 1
-0.7044933940428078 -0.5559223637242892 1.61651962153662 -3.009734896342281 -0.2135457459860215 -0.26837427819733306 -0.2135457459860215 -2.5074221810485673 1.61651962153662 -0.2135457459860215 2
-1.7494051026198096 -0.5192644756128312 2.1283711304077744 -2.454894646881996 -0.851150969520398 -0.3853037339089673 -0.851150969520398 -2.146429069722894 2.1283711304077744 -0.851150969520398 2
-2.692109704183079 0.6469736757219309 0.2319182727291358 3.883715460523359 -2.013376166392956 -0.499877549514245 -2.013376166392956 2.3787617430319097 0.2319182727291358 -2.013376166392956 2
-0.5149890368468993 1.9810528430301166 1.0186200861625534 -1.106684884457584 -1.2352243163727814 1.3863375972096408 -1.2352243163727814 -1.0074359734763763 1.0186200861625534 -1.2352243163727814 2
0.007470502500971926 -4.479230283544572 1.2314208633277821 -2.4703763840775017 2.677202858238383 -1.121707544661393 2.677202858238383 0.42279161782206576 1.2314208633277821 2.677202858238383 2
0.947722707193488 1.7879714765758898 0.5503645599545173 -0.8079147013895226 0.3274895294166065 3.023934015452039 0.3274895294166065 1.454355410748257 0.5503645599545173 0.3274895294166065 1
-0.5979810779430929 1.5661635399482412 0.6817429068469034 -0.18244315489610136 -1.066418838206807 1.0740250702414245 -1.066418838206807 -0.19468273669684866 0.6817429068469034 -1.066418838206807 2
1.8846642765060997 -2.480952333088576 -1.7247435388645174 1.4037102705129927 2.652895314456849 -0.6096570010601202 2.652895314456849 2.656013893875076 -1.7247435388645174 2.652895314456849 1
2.1505829553950067 -0.8340944864627067 -2.4840298051030434 1.2073553387253142 1.3385289041514765 -1.423157780576476 1.3385289041514765 -0.06041125324084917 -2.4840298051030434 1.3385289041514765 1
-0.9641243720139111 -3.252763403167119 1.1073433104969153 -0.8566823972779578 1.296483206061853 -1.1897970093115966 1.296483206061853 0.7130179728105743 1.1073433104969153 1.296483206061853 2
-0.0944763882902798 2.4274236800265854 0.10882000502568445 0.4812964169476416 -1.1977501716051813 1.5432112653891283 -1.1977501716051813 0.19390049115937114 0.10882000502568445 -1.1977501716051813 2
0.04554378907182374 -0.05701072533999057 1.656252710865826 -2.795207008876877 0.5167783440330038 1.5441315626382042 0.5167783440330038 -0.49644881000144236 1.656252710865826 0.5167783440330038 1
-0.6860678706898611 -2.8134533284598136 0.8907695963375402 -0.495022188048455 1.3277425739751005 -0.7128970147358039 1.3277425739751005 1.2329881875628863 0.8907695963375402 1.3277425739751005 2
-0.11672009822464664 2.243363051710886 0.41436737987771666 -0.1050190272803947 -1.0676713164814624 1.6387171896810449 -1.0676713164814624 -0.042907220227114684 0.41436737987771666 -1.0676713164814624 1
-2.0175317966708617 -2.0283994318882557 1.907172132181279 0.2230798943848339 0.42075323628325845 0.32697237320786465 0.42075323628325845 2.5436839215196256 1.907172132181279 0.42075323628325845 2
1.3866140510663172 -1.5677049303880175 -1.8273996343211736 1.386137114809282 1.455921691275665 -1.357953896563693 1.455921691275665 0.8816561832992269 -1.8273996343211736 1.455921691275665 1
-2.598334461534087 1.6080429456776766 1.729889426828858 0.7616495021818399 -2.254585810209626 0.8970255845339395 -2.254585810209626 0.4756420212192636 1.729889426828858 -2.254585810209626 1
-1.180245760946328 -4.384965189865494 1.6867065528699192 -2.0364098531915436 1.7457249129634793 -1.705863115508048 1.7457249129634793 0.03534272548873807 1.6867065528699192 1.7457249129634793 2
-2.0277881356207623 -0.3035851156897096 3.0786941531468064 -4.144025005919952 -1.0870339073048125 -0.004220199186164342 -1.0870339073048125 -3.3619114824196275 3.0786941531468064 -1.0870339073048125 2
-1.569282057434204 -1.3816175014951573 2.313554703501541 -3.5051959720130297 -0.3688847494295284 -0.914719284035852 -0.3688847494295284 -2.9868853622176292 2.313554703501541 -0.3688847494295284 2
-2.0196177083746334 0.8699565371502836 1.9634730852653204 -0.9145599278590275 -1.543565966063494 0.6870285894710229 -1.543565966063494 -0.6505422847448341 1.9634730852653204 -1.543565966063494 1
-2.0570985123527032 -4.149797341753058 2.426256773180068 -1.801038091144952 1.2811169881899456 -1.1818303147277933 1.2811169881899456 0.7368072538163678 2.426256773180068 1.2811169881899456 2
0.4419135111001383 0.9679592170241017 0.1634330797545901 0.10878631609145882 0.16968558822347157 1.671066883153089 0.16968558822347157 1.3237934976241474 0.1634330797545901 0.16968558822347157 1
-1.6699015369725179 -0.9398668237882255 0.059019137533898425 2.149446272474713 -0.6684912406098951 -1.30772407110986 -0.6684912406098951 1.1920219820408466 0.059019137533898425 -0.6684912406098951 2
-1.3048043437223977 0.7630059476254452 1.5865497286290613 -0.8427876844837371 -0.9256936710243474 1.0645539636861108 -0.9256936710243474 -0.03996358935395605 1.5865497286290613 -0.9256936710243474 1
-2.764366470958384 -0.03701891367256676 1.5048271970328795 0.9033635801726275 -1.6826163920448671 -0.5027660447080795 -1.6826163920448671 0.32420073109118563 1.5048271970328795 -1.6826163920448671 1
0.6353858096631009 3.8245408867017248 0.1736354852462677 -0.3671861438716666 -1.3435175435017035 2.8279332528468055 -1.3435175435017035 -0.23439441891828172 0.1736354852462677 -1.3435175435017035 2
-1.1575700560935955 -1.4074963970327279 -0.7696923268115925 2.009879341962853 -0.5535657497075444 -2.69907774471928 -0.5535657497075444 -0.29907264800882727 -0.7696923268115925 -0.5535657497075444 2
0.7084246176233746 2.69917309659836 0.1619943601103201 -0.8324124780444246 -0.8054176218193799 2.0438514565826638 -0.8054176218193799 -0.6300598149398327 0.1619943601103201 -0.8054176218193799 2
-0.5888208644203672 -3.0738309493307745 1.40805702764079 -1.1014125008586368 1.8171635504015926 0.046440037466610296 1.8171635504015926 1.885974179039737 1.40805702764079 1.8171635504015926 2
-0.21290066563665133 1.005090667587863 1.0705851471124643 -1.9726472769924428 -0.5928398140232161 0.8679779736176934 -0.5928398140232161 -1.570513641848484 1.0705851471124643 -0.5928398140232161 2
1.1379317133016447 -3.7640602135709487 -2.6661603424893157 3.2045931553831584 2.301449345939302 -3.1256971177844903 2.301449345939302 2.2714263049064387 -2.6661603424893157 2.301449345939302 1
-1.3462846433718927 0.4382767525688114 1.569772222743417 -1.494399048797913 -1.03918465972838 0.2425891895190746 -1.03918465972838 -1.3728865075209629 1.569772222743417 -1.03918465972838 2
-1.2483142606433255 0.8747887386262507 1.1435357185337605 0.15323082131891638 -0.9477495134676913 1.0309926543836991 -0.9477495134676913 0.7074149245723863 1.1435357185337605 -0.9477495134676913 1
-1.1121758507115684 1.0858983742434662 1.1101853061981526 -0.5789098218913563 -1.1886676206847466 0.6381683250820865 -1.1886676206847466 -0.6464054725058064 1.1101853061981526 -1.1886676206847466 2
2.056279962445749 -2.3939214964447446 -2.9605251988737185 2.919114847605549 2.287628793305396 -1.8816798145284763 2.287628793305396 2.3130841181272768 -2.9605251988737185 2.287628793305396 1
-0.821090502627204 0.25698255015878346 -0.2147108813596339 0.9122445115827974 -0.9872714948223669 -1.045095957740616 -0.9872714948223669 -0.7074670356218113 -0.2147108813596339 -0.9872714948223669 1
0.22407508686066896 1.6904070606430168 0.6020453953070783 -1.3918931128624588 -0.6461353520248354 1.3212154689073907 -0.6461353520248354 -1.1141131435520633 0.6020453953070783 -0.6461353520248354 2
1.822938073935348 1.3895264737505932 -1.383516655627615 2.147154191790334 0.9844739644370577 2.385219830996248 0.9844739644370577 3.618841471921413 -1.383516655627615 0.9844739644370577 1
2.6308744789831944 0.279884196810028 -0.9361639350632165 -0.753867866053747 1.9269948531756527 1.8549329005442967 1.9269948531756527 1.3137430938869714 -0.9361639350632165 1.9269948531756527 1
2.0707121053907085 -0.5462351695520976 -1.3518465945322125 -0.022276406707625294 1.6176782200413657 0.17316010118714975 1.6176782200413657 0.6069140522065822 -1.3518465945322125 1.6176782200413657 1
-1.05871670799295 0.2465627561494472 1.2797521291743468 -0.06801376421619623 -0.33365452720399036 1.2281513353227527 -0.33365452720399036 1.321522179453508 1.2797521291743468 -0.33365452720399036 1
-0.5876255697027921 1.1528572804321948 1.6106361007092538 -1.4326907922759378 -0.4711731528015084 2.030244800930586 -0.4711731528015084 0.27321207851669294 1.6106361007092538 -0.4711731528015084 1
-1.570503971381192 -0.5688120913589305 1.988548463269654 -2.347310341189281 -0.6911615439683267 -0.3300652074261359 -0.6911615439683267 -1.9423820248724222 1.988548463269654 -0.6911615439683267 2
-1.9929447277305035 2.5515171147559226 2.262532886503667 -1.400928870562078 -2.360831548248729 1.7310152696854104 -2.360831548248729 -1.28776750978878 2.262532886503667 -2.360831548248729 2
-1.7717271180747627 -3.5654194067685556 1.670740381151809 -0.989799330981631 0.9382949755424432 -1.5183742217718232 0.9382949755424432 0.49446263917649513 1.670740381151809 0.9382949755424432 2
-0.967999136257397 0.9015470709962616 0.03305626381010196 2.4733563123172857 -0.7585867593460769 0.9284951730048652 -0.7585867593460769 2.6231267490856203 0.03305626381010196 -0.7585867593460769 1
-1.1833464037107513 -0.928376156807003 0.8219131298486092 1.3610221079902116 0.28176972259410593 0.675734118655196 0.28176972259410593 2.9738745939327074 0.8219131298486092 0.28176972259410593 2
-0.11162325921421516 -2.220415110002331 -1.8938626840469688 3.329538576376285 0.6535369541573649 -2.7215329150729053 0.6535369541573649 1.5497319747901122 -1.8938626840469688 0.6535369541573649 1
-1.031018920311004 1.621024437562121 0.7556948551804382 0.23529041857045213 -1.4046091660096902 0.8783954406308792 -1.4046091660096902 -0.09958303131334734 0.7556948551804382 -1.4046091660096902 2
-1.6392773275101704 -1.3831191193063253 0.7888967445662758 1.2160848131191295 -0.09080372885176446 -0.5240386399184245 -0.09080372885176446 1.7513574514006018 0.7888967445662758 -0.09080372885176446 2
-3.4170955616064056 -2.1823618104307836 2.230622134583649 0.7377594943708414 -0.7107457021012071 -0.9775596545928678 -0.7107457021012071 1.54756323747227 2.230622134583649 -0.7107457021012071 2
-1.258781690071237 0.2597854682507502 1.7120230303266106 -2.0171943478322683 -0.898083829708366 0.2006202058001446 -0.898083829708366 -1.7371754492505667 1.7120230303266106 -0.898083829708366 2
-2.21781699847659 0.7112650318492229 1.85629407884731 -0.0018869142338157744 -1.4625259203196637 0.8170099890179032 -1.4625259203196637 0.4863416552866756 1.85629407884731 -1.4625259203196637 1
0.038295476530859726 -1.3639502407904174 -1.7240527048697252 2.0679362670268278 0.05791285995840578 -2.7978973603658908 0.05791285995840578 -0.4634787351393481 -1.7240527048697252 0.05791285995840578 1
-1.8137883014921428 3.750797451229152 1.1907537708523213 1.7361133664789545 -2.6224561900344483 2.7560122983992303 -2.6224561900344483 1.734105627391469 1.1907537708523213 -2.6224561900344483 1
-3.242133441460435 1.5813334214393528 1.9842840967214057 1.1112858150600566 -2.669458337375163 0.6658819921400163 -2.669458337375163 0.5475896878352716 1.9842840967214057 -2.669458337375163 1
-0.8184814112708192 -5.1547425842872165 1.7079254834744013 -2.8332666866003446 2.343155829959133 -2.044507716210937 2.343155829959133 -0.4270323020333977 1.7079254834744013 2.343155829959133 2
-2.8487099208480022 1.9708274631905511 0.9303858250017213 2.915841581684008 -2.6796830513730656 0.5982183433687499 -2.6796830513730656 1.7107264176684118 0.9303858250017213 -2.6796830513730656 1
0.9518944955278604 -0.027079584892324354 -0.4889054275796828 -0.16933387863781701 0.6765125537169211 0.350222212537993 0.6765125537169211 0.2767969713200453 -0.4889054275796828 0.6765125537169211 1
1.142401138718543 -1.0697993795544847 -1.2453706327837608 1.2347364322602814 1.3315537133903503 -0.32453394742327735 1.3315537133903503 1.617699871939752 -1.2453706327837608 1.3315537133903503 2
-1.1349291085602589 -0.7017770737577312 0.04365273775112999 1.5150775304351407 -0.39720812258652827 -0.8594735994179823 -0.39720812258652827 0.9532546833656149 0.04365273775112999 -0.39720812258652827 1
0.7243955411718872 -3.127684223464083 -3.1988213705774116 3.183337042202712 0.9903307374517818 -4.868897072385849 0.9903307374517818 -0.5229840763389368 -3.1988213705774116 0.9903307374517818 1
2.635818701146371 -1.6095411449857147 -2.4419362057392204 1.4702019025574056 2.4783719873228964 -0.5679411400464706 2.4783719873228964 1.9454319033773468 -2.4419362057392204 2.4783719873228964 1
0.5118984146647714 -0.11718096814584797 -0.01811435178855847 -0.3781153186741892 0.528877799572678 0.47544558663628855 0.528877799572678 0.34925939415010954 -0.01811435178855847 0.528877799572678 1
-1.7047374531751323 -0.18800517260821029 0.7372929816519923 1.5116157712883362 -0.7724604606071488 0.0035987294391245372 -0.7724604606071488 1.6051671163098777 0.7372929816519923 -0.7724604606071488 1
0.009660148704721944 0.25889065194477096 1.218395822860402 -1.3811059154502887 0.4226887678265425 1.813655390347004 0.4226887678265425 0.8300420361253119 1.218395822860402 0.4226887678265425 1
-0.7455038839244341 2.6519532878182397 0.9413695643981951 -0.3358396454414729 -1.6777719849056296 1.7577059999899631 -1.6777719849056296 -0.4427056111018919 0.9413695643981951 -1.6777719849056296 2
-0.4518385400855238 2.4149117637194624 0.6987481103281676 -0.25076683485881873 -1.3721936193195208 1.670965915655952 -1.3721936193195208 -0.274046047077124 0.6987481103281676 -1.3721936193195208 2
-3.4052522896639004 0.4609232704361228 1.4597361903546848 1.9339155750807018 -2.401221619994552 -0.6217237786668985 -2.401221619994552 0.6734888971206237 1.4597361903546848 -2.401221619994552 1
0.293351040281454 1.2539344383706124 0.505065386553081 -1.415601800338723 -0.41222891085329116 1.0066024730841778 -0.41222891085329116 -1.142021606508923 0.505065386553081 -0.41222891085329116 2
0.39483338373573823 -3.8604174499385087 0.5050650847279352 -1.7326765485568427 2.4363351015926997 -1.2595129890955525 2.4363351015926997 0.33138491742352394 0.5050650847279352 2.4363351015926997 2
-0.8439870081159218 -0.7703870168811698 0.4499233723332119 1.053194680836579 0.1736065464049531 0.18424200124381773 0.1736065464049531 1.9149618671663708 0.4499233723332119 0.1736065464049531 1
-1.8027876289572988 1.5840162970334182 0.5845106327956034 1.9953939229078363 -1.8334938929006965 0.6427469757823434 -1.8334938929006965 1.247381724758449 0.5845106327956034 -1.8334938929006965 1
-1.8528746663139748 -4.598741827608226 0.8595752667835725 -1.2435053013518516 0.6317091807215967 -4.250987899955464 0.6317091807215967 -2.264703499181174 0.8595752667835725 0.6317091807215967 2
-0.2671141105203151 3.0476712303015216 0.890258798689236 -0.7632343292871115 -1.51929038535616 2.2697813534226956 -1.51929038535616 -0.5552476964969155 0.890258798689236 -1.51929038535616 2
-0.8872774114552785 -1.0812431002859084 0.44254131215031767 0.6427500454625402 0.1433160520745893 -0.4011291236502481 0.1433160520745893 1.086661147951648 0.44254131215031767 0.1433160520745893 1
-0.8608193767520025 -1.3401151870657444 1.2776282918425712 -2.0690997359756897 0.07654679922990582 -0.8564422833671246 0.07654679922990582 -1.6920428801680663 1.2776282918425712 0.07654679922990582 2
1.346729104211585 1.9872631600382795 0.08369377064807959 -1.96399988666961 -0.11226302256464671 1.68546892181999 -0.11226302256464671 -1.4823525952383538 0.08369377064807959 -0.11226302256464671 2
-0.2286998523982807 -1.0741102760289485 0.08928552687765134 1.0502089167003568 0.7691572161686813 0.27662831822829803 0.7691572161686813 2.2789490924526996 0.08928552687765134 0.7691572161686813 1
-0.6139273795353286 -0.6599448937049041 0.6784569019250193 -0.07455950214802005 0.18540898639616277 0.1898589446138853 0.18540898639616277 0.799803819992569 0.6784569019250193 0.18540898639616277 1
-0.9484977622854394 -2.720054752618504 1.027046183001583 -0.3717615837981121 1.121806876787847 -0.7023359577324833 1.121806876787847 1.2835355791141452 1.027046183001583 1.121806876787847 2
-2.022337361401776 -3.5160099905429143 2.9737838612607224 -1.7002764287796794 1.4746098663664151 0.5386631499044039 1.4746098663664151 2.437046459494826 2.9737838612607224 1.4746098663664151 2
4.235313151933818 -2.39220511073418 -3.7503494422654753 1.0105456156849846 3.5462540287780726 -1.603607341378638 3.5462540287780726 0.858344958792256 -3.7503494422654753 3.5462540287780726 1
1.3612492556946767 -1.7385130860211842 -1.1311667377059609 1.5052005841327298 2.157681555136742 0.2858464120588393 2.157681555136742 3.2337791178346293 -1.1311667377059609 2.157681555136742 1
-0.46941807811666153 -0.6656614626162467 0.4549599544236922 0.04435483103431433 0.21235630570468433 0.014089306015149239 0.21235630570468433 0.6821200384625274 0.4549599544236922 0.21235630570468433 1
-1.043616167130855 4.398647371575118 0.4760605732553599 1.6774617357799213 -2.6921107212265234 2.632633450059622 -2.6921107212265234 0.9034992816210197 0.4760605732553599 -2.6921107212265234 2
-0.19381434601602998 -3.4813312108173466 1.0946498009526022 -1.4848166230072164 2.112938507231709 -0.5136957895265556 2.112938507231709 1.1829034527245421 1.0946498009526022 2.112938507231709 2
-1.0417902636307999 -3.274141041259097 -0.04252805709494867 -0.06988149989723844 0.50960886758589 -3.3806899030622444 0.50960886758589 -1.3425209360808665 -0.04252805709494867 0.50960886758589 2
-0.6973106674131305 2.748200517095696 0.15466210865687802 1.4696578334555708 -1.7095957429521125 1.5954142260847912 -1.7095957429521125 0.8820335778940536 0.15466210865687802 -1.7095957429521125 2
-2.4312334227062444 1.0854397974629706 1.3868161824391878 1.156702272109374 -1.9185641572703824 0.4997818166686677 -1.9185641572703824 0.7925334080608148 1.3868161824391878 -1.9185641572703824 1
3.180686983001343 -1.4627743454554514 -2.229578407577197 0.8665072430208195 3.0177244224123507 0.4276719541225229 3.0177244224123507 2.5123151915682147 -2.229578407577197 3.0177244224123507 1
-0.05318979634540056 0.8813350556802773 0.2763755743510512 -0.486181007948154 -0.4879813625208238 0.5108330568171844 -0.4879813625208238 -0.584838984646483 0.2763755743510512 -0.4879813625208238 2
-1.6738660619997 -2.559460149731449 -0.38416021044639215 2.516703993070393 -0.023674291583872575 -2.7328787210781544 -0.023674291583872575 1.180688744140378 -0.38416021044639215 -0.023674291583872575 1
0.27888921758265955 -1.783701916015666 -0.932286872520499 1.8893242935512913 1.1928863002032017 -0.8258740272971998 1.1928863002032017 2.253163730739187 -0.932286872520499 1.1928863002032017 1
-3.584666018359282 3.366032550173533 2.7786114256168806 0.4105077481354531 -3.6379565773786404 2.0946783550656436 -3.6379565773786404 0.12923851285510213 2.7786114256168806 -3.6379565773786404 1
-3.2709348297273295 -4.0686294672939365 3.0236887668033736 -1.416919417060327 0.4296163671016451 -1.523016964886453 0.4296163671016451 0.6264234825105364 3.0236887668033736 0.4296163671016451 2
-3.4759093204448743 2.219781035320503 2.2100908352905315 1.4029241786434736 -3.007727430830447 1.3183747769881196 -3.007727430830447 1.069114680002032 2.2100908352905315 -3.007727430830447 1
0.5270343047866705 1.0879092799246337 -0.08269216357812326 1.0023064976453058 0.309573345616873 2.0697718335243342 0.309573345616873 2.519908794092349 -0.08269216357812326 0.309573345616873 1
-0.8890417928888937 1.1212049058954592 0.7377620668735074 0.005740482574944931 -1.0535187322245385 0.6722370161031932 -1.0535187322245385 -0.12002106353603659 0.7377620668735074 -1.0535187322245385 2
-1.1018273418946312 -4.6310566637247605 3.0868625837418175 -3.157457109924981 2.7781240341520284 0.6752736633081289 2.7781240341520284 2.2754326623789307 3.0868625837418175 2.7781240341520284 2
1.754202720785614 -2.0112164467691627 -0.07268200906921973 -1.614797743064254 2.5843213849142717 0.6423558905077037 2.5843213849142717 1.1173224616549045 -0.07268200906921973 2.5843213849142717 1
-0.9310722005754986 1.285989281221813 0.6365792447427814 1.041624009670582 -0.9165618329779706 1.3361066858308357 -0.9165618329779706 1.5056344113517568 0.6365792447427814 -0.9165618329779706 1
-1.627546681236664 -0.24526038481547857 0.6632078617333618 2.24070063131651 -0.45457306094953576 0.5783356091268512 -0.45457306094953576 3.0386159175990803 0.6632078617333618 -0.45457306094953576 2
-0.2923532076084215 0.8507743274597593 1.1079276289065183 -2.062873748297553 -0.6021532022652019 0.6726344964447837 -0.6021532022652019 -1.7562666189457312 1.1079276289065183 -0.6021532022652019 2
0.12554032287137712 0.9063997375767604 0.4647199130175673 -1.1697427649908902 -0.36796311545865357 0.6840855598247968 -0.36796311545865357 -1.0085795406066846 0.4647199130175673 -0.36796311545865357 2
-3.3373538903183495 1.8611610260091775 2.3534107090315457 0.4878043260719716 -2.842956865203189 0.9482512990664247 -2.842956865203189 0.09697009835173787 2.3534107090315457 -2.842956865203189 1
-1.2100950997353068 1.4464398778493481 0.517072208433607 1.6456560183568354 -1.228769528084974 1.1591320394982692 -1.228769528084974 1.6891814633947302 0.517072208433607 -1.228769528084974 1
-0.5840538080585728 1.2907582801912174 0.9994787332437727 -1.172804947818662 -0.9743886241054811 0.8689947650928872 -0.9743886241054811 -1.094717174777952 0.9994787332437727 -0.9743886241054811 2
0.7859167659750455 -1.775052466262429 -1.3541812774695257 1.1347416718521814 1.1680908394870024 -1.5964927235712756 1.1680908394870024 0.5668947252994365 -1.3541812774695257 1.1680908394870024 1
1.159830054123697 1.128668693933246 -2.893828588339181 4.0495856558482375 -0.2849622555251796 -0.8151002328273971 -0.2849622555251796 1.5242264339000022 -2.893828588339181 -0.2849622555251796 2
-4.396034952721001 0.42118492013755254 3.2189988110828365 -0.4873194388944322 -2.914370886577672 -0.31890800396460395 -2.914370886577672 -1.0360663240653238 3.2189988110828365 -2.914370886577672 1
3.0643021038154914 -1.358555159684297 -1.6556327483138582 -0.7290102882768823 2.7487730345774697 0.23304915124488312 2.7487730345774697 0.7433894933661201 -1.6556327483138582 2.7487730345774697 1
0.12316227018222806 -0.5900769177749191 -0.18552095182746176 -0.3931650844569908 0.1776854466182748 -0.8196682375141854 0.1776854466182748 -0.8642639208778984 -0.18552095182746176 0.1776854466182748 1
-1.625245249337187 -2.3617816781414205 0.38543169781833264 0.7373623875801223 -0.04454975642134462 -2.2936704434033715 -0.04454975642134462 -0.039600360410671165 0.38543169781833264 -0.04454975642134462 2
-5.500121311849773 1.1199615324752168 2.0176957972172254 2.9532039671198325 -4.437708519909938 -1.803616233671168 -4.437708519909938 -0.42197334025298217 2.0176957972172254 -4.437708519909938 1