n: 200 f: 10 f_i: 10 f_red: 0 f_rep: 0 label_cnt: 4 noise: 0.01
200
10
4
2.7589498690385517 3.823892501261242 -1.9673745103082334 -1.1954888523054086 0.4084619164984925 -3.7743952231005755 0.822818488933491 -0.1980143303347206 -4.290289540084283 -4.753098225961203 2
1.1601538988111244 -0.9889110927808579 -3.048639993699057 2.5230040084454375 0.0908677588468566 -1.0210069579419314 3.1349696147872 2.531168485296301 -1.7294324081957795 -2.881871542066457 3
-0.6320388402352919 -0.5015899210637951 -2.7850568992322255 -1.7796093785434746 1.994828156958142 -1.274631153499217 2.436043294502902 1.5882820804120237 2.7633039086528077 -1.3887420444775753 0
-1.242412218486944 0.024744130382713614 -2.066943597781841 -0.6004110624140997 -1.618096175760381 4.791541331093419 2.1249705233215894 3.520785861993627 3.815538538328449 0.8443295445948831 0
4.2172100741261715 4.366367504424645 -1.4750494722179097 -1.5774941492710148 -0.4311031302764221 -1.7261951226673355 -2.1918153738720534 -2.9590629906179036 0.5157419272033927 0.6408978651426709 1
4.983433704767288 3.0003670489700225 -4.531296314553462 -0.559621257057086 0.7593735708021854 -1.2857310488611593 -5.307536172706972 -5.22222315516475 0.01198264722309017 2.8555513734987032 1
0.07483522461260184 1.417025563274563 0.6089589006032681 2.8131938934955367 -1.2099388927501729 0.9660089633029192 1.5910083160329604 1.0164785328865489 -1.2908048926334499 0.0295422074990761 1
-3.0373993458237565 2.6405375250460876 -0.03635929014133121 3.582934872110924 -2.0901591602553915 -3.083249529902637 -2.144158601765714 -1.1625518343032364 -2.5509643847565933 2.3280418991421956 2
-1.4225440915782601 -2.9119878413426137 -1.2575310010705953 2.912395647995641 1.0570056102464167 0.9454773739096688 4.186822176708841 -1.186629666437283 -1.9192500008263653 -3.9351110125936795 1
-1.135690010214574 1.8384993278715882 -0.13094828017153337 0.22481997489264305 2.5284190633534163 -0.30049909855670287 -1.2935009984254007 -0.9710742081570202 -2.7619015901276764 2.3097095780429586 0
-1.7448023992836887 -1.8820420093417374 2.434492868633271 -0.21494148243029443 4.484581432915673 1.2394164646090995 0.5549907840729515 1.8186777859357641 -0.697103460580839 1.5289315316131709 2
-0.4717089166736198 0.5007502654210292 -0.8821421313016864 -3.409202986204297 -0.8239142322967242 -1.6998203587867362 1.1628443483429098 -1.6117291469049218 1.7524413517434243 -0.3195354509526822 3
0.021114743111205758 -0.8628631522840428 -1.4010911690790082 -1.365985571693721 -1.3812503948457209 -3.2910593338384637 -0.02018751574592903 -0.5316569653314958 0.445285092999533 1.2992709747079836 0
2.563516522783397 -1.173371086774813 -1.2647395678453206 1.2746562811009294 2.0361935860245692 -1.5816728581332105 0.8046669511521357 -0.4007256836135582 -0.2939823400548761 -2.180068648602965 2
-0.990962269552609 3.0145988561431905 0.9192168017864883 -3.728853231824009 2.3419852391854397 2.081530017196354 -1.229796670662696 1.5375119145393477 -0.7638904883303028 -0.8953658692022067 3
3.640031478591596 -1.262756420758869 0.3135499753800226 0.49931534887647944 -2.6463713864411966 -0.06423641339210817 1.0450296576158777 3.0997102733577466 0.2728438014900446 -2.415309222269293 0
-1.8805700798895733 2.39908577792516 2.1496871122584262 -2.031557479443569 -5.825036900350023 -0.7332686442365464 -0.216066742359859 1.1086438881928373 2.215000981741011 -1.720129056821909 3
-0.2615627510332271 0.03681860510264079 -0.9913674731079762 1.0788264032668478 -1.1771885603105627 1.644253301093319 0.6389980899774359 1.5432695140528694 0.2506757683424401 -1.8698805675595187 1
1.0084629541340293 -0.33705105555750103 0.724971361547601 -0.6400546905778288 1.1610872207061314 -4.960068571798418 -0.7643237723978205 -0.49833318830043316 -1.6006863784935201 0.9739974373908784 0
-2.029993394657983 0.2881859727075451 -1.5303702565838897 -0.916489232532026 4.262744241533711 -3.104597704330248 2.0835033740105313 1.526181828183525 -1.5721519512339879 -3.166871686411092 2
-3.1808266170137953 3.620676527448364 -2.6760734852570316 1.3257364644938554 1.630686988056294 -3.03078210969068 1.8387837388083677 0.6645564155217314 -2.399056889111746 1.4256904905793983 2
-1.8461322166118008 -3.326723347449253 5.467926017718308 -0.3575862249118864 3.3356202722763952 1.8122577692908974 3.4914017527615577 0.655515140328728 -2.742993774838947 3.5605488282126974 2
-3.718493992492084 2.9458514919876375 -0.7419045474344323 -2.1018282218044595 -3.1831499979152285 5.174565610934484 0.15955190462277313 1.2805466280070958 -3.4316086420250382 -3.9416078554104934 1
2.9654495307313775 0.6664727246662413 -1.3872793272535657 1.135056998427364 0.9917460925285557 -4.400181790964167 -1.443150146736251 -4.879303615999648 4.77269300218836 0.7698516467607366 1
-0.7143363776905237 -3.448562239336395 0.8648461257599743 1.313523473697474 2.895026982190203 -0.8947856279767381 2.706270467632793 -2.478751982082087 1.7888165516173609 -1.0036505805294356 1
2.0351792002805036 0.41154827694810614 -2.349794801221766 -0.06274424786166777 0.4492674271315873 0.3544277091896595 3.595676215359386 0.5856944951581255 1.9853182856314349 0.6646990410125138 2
2.6256466919366535 0.11343463714345026 -0.19070908927391117 -0.3048497896749274 -1.7532681811419928 -1.1502444785498573 -0.5591629228068555 0.63990123490142 -1.456929419551891 1.8706782344090542 3
-0.06380493024492262 -0.7056008852309645 -2.927172059438134 -2.0371453177396 0.6461637940485345 -1.4189341510570381 2.126193610556034 1.6268221616678245 2.5809802618711553 -3.753549807562117 0
2.54961811287945 2.303806546931037 2.9526827126046 -4.78391391341496 -1.1065257468690608 -0.35936276793983024 -0.8417339020567112 -4.342415149334116 1.2610900342819653 2.7117729903114633 1
0.5432214675396763 -0.4911754447806156 -0.7358764715942753 -0.4884495439430072 3.6166264819664073 -0.37533473275353346 -0.6178114464192248 1.2955260981405219 -0.25596297669921597 -2.8540870585150815 3
-2.322008035828163 -0.2641099830666419 -2.0657787123799842 -1.4859376394582826 0.8119582290475235 1.1073177141615016 -3.353782726188456 -0.45528262199613123 3.86697919397605 0.9235449190841161 3
-2.4354280312113574 -0.32566340121444426 0.7425720010687767 1.7901834959851293 -1.3949296687488677 2.664125094986429 -0.15441120085992843 -4.287136391144716 0.951768662003255 -1.2459060440678908 2
-1.5289627829993313 -0.41909729228090775 -0.1383073986555905 1.0034402600527719 -1.2590325574169134 2.8831959886330023 -0.871148705587667 -0.11348552518540744 0.23006893495766656 -0.18327626062822455 2
0.6349790436269604 -1.009582830175036 -0.09972412182647594 -1.641123018851017 -0.0545670798545399 0.10596219652633687 1.6265674039962215 -1.144257480382819 1.7208345592233067 -0.27140901071499834 0
1.9843827478005287 2.0944638374696836 -1.6876375881695491 0.6010492581651844 -1.9861952104438476 0.21051771605038216 0.6058544180834423 0.3544358603521909 -0.4570748427414828 -3.813317158863154 0
-0.8606284555371266 1.4508719857922157 -1.3204007053111133 0.93312445193238 -0.4963088255896235 -0.7996050558993033 2.035338252056844 0.044785065493986864 -2.9676611797474965 -1.0142467902895447 3
0.8050119540792058 1.6736192158568377 0.44394418532574753 -0.30330891319933606 0.14496742004959828 -2.4926132649756547 -0.4829747368028835 -2.204795793859229 3.9486211574697996 -0.3367591084159729 1
0.6633280026720385 2.29570882438599 -1.5143455878210677 -0.695097415457048 0.9619975339632998 -0.20570220603285316 0.8263724145880564 -1.0598784979736906 -2.6188381011706703 0.7344171015181618 0
3.7793177726316065 3.0451407916655127 0.03514826672300275 -0.1034447009537407 -0.33468185324290234 -1.2229836440520754 -2.6006805775958663 -2.1198720194903284 -1.0967043591331027 -3.1041466813847514 0
-0.0028330811692192093 -1.4977911697525732 -2.7377273551978414 -1.1179939570803112 -0.5757970535985373 0.7198842318243921 1.4943588421292913 1.8789496186413772 -0.0039029297764494597 -0.7474051727142732 1
-2.7658496557265733 1.0176817518051793 -4.565722787076307 1.3815478299040092 0.4006267316537977 -1.864891705569601 2.202259627546078 -3.5193605912668486 -2.0804716366299383 -1.4393810512426704 0
1.605692459009207 1.723504267304524 -0.9652671451388803 0.644235961040168 1.0612430175163294 -2.7943297372960236 -0.17152826214285777 1.3461435853453907 1.9888382584698494 -4.877480946237366 0
2.770369222555967 -1.1940005599390782 -0.5508914604022291 1.5850894152414186 0.672923592333266 -1.1709311108419334 1.2185676668646233 0.9518925389560483 -1.2611065090803883 -0.24504458171894883 3
1.539958036110872 -0.21468071162413938 -1.414138950388549 2.672516217779923 -2.1515359626376354 -2.4891276034678382 -1.1025579036412791 2.1433509058394966 2.851344819672466 -2.383802575360129 0
3.4698262048423 3.1097998082744525 -1.4932499131249521 -3.4938175047912123 -1.5735240865512115 -0.9473558924222717 -2.6363012363613967 -3.146526671219775 -2.9368553342863404 2.9909704693587287 1
0.42809897250051543 3.619999997209532 0.5409686409902101 0.6200014852522296 1.7215670007360475 -0.33205096183121907 0.670254834880549 0.957538324380221 -2.5921846796330987 0.13745894602511344 0
-0.8359124223279795 -0.7108663793578441 -0.0743222140336699 -0.8427493106749859 2.7692776315493495 1.4681442974486791 -0.30266124424251273 0.2768613233986179 2.0340632420395504 -0.10822659695171666 3
1.5315616256036728 2.094818439463732 -0.7269577360036223 -1.497506878584458 -1.72865257693865 -0.3655954033990222 -3.175640300032452 -3.921717220962149 0.37655020143966744 3.1441577367112497 1
1.2882607812071287 2.8478585168131785 -0.00034895513709698456 -2.5962241964446875 -1.7597996843941868 0.2098449996859566 -1.41499073955903 -0.5978154674308028 0.30396772463765165 0.19507862079830984 1
-4.218601274972018 -0.1389615444347445 -4.131069053327289 0.025136997445066367 0.9546953582827644 0.6213783801418586 3.684981863458941 -2.051781144999842 2.8228939097398804 0.6077942658813917 3
-0.45612267115768423 0.8776238711557212 -2.250392556204863 -0.8360570981728139 -0.14680754042256616 -1.9773773195258169 0.5167498636395154 1.737607915879838 1.1780204852692358 -1.296960995009992 0
2.317118940260701 0.7214948902229747 -1.5843790867575933 3.2125758283982986 -0.28761003964320675 -2.039625568671912 0.029673794298312073 1.8146644263456881 -1.8865446451241623 -2.17363392852672 0
-1.7780055280285234 -1.100005585759304 -4.734197148662814 -1.743227585193382 -0.5259153681737446 -0.7834934268571566 2.7365594413823757 -2.4425328325773963 4.8069425664515055 1.5446261093928464 0
3.4504461817430965 4.436629185096196 -0.8727361818229136 -1.9919090656386675 0.6210017389131233 -0.9282499809031993 1.3183228775945368 -5.1812433762190535 -3.0400475829493425 -3.197278084252303 2
0.6183105026056042 -1.8986993794617084 -2.4812274978277804 2.697563944597217 -2.4104612471709936 -4.0466713139389405 1.8881939250045168 5.070692865870688 -0.9182840778189659 -2.991362947912067 0
0.3264423680509869 1.310637034424059 3.5970159938064254 0.11367328463774962 -0.7754804001847713 0.22537121449891373 0.07415665689836748 0.47176940784301746 0.5982167854298015 1.8918579716738053 1
0.7619253641190191 0.5057557076516741 -2.6023487943853167 -1.329440423730079 2.826963371392562 -1.970654880472079 -0.7978948530449819 1.6424477326977864 -1.555608040960403 -2.979408609783579 2
0.7200119442327755 -0.8272709845884386 -4.260250705199233 2.519457246985522 2.8214705738948727 -1.8738295850429831 1.854916002672327 -1.1110423088891483 0.11114813535882684 -2.1450347324512737 3
1.3202620331644799 -1.7755587899351135 1.3019379706685896 0.6751887642517274 2.751086922139566 1.4262336356129088 0.5383311571513854 3.5021317200930895 3.99579558765781 -1.6423607258425754 0
5.177597233190983 0.20165121745122105 1.7694554997685126 3.060860601128731 -3.380105156361728 -0.19088088452398622 -0.5285640137967735 6.046734788801919 0.3723182534177343 -0.8627379015835961 0
1.7439450056951677 -0.18162527621332325 -1.1808737675326204 -0.5748266633969785 -2.27260127754709 1.6420633829048707 2.9711044639589916 1.331654431347825 0.2912815057516178 0.8427393605161604 0
1.8663500835547353 -1.7991062772641926 -1.9046982511313768 -2.1522980437725376 -2.28657022004164 2.452866548847918 3.9587441477963523 0.05624821432479998 1.289017904146224 -3.7604317043938575 0
-3.511017009348913 -0.24360002231409839 -2.108275070534383 -1.932096285780104 -3.3433338251258022 -2.6156954801521795 -1.3265405588651937 0.352022867692557 0.9655324030613097 -1.0601571413183284 3
-0.6638002606533226 5.3453438220571785 -1.5000431402861738 -1.176675299043255 0.7390678518366357 -3.35370135051017 1.5828579222019736 -1.771374645770825 -3.227523906226335 0.6209191646459962 2
-2.9463700240631785 1.7029251641299228 -1.6507661380835446 0.4705175818806606 3.117367050966535 -1.3631246212989698 0.17410062922115233 -0.29744656384908286 -2.540586484820457 -0.7973913995400719 2
-1.2816240622943056 0.19772739101509762 -0.09645864947165839 2.8285747451511316 0.7895981134627638 4.018441936625173 -2.510400276737871 -1.0463220749084392 0.8858346639041221 -0.14640417365858371 2
1.5298102726742107 -3.3566508064826097 2.3002795498186983 -0.3849807696707037 -1.0906272805233783 3.314285033200982 -1.3730673693294957 -3.1856079399716095 -1.815820736127319 -0.2535412376624906 2
-1.6985238176382533 -1.460343042480376 1.5924964534875858 -4.327717454778768 -3.3712275726292056 2.4778137840376013 2.6413459903237264 2.916279315823493 0.030849549047803237 0.563562205875706 1
-1.6202288296774352 -1.0511515669662819 1.6529551180446571 -2.7907252450337268 -1.4041414488623278 1.3992308205373112 4.743672004962995 3.595368399364414 0.34591344049390804 -2.812843899171963 1
-1.4394390953194534 -2.492173434863076 1.4098538308674 1.103685261845714 2.216810151803303 -3.8265296102443287 1.523284785303821 -0.27731589533592516 -0.6080126713558087 -1.4656975463729525 1
-1.4381917606499783 3.646694640583743 -2.470818327629604 -0.13450214914703995 -0.05646185794624636 0.9726479544751536 2.0265929503591122 -1.3282127244666877 -2.4004618499856596 -1.1727751190975875 0
-2.516582620472736 1.4360123029594574 -2.2870003186824457 0.266685200080202 -1.9281105320182257 -0.946302923996628 -1.0988929608092688 -1.2524603757209694 0.2802578149965319 -1.8888828189941655 3
1.899755519415733 0.11706908032426377 -1.8276194941735064 0.5153077494569211 0.6468490670133649 -3.0279675570225515 1.949506331988652 -0.1290224985305748 -1.8271232066814467 -1.3505519106103905 3
1.6056410313200513 -2.288934733765341 0.12114472385701969 3.4696880696145036 -1.950003604131822 2.30204339930505 -1.2109189277048396 2.697328774372495 4.39793516004514 2.7791927741417983 1
-1.1520298115970196 -0.13009578858133986 -3.0830208734920097 1.0324424308798201 -1.1048654933612503 -3.204701057793815 -0.08201776550242368 -1.5108054163608542 -0.5116432176755493 0.09651460439284332 3
3.294586364354975 -3.397129688310866 0.9613113261215838 -2.5966851716201957 -0.05668984923917164 0.5222415494480865 2.984356320307662 1.8894652793615738 -1.1321809837865922 -3.3489644625857937 0
1.7565830175690067 5.327583657847211 -2.4018987633533575 0.7966218437079692 -1.432238492015141 -1.77245354771758 -0.6075228209820553 -0.8892117125045573 -1.6895279564638703 -2.1455567035410725 2
3.6470466047800443 1.1939807146202621 -1.7468758999121672 4.143228928802413 -2.9480922067932456 4.228885188627048 1.264519982318611 3.4292364258220163 -1.2569202170728886 0.12455595376532624 1
0.5845735922105828 0.8700941122449946 -1.831781175421742 -3.1760525878440427 0.8422571521926876 -0.5469318849992321 2.7930059261496787 2.0742385419215132 0.027017300370682396 -2.2884706738790657 0
0.9842540048297116 -0.275753160339821 -1.2427861290142956 -1.0234646330986084 0.8404683146330831 -4.967645429120474 0.15160470518009084 -1.3086404329677026 0.948245583600721 -0.8774428878411323 0
1.0600861935676877 0.9257629827756466 0.6911239747290325 -1.9131066372634127 -1.368472003484618 -2.068855485984321 0.053946371494468015 -1.1399092135676923 -1.2149952163081728 1.4480340417071371 0
0.15214950255626425 -1.1085845927374014 0.9634318280986723 2.807079663116693 -1.3858610744822548 -0.5569308952942194 0.641010784736094 1.8030838183821167 0.4748417003095775 0.04455985799421991 1
2.0730371335845437 -2.17297520124189 -1.0304182330341551 1.335293670209556 -4.121783267087422 -4.873164683051809 -1.0353198499499836 3.6113714887246458 0.1553369547167618 -1.688396589024666 0
-1.9923505210246386 -0.1838977919905096 -3.692396602970053 1.165212874939654 0.7984478674271895 -1.2935298208761234 -1.1739631678374414 -1.5347854351801604 -0.5627925429349365 -3.235691146964319 3
-0.691104332489459 0.6911742435770143 -1.950088806796022 0.3499737846913893 0.05988247143440195 -0.14677463448547434 0.922447101466391 -1.9532253539084588 -0.25267156153542447 0.2465555496411851 3
3.890530786695304 -1.7579408034548285 -2.115309374273535 1.650646666208714 1.390895647360562 -0.25789786666763537 -0.33432518299767944 0.6542385590813491 1.149956644743947 -0.14824734974841192 3
-1.5587295542701098 1.0840220944012289 -2.048829758159932 -0.43032520096560156 0.11957483177055384 -1.3667316694913334 2.2410510181094567 0.171872228469237 -2.6525626030310967 1.3022250395730506 0
1.4729967812194453 -5.490663582146964 -1.9265077661825374 0.7379834828309229 -4.464341816475768 -2.1566854614766218 1.111194896017862 -2.1807751575789003 2.1105094818865684 1.5056059290241364 0
-1.906345731634967 0.9278703738873049 -0.6923779326924853 0.8496783695598964 -2.6897982948193295 -0.25318140914245724 -0.1839517773560546 -0.03567062812408339 0.24184557820380725 -0.8183561581260425 3
-0.20077749479928197 3.630640777245432 -0.6300265536745339 -0.12553132507527454 0.6910727090821003 -0.03001456932135227 3.1987785069704398 -1.5364334128250374 -1.5824296394733606 0.04403004929421783 2
-0.360626500694222 -0.2891425807117243 -2.20342644972462 0.6205210224870683 -2.21279108049886 -2.850861092115891 1.9121619654483673 3.990752762290141 -2.753036676554422 -0.7678081467826459 0
-1.9992625892357403 -0.7697054336470368 -0.4990374719453443 3.3600365601241977 0.3495146708313468 -0.6434691909183567 -2.616125624174936 -1.4513603886508364 0.4380740854532028 0.5551798619565431 2
-1.923069833129512 0.5985967513223402 -2.9562404059422196 -3.5768200334003857 -1.2747006796063125 -0.3223102946461043 1.4958406554911707 -0.8602211928078869 1.4643301246911427 2.49829451084628 0
0.9390780056415259 -2.41354486173638 1.4989238532741247 -0.0382245689490881 0.500149010422861 -2.8041607608194195 0.7112291465721488 2.516549263234441 -2.6208939922287335 -1.1635038696604088 3
-2.4670698267847913 -0.5356490509458285 -0.7591989462092139 -0.670674634960261 -1.796903841583401 -0.4881339908310103 2.168947256594539 0.506799009652005 1.6491889955537122 0.074424233229756 3
2.1390184549548157 0.04241662456417128 -0.30320347398743275 -2.595312080968352 3.096467421317675 -0.3553287859042227 0.09686247419946414 -0.3589901150908096 -1.9509884285413897 2.6377498301950966 2
2.8195777547232517 -0.059450684637827766 -1.8573202261271895 -1.733420384276104 -2.414730677572101 1.350483762811335 -1.9562177221994832 -3.398539397618214 3.7842808876453153 0.7824852585620652 1
-1.1628682860051023 2.089726408412989 -0.15217762687454506 1.0999287783971723 1.5361653844652512 1.1159306709537375 -1.0197750145652056 -0.6820126101930832 -0.7407315709037069 -0.8385956023425601 2
-3.662603476829949 0.14182831617219693 0.2751617417505101 -1.303831848841042 -4.023937355202987 -0.8994563732501052 3.0022709510974845 0.9662628984098982 3.2838501135256912 -0.4338511934022382 3
2.176047289243227 -1.3905869148416112 -1.4873942022347295 1.0507648389352666 -2.838947533878057 -2.789427733745342 1.3189662378888265 3.5075522368708074 -0.8866789704943546 -2.532486468053723 0
1.0324453545215717 -0.8934754434389538 2.183963716393082 -0.820197846718969 -3.4267090224655297 0.17240528396946064 -3.208261387138245 -1.0032099017569478 -6.077111341476224 0.28111910568564424 2
3.252785183929276 -2.850318814969999 1.0631862321767276 0.07102587416932926 0.32105109428223 1.0978604311569717 2.24242732541484 0.5049505585833187 3.266225652111978 -3.1439436465125223 0
3.09605726799267 2.443236702450136 -0.8185895133587451 -3.029503029546593 -1.5531790244942045 0.22415681235704588 -1.0135937769658279 -0.8045379394118581 -2.445074500425827 0.2824259721483666 0
4.354676865170409 -2.614619754202788 -2.7852829360161486 3.5532599548763124 1.3086672854377874 -3.5444104133202794 3.329212444720593 0.2554855272382913 -2.9966389753288665 -1.6879236517996712 3
-0.9681081751749274 -0.2022353063182467 -3.6051285488140836 1.2113973746091615 0.5055286398816476 -0.20101758134500636 0.5272558253596351 2.296893565517057 -0.5945728934274632 -3.160579779946706 3
0.082133268434597 -0.6607316339773006 1.040240189987826 3.273122475109568 -1.3278339524376395 0.5810751225652278 0.35016495062509156 2.4950370795159644 1.4984792362428214 0.5705624322554714 1
0.7444896958496605 0.3004887414916775 0.5569914078905985 1.6696859661594692 0.3170424853433115 1.9054686277881545 -3.8534805261983807 -6.678287034805038 -1.090825333629014 0.28300928502627254 2
-0.28621055132249595 -0.37645592464095046 2.0277564280771063 0.959980596575759 -1.0989572326098682 2.8745914202978544 1.780052630409216 -0.08136452946305872 -1.048492153280751 -0.28359020439195914 1
1.2712602329291984 0.150708512325177 -0.7150533368530146 -0.29655790374839963 1.6347151224579628 -1.2815550781951042 0.9137466037032964 1.3287851164177484 2.6171574571531404 -1.8666377975731465 0
1.243552681134715 -0.8504114532680078 -3.004758646629713 1.5725866587812243 1.0314156900208316 -2.468072054331264 4.106610192087487 2.770033301052723 -2.350811799826684 -0.16457460479264396 2
-1.998123740527216 -0.18505877720123198 0.0927854482863909 2.411165430585478 1.446191813088629 -0.10105579504466622 2.589982691709758 -1.7451675747195359 0.21057445607003467 -0.7431064600384822 1
-1.4631273432191714 -1.8034276588676885 2.3454460269767528 -0.5512462923505077 4.827737279159619 1.881447361714371 1.4012337669183923 -0.36468458429686934 0.995968164021283 4.189487622106077 2
-2.103436284286656 -1.459245774063435 -0.5660626294919375 -0.949318858351643 1.949178772892775 -0.22766766292583707 -1.4116997969254808 1.527784104501826 0.7167632467242826 -1.88827602270492 3
4.66337886446083 4.65137441070026 1.3151843194228974 -4.83024310170209 -2.707236381307337 3.3310082784642843 -3.5992284380305875 -8.172753320921451 4.965658988059566 0.9419214156376321 1
3.989524903813307 -0.6538053263704939 1.170861009986775 0.7094262657289179 2.048189643489871 -0.7778248474772274 0.7047980567093255 -1.5412803223101528 -2.6287530349815533 -1.510271239746063 2
0.22406667848725448 1.2910360343840563 1.2728366792151946 -0.8075742293280042 -2.489019604286243 -0.01615964144191373 -0.9431199766378786 -1.0116620598762582 1.2884751626180344 -4.0654952317309885 3
2.5736609844555844 -2.6832647243152215 0.819805212735556 0.6716188713881848 1.1041672327218661 -0.9126731089591125 1.0420334764084496 1.0898614508637259 -0.3437616759680002 0.6450257972255422 3
-1.1486603143217329 -0.7821885418054877 -0.8322395342295031 -0.990642433784471 -2.5720547551164574 0.16492810705155714 -1.0710588620986505 -1.8446323685528698 0.5226665097608292 0.04735543422545074 3
2.9651967677451716 -5.654171812103649 -3.3930880329134636 4.582404845597248 0.5320305586314393 -5.4607228269122094 2.2517225247543884 0.24033327381046954 -0.37968804741746187 -1.3411286096752093 3
-1.9136252786636399 -0.3877882917502391 2.624675905161455 -1.062435608024166 1.122478656924014 -1.0338018884355487 1.3027074010598165 -1.3217141784699558 -0.7106364054139394 -1.0649510042392851 1
0.6826041010374113 0.35033877995479645 0.9857117322281355 -1.5843847595546405 -2.6700453109507762 -1.2713181123873938 0.631927164167351 -0.7103856080357793 2.705621079022822 1.3277054343948465 1
-1.7076378857333627 1.6310639463346277 0.48881635408589985 0.9124210447342251 -3.613454946051779 -1.2869211816091801 0.2242458486166211 0.34907317154296713 0.16783961365099975 -2.888958310148661 3
1.4772284120645407 0.3502393118368189 0.2752365009478428 2.313389125731074 0.21314338536087318 -1.0222886783352463 2.1369451879181742 0.8755636081105523 -0.6726399747720547 2.455604479734067 2
-3.177765126931306 -1.8792970891298635 1.3457703728544193 4.261387941728972 2.887177414351479 3.0830860467749996 -0.9837179659028676 -0.22293300256847315 2.656351836266614 1.6424312034396433 2
-3.878228511002254 -2.144985466513099 3.6602328212911766 -1.283786722781941 3.3437091551371276 -3.054045361904641 2.469478448133324 -2.58506119181459 -0.4756158110040245 -2.5769958113177274 1
-1.8669343166187446 0.12373677208698053 -2.3877151846961593 1.5336837184527616 -0.5179902051102734 -0.3655577345681944 0.0668622222646228 -0.5897194344278622 -0.16460937264588105 -0.5658808720663762 3
-2.8560779913148506 -1.2636259861937948 1.9028520600312313 1.6719114932699486 -1.244461401737261 2.278879612359823 0.7597656194330904 0.8908817539865841 -0.47448651282196197 1.341052881849939 2
-2.452881481954281 1.783042813390242 2.6624796599952787 -0.7846682995141208 -6.879757463088257 0.9245263466990248 -0.9732608173434323 1.9736834692242158 3.3568400274602075 -1.5726721409631526 3
-0.7284233922395167 -0.7477148893186186 -0.6516249862127934 2.9917307733671494 -0.09335090433249382 -2.984656556704946 -1.684401578927984 -2.2338584501771486 0.3269097868550894 0.8625697890057571 2
0.7115663269699715 1.513931457280576 -0.9493370275015907 5.297392759156926 -1.9429835295545796 1.7389028083977371 1.582871960156904 2.523592334980969 -1.1970494274685577 0.5147849820258199 1
-3.0524762269065278 1.8631667391391575 -1.1557105620185684 2.94804663212767 2.063626835551833 -1.0226498534751274 3.837573394632682 3.953823495434828 -2.668347805123255 1.6167903848012193 0
1.0063092592931686 2.3846346830306793 -1.5585504721637369 0.7361356496113713 1.3346456741974304 -0.11171500249086697 -1.424573825128446 -2.0734675738491264 0.08651854348705268 -3.723902943261259 3
-2.146438826561085 0.9785024174868562 -2.2151918386507514 -1.4636090159359771 -0.6727935962240841 -1.230531593734215 0.429278084198474 -0.8798975701186742 1.4562342667447639 -1.700029176561959 3
0.3491187479370562 -0.8284289432864731 -1.6742554551651208 -2.9838123434036614 -0.5056732525422158 -2.2888963626040937 0.5790222374639067 0.5806982380977956 -1.7737735085723476 0.544614842619251 1
-1.4019740924895512 1.6383355114790195 -1.2522428847022957 -0.7646552647889199 -0.6057844555224063 -1.166773537257035 1.288926124214432 -0.718459394928962 1.4976141647880072 -1.9683948889847127 3
2.2630508723547624 -2.411860021476997 -1.1762158499987307 1.2867359669282314 -0.404475989265094 -1.5758188283336696 1.3258370782231839 0.4192534547527883 4.028207864775386 -3.419620417373875 0
0.33669507232668094 0.25864332571469006 -2.3154179776593597 0.5031412779098592 -2.6374531072368517 -0.9506793387122914 0.8079187115287692 -0.7513857234329029 0.0013350483649741118 -1.0902745820066677 0
-1.0042355944169175 -2.552008733349046 0.039860283143962394 1.5553119279784822 1.7562675001425827 -0.7381276466422375 -2.02545031240329 0.9028610667265773 -0.14820672225294584 2.1217347306609966 2
-1.1094372506778045 -2.7467667488044696 0.48389130578599215 3.2260251872900425 0.007454364156589843 -0.3596597861831945 1.4272330868458847 1.1124537697015988 1.6115505727665909 -1.09876307864003 1
-0.6262104533432252 -1.9283080675833797 -1.1067563727332934 2.9868563449053465 -0.1716208924739474 -0.82850266581936 -2.4770324500396375 1.8064154758782975 -0.5979105943279335 -5.333612759924196 3
0.2664552906826513 -0.16325080308316364 -0.6852396813094164 -1.2114356727154183 -0.03666713730270088 -0.5941628170085299 1.8526167615578895 0.5502098187234843 1.3550913970108174 -2.7276639387957196 1
-3.6753048045437207 2.212447949200183 -0.3460829603847331 -1.8358204606027289 -3.348879236872341 -1.1285082565752464 4.078959007268024 -0.6697115332052288 4.585715685704564 -0.8431461115484877 3
0.293053081487061 3.8366537851811624 0.06556378290689713 -0.20530664264702936 0.5002559335930521 -2.0273240077595442 2.2370341076051146 -0.24148249386970622 -1.2818247427527416 -2.1939847395992125 2
0.9606300561067593 0.06557114235730377 0.47026516528769213 1.433813873744335 -0.6267047431182855 -0.438568222667324 1.3882156636705814 1.4127619286673596 -2.5821124125284576 -1.1904429042146214 1
1.9090227946298928 1.322158585914151 2.7513892514311906 -3.877304755957352 -1.6778427509920846 0.19515550108302104 0.9536440303576654 -1.7642282518571677 -0.24433664204090855 1.8002570537551374 1
-1.6205487278545374 5.129874342382157 -0.06470327834725509 -1.8144398154818977 -2.869332926095275 1.2963477829417558 -4.902767926502163 1.4416917522446657 -1.6162281202202404 3.2426801483377243 1
-3.440409167820356 -2.778804319715671 -1.179538284035671 3.3354920969697375 -0.9673407898036583 0.8070080283674266 2.0953672519490243 1.3709308742041557 2.7083991789450366 -3.3780192052222864 3
-2.831618487793933 -3.669724566858621 2.331030504784435 1.8946779980862334 -0.5039629078763961 6.73100526515318 -1.923383574539595 -2.1439274600663856 0.5593010581888904 -3.17427186924073 2
0.12785340422554925 0.7512650179526017 -0.05275702083486111 3.0683608529722597 -1.2828749576155645 0.6419544414078892 -0.3601244404703148 2.462810426182137 1.5317204485043776 1.1889814955300935 1
-1.8024355408899675 -0.8602270531328339 1.1399681211173458 1.5217463987202025 1.901032711236389 1.2650100890025593 0.19105271614877828 -1.4274632859900218 2.0486148140089684 2.2551523193064114 2
2.236086255810285 3.106598459702526 1.5648588155365473 1.41944822275988 -0.37508630231439133 -3.4867424476627904 0.2224916440775978 1.438329048079774 -1.6640529337532355 -3.5008264140315486 2
-0.5307729344395233 -1.2699476788775659 0.30864383617237723 1.0238996442399806 1.015001527159134 1.9854985725872196 -1.1425376979928958 1.0196970535693088 0.1493721282827276 0.1717364413327067 2
-3.499547926927044 -2.531773971978625 -3.4457175042580332 2.5399849539685277 -1.9022971823291477 -3.955372508572823 4.984654751351917 5.937336097149139 -1.9591857182320829 0.05447764808024802 0
-0.9099165512399086 0.7773023038212334 -1.9101403314018146 -1.3333935796980705 -0.6654407335468466 -1.5706883905466573 2.704762001735551 0.89053262420656 -2.5285249463530803 -0.5737206170799019 0
3.6354627164427202 -5.2942170323855775 2.5829213856717272 1.1179794058088686 4.056809837305311 0.6950684153445292 0.582304034536139 2.1732579393754436 1.2486818202941583 -0.029284306030835094 3
2.0821106152409214 3.5233521486073682 -0.2877025859595598 -0.12048809763207424 0.10469346093242282 -1.73705577907846 -2.780106437333645 -2.7936995333318393 2.537529717288848 1.7989069511247457 1
1.023137443251628 0.18161966748571245 0.4636828510117127 3.8081753356078725 -1.943205998707012 2.289060280989969 1.214123553931835 1.9631143341878423 -0.31533918385168935 0.864318004333555 1
3.1728888093724 2.2376294502556306 -0.8718796807481328 0.6933487235337388 -1.262974414400854 -2.4512939438972117 -0.15959908694284053 0.8579298601558246 -1.7016734822268091 -0.9573853499493555 2
0.9304996329513393 -0.7182739230554713 -2.348798954269161 -3.4280075185004324 -1.9830185047871636 -1.1005738896007264 2.697305218447278 -1.104220034266072 -0.5060675241724439 -2.5130475715909144 0
1.2971793128250224 0.6854549901900918 -0.6965849104423976 -0.345047209965591 2.557164312842505 -1.6042416103441388 3.7403804365012205 0.1504668760400053 -1.0299702276994378 -1.6872209022343054 2
-0.8591495725996434 0.7556803665937201 0.5239300459376146 -3.2304943519566782 -3.7036263192387375 -0.8428963834313766 -0.9225751510079461 -0.8833943171853604 1.4258331560192588 -0.43125415408499523 3
-0.3254376216059549 3.0030939946488804 -2.3432697604945854 -2.292334006456275 -1.8518092275191242 -3.213283183400074 -0.09422052957747451 -1.2125699433210073 -0.017840306141404083 0.09641783960768491 0
0.09610643739396463 1.4218262817380476 2.0726277082802294 0.3419203975982551 3.211448184590704 -0.6738386648633914 1.674605120471784 0.6533514854417939 -0.30399015347513425 -1.9056624617898288 2
-0.6242465775473354 -0.9816869073478933 -1.0971054657162926 0.7543813974910307 1.5598758067742238 1.6765084341910432 2.1458778072453715 -1.2041078656983002 3.276904372482693 -2.882753727564011 3
-0.9162699867390189 2.3743597847748443 -1.8185216745484976 2.5956518813986507 0.9652082461006846 -2.398809406954471 2.071216183101633 4.434663266101676 -3.8372410789928013 -2.7143731743363766 0
1.1183348344124973 3.2215292753905533 0.14644196962206446 0.3733693192273999 1.409028632779946 -0.18317987191904972 0.8418120346092914 0.35000927780309155 -1.9765448418845493 -1.1991368827775577 0
-0.06658817579500886 -3.4655016896336326 0.1668530074391532 2.1949231280302675 -0.12290214983819103 -0.19809818446945582 0.9041338316113623 3.4447848733830866 -1.1653841304917136 -1.569993999173525 3
-3.50758275745922 -2.948784471977359 -0.1665437609859206 1.2600100582102467 -0.6756443523237903 0.48577455619703747 1.69026022492167 3.6269551173704615 0.8456580112927876 1.3786314159454105 1
-1.9914710918102219 -0.4321053338064893 2.65393143077323 0.1517044664847631 0.07586371563618477 -0.3481895948800422 1.980187834715069 -0.9065675970500549 -0.84699980377295 -1.5074971538494681 1
-1.7908661214727553 1.878372406816764 -3.7038494933289443 2.1746519561388222 0.5502968460392181 -2.3352396954992702 0.036777937507122216 -4.014914611709374 -1.951150793988293 -1.5481721369169263 0
-0.09319431817348334 -0.5790576711771016 -0.5513506997670217 3.209656274597016 -2.7114329825762855 -0.9800395494831232 2.050251458264343 3.935526156547292 0.7518177294181188 0.45028809121189095 0
0.1566461773370451 0.03834772541973197 2.080278732282804 0.740692417273646 -2.5018534360427056 -1.2511266568050292 -2.9519718863261533 0.5125510705825145 -5.9353761380251315 1.7014278915796324 2
1.7505313325540712 -2.5013964160190176 -1.1136117465307167 1.5611642465068907 5.368510485961849 -0.07646842332065906 2.2021687743329785 0.899048701775662 0.9401276655309856 -3.4327871818436946 3
4.344185663726433 0.4976868667604084 -1.2088725580946789 1.393610124311813 -0.25384960892935515 -2.3037371742384947 2.804059373683426 0.8633119016427189 -0.5662759642439998 -0.6090526524081318 2
0.16660956257199977 0.7121074869330797 -1.6482306439950922 0.8168451313861871 0.07160766979727229 -1.2884353703245246 1.4924890844875276 -0.4716998795918621 -1.1860342480864976 -0.4139507154864266 0
0.0828323164635385 1.3706421809452083 -1.0363530659298221 1.3662303505030704 -0.8334920956898574 -2.3900304497264937 -0.2308760445326845 0.13415109140073223 1.5868567789389516 0.9461803555162661 1
-0.014485249482081741 2.5444566972415865 -0.5612644578691262 -0.12147827429329516 -1.1241353225807753 0.4203831289011599 -2.161748365237094 -1.3758767017959237 1.2416281858010452 1.5911112582518532 1
-3.7521908579022294 -1.0750132488813833 5.2961209541643 -1.2260377007806182 5.5451322654289985 2.563166595199851 1.0429111364408468 3.0424229105905285 -5.661505568711444 2.9333949846382668 2
-2.53912629001496 -2.7986449382738554 0.6965238998741556 1.5840595876131578 0.7080587748108158 -0.3451926466275228 0.11997914729884229 0.4583405331686985 -1.19793982972278 1.3057098094403339 2
-2.1499322647851207 -3.373673891622815 4.039970684710559 -0.6248180694941514 2.1810369507503924 -3.9598739221320978 1.2490710032963666 -0.4345495459634192 0.5918591145326755 -1.6633888339547318 1
-0.6635142914896965 1.188251177657085 -2.3810130146130923 2.4393754959902134 0.049803042697775024 -0.2857226412297691 -0.0948089853094467 1.6210641661234766 -2.8814418303200378 3.2346035104894284 2
-0.2975952598760254 -1.164804867642017 0.34307282012612905 -0.4927734196736149 3.544846743475841 0.7935844596471306 0.25296735606928533 3.2312194365073568 0.42894150441122636 -3.0011871668813566 3
1.9969097645227936 1.5073860754879431 -0.21555890488324425 2.0583977466515933 -0.7759345620313587 -2.401486049001247 1.2654493242250753 3.016154991425721 -1.5715158838258239 -0.4471421386860338 2
-1.6360958018631804 -0.6472728767611506 -0.4152275578766518 -0.3512569079412422 2.32882627966334 0.8488130447775408 -1.6537104010730066 0.43033794768705047 1.5430812873238637 -0.2913677620997933 3
-2.1515166490482605 0.8646904779808962 -2.4085549479336033 -1.947417340633331 -0.4685587522004425 -1.2676889035234442 1.3771549410163653 -1.3392963445900683 1.8482973654696906 -0.011894898386515473 3
0.052353718388349346 1.9579705757998265 1.7602729810226392 -1.1778350553188894 -1.748005289297423 -1.3053138980680346 0.14497346484554918 -0.3307781315803411 1.6685197784924655 1.333134134511754 1
-2.8924551106574183 -3.9700705849394256 2.31272769217359 2.5106775710895284 0.23830614911290438 0.01052425242458821 0.5046540020607997 0.5268113489262267 -0.6883743907877076 1.2473806745498275 2
-2.586878145530516 -0.6877734307156187 -2.56592108837711 -0.07092324778646697 -1.7652738174877816 -1.2358596094383318 -2.110218740615111 1.4463773079883462 0.7204208784241302 -0.4418606579215377 3
5.029374473937747 0.7282108805421352 -4.001103151273879 -1.5575554786550223 0.30624693183221474 -2.2607913181445447 -3.113780384391152 -4.805453618922356 -0.56717421148418 3.9912296850019304 1
4.328820369042395 5.557295793933344 -0.13850716250324147 1.2336537052522987 -3.611504633297103 -2.552623231838594 0.27810525589723667 -3.300847257885808 -1.7172468327684873 2.355497562405728 2
-0.40669087429746154 1.085722361549094 -1.4500629341187556 -1.8469767495164149 -2.655082580359413 0.09889290546485063 -2.529354226095321 -0.5072008056345294 -1.2005534017473969 3.4923832803608987 1
-1.4945746678440615 1.4635195658136861 1.4813434203536495 -1.931317116356702 4.401460514907535 0.9432817463550927 1.9515711316153384 -0.6273602167312602 -2.8081776835824583 -3.7230470802170004 2
-1.1935467772567718 -2.077000613505926 -5.471420154938478 -0.692653387922934 1.1781539683657378 -6.953716346823775 0.9968615204480807 1.0177075047680442 3.376206512625972 -0.6091399336398937 0
1.567495969357232 0.3130194345112529 2.1965816824744695 0.5412165844843095 -1.7356677968468661 3.5358565551946852 0.05415304042877678 0.3075850889134797 2.481425998874794 2.2058968685178098 1
-0.741950716812005 2.4124876971727716 2.381951712560562 0.13708271398200922 -2.332616913306558 0.846744739846825 0.5807543528157286 1.651693244884683 -3.074616248876577 -0.6167503828352681 1
0.7237848943219607 -1.5551489274627097 -1.4444837982188736 1.05227479497578 3.608962649914742 0.725774663679577 0.5455733135429695 0.6249821325230517 1.3948987497933678 -1.6924562573568909 3
-0.5187148343074514 3.046365182726237 1.0426847387593712 -0.8085538194924595 -1.8995186643139477 1.3877749900464296 0.7479093292435381 0.9109265613639022 -3.999017091947748 -1.3143652998197586 1
1.943697191753198 4.749989593720633 0.5410217715381016 -2.9559546071668015 -2.7175590269131593 -3.5365946918251656 -0.47317933805627144 -0.926283509495383 -2.2695428515926177 1.810268936039174 3
4.81326122578123 -1.964265790520022 3.1462610993921603 -0.6040745396478273 -2.351204697394196 -1.8107684923224925 -0.7196872043413263 3.9061162327776415 -3.8838995707403603 -3.158165777623101 0
-1.2673761863076485 -3.1960051647296748 1.2770628521372644 3.028586504563608 -1.8518823401980207 7.491261749325112 -3.495079339137121 -6.042900190319696 3.3855540888510935 -3.534911405433345 2