Taken from https://archive.ics.uci.edu/ml/datasets/Molecular+Biology+%28Promoter+Gene+Sequences%29
106 (53-53)
-57
2
1 1 1 1 1 1 1 1 1 1 1 1 1 1 1 1 1 1 1 1 1 1 1 1 1 1 1 1 1 1 1 1 1 1 1 1 1 1 1 1 1 1 1 1 1 1 1 1 1 1 1 1 1 1 1 1 1
4 1 2 4 1 3 2 1 1 4 1 2 3 2 4 4 3 2 3 4 4 2 3 3 4 3 3 4 4 1 1 3 4 1 4 3 4 1 4 1 1 4 3 2 3 2 3 3 3 2 4 4 3 4 2 3 4 2
4 3 2 4 1 4 2 2 4 3 1 2 1 3 4 4 3 4 2 1 2 3 2 4 3 1 4 4 3 3 4 3 4 2 3 4 4 1 2 1 1 4 2 4 1 1 2 3 2 1 4 2 3 2 2 1 1 2
3 4 1 2 4 1 3 1 3 1 1 2 4 1 3 4 3 2 1 4 4 1 3 2 4 4 1 4 4 4 4 4 4 4 3 4 4 1 4 2 1 4 3 2 4 1 1 2 2 1 2 2 2 3 3 2 3 2
1 1 4 4 3 4 3 1 4 3 4 3 4 1 4 2 3 1 1 3 4 3 4 3 4 4 3 2 3 3 1 3 4 1 3 1 4 3 4 4 1 3 1 1 4 1 2 4 1 1 2 1 1 1 2 4 2 2
4 2 3 1 4 1 1 4 4 1 1 2 4 1 4 4 3 1 2 3 1 1 1 1 3 2 4 3 1 1 1 1 2 2 1 2 4 1 3 1 1 4 3 2 3 2 2 4 2 2 3 4 3 3 4 1 3 2
1 3 3 3 3 2 1 1 3 3 1 3 3 1 4 3 3 1 1 1 3 1 3 3 4 4 3 2 2 3 4 1 4 1 1 1 3 1 1 1 2 4 1 3 1 3 4 2 2 3 4 4 4 1 3 3 4 2
2 1 3 3 3 3 3 4 3 3 1 3 3 1 4 4 4 1 1 3 2 2 1 4 2 4 2 2 4 3 1 4 3 1 2 3 2 1 4 1 3 4 2 1 3 2 2 2 1 4 2 1 4 3 1 1 4 2
4 4 4 2 4 1 2 1 1 1 1 2 1 2 4 4 3 1 4 1 2 4 3 4 1 4 3 1 3 2 1 4 1 2 1 3 4 1 4 1 1 4 4 3 2 4 4 2 1 1 2 1 3 1 1 2 1 2
2 3 1 2 4 4 1 1 4 1 4 1 2 4 3 2 3 1 2 1 3 3 1 2 3 4 2 2 3 4 4 2 4 3 4 3 4 1 1 1 4 2 3 2 1 1 4 3 1 1 1 4 3 3 4 4 4 2
4 4 4 4 1 1 1 4 4 4 2 2 4 2 4 4 3 4 2 1 3 3 2 2 3 3 1 1 4 1 1 2 4 2 2 2 4 1 4 1 1 4 3 2 3 2 2 1 2 2 1 2 4 3 1 2 1 2
3 2 1 1 1 1 1 4 1 1 1 4 3 2 4 4 3 1 2 4 2 4 3 4 1 3 2 3 3 3 1 1 3 3 2 3 4 1 4 4 1 4 3 2 1 2 1 2 2 2 2 3 2 3 2 2 3 2
2 2 4 3 1 1 1 4 4 2 1 3 3 3 4 4 3 1 2 4 2 4 3 1 1 1 3 1 3 3 1 1 1 3 2 3 4 1 1 4 1 4 1 2 3 2 2 1 2 2 4 2 3 2 3 1 2 2
3 1 4 2 1 1 1 1 1 1 1 4 1 2 4 4 3 4 3 2 1 1 1 1 1 1 4 4 3 3 3 1 4 2 2 2 4 1 4 1 1 4 3 2 3 2 2 4 2 2 3 4 4 3 1 3 1 2
2 4 3 2 1 1 4 4 4 4 4 2 4 1 4 4 3 2 3 3 2 2 4 3 2 3 3 1 3 1 1 2 4 2 2 2 4 1 4 1 1 4 3 2 3 2 2 4 2 2 1 4 2 3 1 2 1 2
4 4 4 1 4 1 4 4 4 4 4 2 3 2 4 4 3 4 2 1 3 3 2 2 3 3 1 1 4 1 1 2 4 2 2 2 4 1 4 1 1 4 3 2 3 2 2 1 2 2 1 2 4 3 1 2 1 2
1 1 3 2 1 1 1 3 1 1 1 4 3 2 4 4 3 1 2 4 2 4 3 4 1 3 2 3 3 3 1 1 3 3 2 3 4 1 4 4 1 4 3 2 1 2 1 2 2 3 2 2 3 2 3 2 2 2
1 4 3 2 1 4 4 4 4 4 2 2 3 2 4 4 3 4 2 4 4 2 2 4 3 1 3 2 2 3 1 2 4 2 2 2 4 1 4 1 1 4 3 2 3 2 2 4 2 2 1 4 2 3 1 2 1 2
1 1 1 2 1 1 4 4 4 2 1 3 1 1 4 1 3 1 2 1 1 1 1 1 2 4 2 4 3 1 3 4 3 4 1 1 4 1 1 4 3 4 1 3 2 2 4 2 3 4 3 4 2 4 4 3 2 2
4 2 4 2 1 1 2 3 4 1 1 2 1 2 4 4 4 1 2 1 3 2 3 3 2 3 2 3 4 2 1 4 4 4 3 1 4 1 4 3 1 4 3 2 3 2 2 2 2 3 2 4 4 2 2 2 3 2
3 2 1 1 1 4 1 1 4 2 1 1 4 3 4 3 3 1 2 4 4 4 4 2 4 3 2 2 3 4 3 1 4 4 1 4 1 3 1 2 1 2 4 4 4 4 3 4 4 1 2 3 2 3 4 4 4 2
3 1 2 1 2 2 1 4 2 3 1 1 4 3 3 2 3 2 1 1 1 1 2 2 4 4 4 2 3 2 3 3 4 1 4 3 3 2 1 4 3 1 4 1 3 2 3 2 2 2 3 3 1 1 3 1 3 2
1 1 1 1 1 2 3 4 2 1 4 2 3 2 4 4 3 2 1 4 4 1 3 1 1 1 3 3 4 4 4 2 4 3 3 2 2 3 1 2 2 4 4 1 4 1 1 2 2 1 4 4 1 1 4 4 1 2
4 2 4 3 1 1 1 4 3 1 3 2 4 3 4 4 3 1 2 1 1 4 4 1 1 4 2 1 4 2 3 1 1 2 4 1 3 4 4 1 1 2 4 1 3 4 1 2 3 2 1 1 3 4 4 2 1 2
1 2 2 3 3 1 1 3 1 1 1 1 2 2 3 4 3 1 2 1 4 4 4 4 1 1 2 1 2 3 4 4 4 3 4 4 1 2 1 1 3 3 4 1 1 1 3 3 2 3 1 2 3 2 2 3 2 2
1 1 1 4 4 1 1 1 1 4 4 4 4 1 4 4 3 1 2 4 4 1 3 3 4 2 1 2 4 1 1 1 4 1 2 4 4 4 1 1 2 2 1 1 4 1 4 1 3 3 2 1 4 1 3 2 3 2
4 4 3 4 2 1 4 1 1 4 2 3 1 2 4 4 3 4 1 1 1 2 2 1 1 1 4 4 3 1 1 1 1 3 1 4 4 4 1 3 3 4 4 4 1 2 1 1 3 4 2 4 1 2 1 2 2 2
2 1 4 2 2 4 2 3 2 1 2 2 1 3 4 2 3 1 2 3 1 2 3 3 4 4 4 1 2 3 2 4 4 4 1 2 3 4 1 4 1 3 4 3 3 2 3 1 2 1 1 4 4 4 4 4 4 2
4 2 2 1 3 4 1 4 1 1 4 4 4 3 4 4 3 3 2 1 4 1 1 4 4 1 1 3 4 1 2 3 1 2 3 1 3 4 1 1 1 1 4 4 1 2 1 4 1 2 2 4 3 2 2 2 3 2
1 2 1 3 4 4 1 4 2 2 1 2 4 1 4 4 2 2 4 3 4 3 3 1 4 1 1 2 2 1 4 3 4 3 4 1 4 4 1 3 1 3 4 4 1 3 1 1 1 1 2 1 2 3 1 3 3 2
4 3 4 3 2 1 3 4 4 4 1 4 3 3 4 4 2 2 1 1 1 1 4 2 3 2 2 4 4 4 4 3 2 4 3 4 1 4 1 4 1 2 4 2 1 2 1 3 2 1 4 1 1 2 4 3 4 2
2 4 3 4 4 3 4 4 2 1 3 4 4 4 4 4 3 1 3 4 4 3 4 3 4 1 4 1 1 2 2 2 2 4 2 1 4 4 2 4 3 1 4 2 2 2 1 3 2 4 4 1 4 1 2 3 3 2
1 4 4 1 2 1 1 1 1 1 3 4 3 2 4 4 4 2 4 3 1 1 2 4 3 1 1 2 1 1 1 1 1 1 3 1 3 4 1 1 1 3 4 4 1 3 4 2 3 2 3 4 1 3 3 3 4 2
1 4 3 2 3 2 1 1 2 3 2 3 3 3 3 4 3 1 2 1 1 3 3 3 2 3 2 3 2 1 1 1 2 2 2 4 2 4 1 4 1 2 4 3 2 3 2 3 2 2 3 1 1 3 2 4 3 2
4 1 1 1 1 1 1 2 4 1 1 2 1 3 4 4 3 4 2 1 3 2 2 4 3 4 2 2 2 3 2 4 4 1 4 1 1 3 1 4 2 1 4 1 2 3 2 2 3 4 4 1 4 1 2 3 4 2
1 4 3 2 1 1 4 4 4 4 4 4 1 3 4 4 3 2 1 4 3 1 1 2 4 2 3 2 1 4 3 4 2 4 2 2 1 4 1 3 1 1 4 3 2 3 2 3 2 4 1 2 4 4 3 1 4 2
2 2 4 4 3 1 1 1 1 1 3 1 3 3 4 4 3 1 2 3 2 4 3 2 1 1 3 3 2 4 2 4 1 4 1 2 3 2 1 4 1 1 4 3 2 3 2 2 2 2 3 2 1 1 2 3 2 2
4 2 3 4 4 3 4 1 4 1 4 4 4 2 4 4 3 1 2 1 2 2 4 4 4 4 2 3 3 2 1 4 2 3 2 2 2 4 1 1 1 1 4 4 2 3 3 2 3 4 2 2 4 2 1 4 1 2
2 2 3 4 4 4 1 4 4 4 4 4 4 2 4 1 2 2 2 1 4 1 4 2 2 4 4 3 1 1 3 2 3 3 4 3 4 4 1 4 1 1 4 3 2 2 3 2 3 2 2 2 4 2 3 1 4 2
4 4 2 3 2 1 4 1 4 4 4 4 4 2 4 4 3 2 1 1 1 3 4 4 3 3 3 4 4 3 1 3 2 4 3 3 2 4 1 3 1 4 4 1 3 2 2 1 3 2 2 1 1 4 2 4 4 2
4 3 4 1 1 1 2 4 1 1 4 3 2 2 4 4 4 1 2 3 4 3 3 3 2 3 3 4 3 1 4 4 4 4 3 4 2 4 1 2 1 1 4 2 4 4 1 2 2 2 2 2 1 2 3 4 1 2
3 1 4 2 3 2 1 2 3 1 4 2 4 3 4 1 4 1 2 4 4 1 4 4 4 3 1 3 4 1 1 1 4 4 1 1 2 2 2 1 2 3 1 4 2 2 2 1 3 2 2 1 4 4 2 4 4 2
1 1 2 3 2 1 4 1 2 3 3 4 1 4 4 4 4 1 2 2 4 4 2 2 2 1 3 4 2 1 1 3 1 1 1 1 2 4 4 1 4 2 4 4 1 4 4 2 2 2 1 2 4 4 4 4 2 2
4 4 1 3 2 3 3 1 4 2 2 4 1 2 2 4 3 1 2 3 2 4 4 4 4 4 1 4 2 3 2 1 1 2 4 2 4 2 4 1 2 4 3 4 4 4 2 4 2 2 1 4 1 2 2 2 3 2
3 2 2 4 4 2 4 2 2 1 1 1 1 2 3 4 3 4 4 4 4 4 4 3 4 4 3 4 4 1 1 4 4 2 3 3 4 3 4 1 3 1 2 4 4 3 4 1 1 1 2 2 4 1 1 1 4 2
2 1 3 1 1 1 2 3 4 4 4 4 1 4 4 2 3 1 1 2 1 4 2 3 1 4 2 4 2 3 4 2 4 4 3 4 3 4 4 1 3 1 1 4 4 2 4 1 1 2 1 4 1 2 3 3 4 2
2 1 2 4 1 1 4 4 4 1 4 4 2 2 1 4 3 4 2 1 2 1 2 4 4 4 4 2 3 2 1 4 2 4 4 4 3 4 4 1 4 3 2 4 1 4 3 3 4 4 1 4 4 4 2 1 4 2
1 4 1 4 1 1 1 1 1 1 3 4 4 2 4 4 3 2 4 4 4 2 4 1 1 2 3 4 3 1 1 1 3 4 3 3 4 4 4 1 3 3 4 4 1 1 1 1 3 1 2 1 4 2 1 3 4 2
2 1 1 3 3 4 1 3 1 1 4 3 2 4 4 4 3 2 2 4 4 3 4 2 3 3 2 2 4 3 1 4 4 1 1 4 3 3 2 1 2 3 1 4 1 3 4 2 3 2 1 4 2 3 3 1 4 2
3 3 2 2 1 1 1 1 1 1 4 1 4 2 4 4 3 4 1 2 4 1 4 4 4 1 2 1 1 1 1 2 2 4 1 4 3 3 4 1 1 2 4 2 4 4 4 1 3 3 2 1 4 4 2 2 4 2
4 1 3 3 2 1 2 2 2 2 1 3 3 2 4 4 4 1 2 1 2 4 4 4 1 4 3 2 4 4 2 2 3 3 2 4 2 3 4 1 4 3 4 4 3 4 3 4 3 3 1 1 4 4 3 4 3 2
2 2 1 4 2 1 1 1 1 1 1 1 4 1 4 4 2 4 2 1 1 2 1 4 1 1 1 1 1 1 2 4 4 4 3 4 3 4 1 1 4 1 2 4 4 3 4 1 1 2 3 2 4 1 2 1 4 2
4 3 3 3 3 1 2 3 4 2 3 4 4 1 2 4 3 1 4 2 2 3 2 1 2 3 4 4 4 1 4 3 1 4 1 4 3 2 4 1 4 2 3 4 1 2 4 2 4 4 4 1 3 2 3 1 3 2
4 2 1 3 1 1 1 4 1 4 4 1 4 3 3 4 3 1 4 3 1 1 2 4 3 4 4 4 4 4 4 4 1 4 2 2 1 3 4 1 4 1 1 4 4 4 3 4 4 3 3 2 1 4 1 1 4 2
1 4 1 4 3 1 1 2 3 4 4 3 1 3 1 2 4 3 2 2 3 2 4 3 1 3 4 4 1 4 2 1 3 2 4 3 4 3 1 1 2 3 1 2 1 4 4 2 4 3 3 2 3 4 2 4 1 1
2 3 1 1 2 3 1 3 4 2 1 1 4 2 1 3 1 2 2 3 2 4 4 4 3 1 2 4 2 4 3 3 4 1 4 4 1 2 4 3 4 3 1 1 2 1 4 4 1 4 4 2 3 4 2 4 2 1
2 1 1 4 3 3 2 2 4 2 4 1 1 1 2 3 3 3 4 2 4 4 3 1 3 3 3 3 4 4 4 4 4 4 3 2 4 3 1 1 1 3 3 1 3 3 1 1 2 4 1 4 1 4 3 2 3 1
4 4 3 1 2 2 4 1 2 4 1 2 3 2 2 1 3 2 1 4 4 4 4 3 3 2 3 3 4 3 4 1 1 3 2 4 1 1 2 2 1 4 4 2 2 3 3 4 4 3 1 2 4 2 1 1 4 1
2 3 4 2 4 1 4 2 3 3 4 3 1 1 2 2 4 2 2 3 3 4 1 4 2 1 1 2 3 2 4 3 3 1 1 3 3 4 3 1 2 3 2 4 1 1 2 3 2 1 3 1 4 3 2 1 3 1
3 2 2 1 1 4 2 1 1 4 2 1 1 3 1 1 2 4 4 3 1 1 3 3 3 4 3 3 4 1 4 2 1 3 2 2 1 1 2 1 3 2 2 4 3 1 2 1 4 2 2 4 4 2 3 4 4 1
4 3 3 1 4 3 3 1 2 3 4 4 2 1 1 2 1 4 4 3 1 3 3 1 1 3 3 2 1 4 1 1 2 3 2 4 1 2 4 1 2 2 4 3 1 4 3 4 4 4 1 2 4 2 2 1 1 1
3 1 3 3 4 3 3 2 4 1 4 3 4 3 4 1 4 3 1 2 2 3 1 1 2 3 1 3 4 2 1 1 4 2 1 3 1 2 2 3 2 4 4 4 3 1 2 4 2 4 3 3 4 1 4 4 1 1
2 3 4 1 3 2 3 2 1 4 2 1 3 4 3 2 4 4 4 2 4 4 1 2 4 3 4 3 1 3 4 1 2 3 2 1 2 2 1 3 2 3 2 2 1 3 1 3 3 1 2 3 1 2 3 1 2 1
2 3 1 2 2 3 1 1 3 2 3 1 3 2 2 4 2 3 4 2 2 4 2 1 1 4 3 3 2 2 4 2 4 1 1 1 2 3 3 3 4 2 4 4 3 1 3 3 3 3 4 4 4 4 4 4 3 1
2 4 1 2 3 3 4 3 3 3 4 1 2 1 1 4 1 4 3 2 4 3 3 1 4 3 3 1 3 1 4 3 2 3 4 4 2 1 2 4 4 2 4 3 3 4 2 4 1 2 4 3 1 2 4 2 3 1
1 4 1 3 4 2 4 2 1 3 1 3 4 2 4 4 3 1 2 2 4 1 2 4 1 2 3 2 2 1 3 2 1 4 4 4 4 3 3 2 3 3 4 3 4 1 1 3 2 4 1 1 2 2 1 4 4 1
1 1 2 4 2 1 1 3 3 2 4 3 1 4 1 2 3 3 2 3 1 3 1 2 4 4 3 2 3 1 3 2 2 4 4 3 4 2 2 4 4 3 2 3 3 4 1 2 1 2 1 3 2 1 3 2 3 1
4 4 1 2 4 3 4 3 1 1 2 1 4 4 1 4 4 2 3 4 2 4 2 2 3 2 3 1 2 4 1 2 3 1 4 3 1 3 1 4 3 2 2 4 3 1 3 4 3 2 4 4 2 2 3 4 4 1
4 1 4 4 2 4 2 1 1 2 1 1 3 1 4 4 1 1 2 2 3 1 2 1 3 1 4 4 2 1 1 4 2 4 2 3 4 3 3 1 4 3 3 1 2 3 4 4 2 1 1 2 1 4 4 3 1 1
1 1 2 3 1 3 4 2 1 1 4 2 1 3 1 2 2 3 2 4 4 4 3 1 2 4 2 4 3 3 4 1 4 4 1 2 4 3 4 3 1 1 2 1 4 4 1 4 4 2 3 4 2 4 2 2 3 1
1 1 3 4 3 2 4 4 1 3 2 4 4 2 1 1 3 3 4 2 1 2 3 3 1 4 1 2 3 1 2 2 3 1 1 3 2 3 1 3 2 2 4 2 3 4 2 2 4 2 1 1 4 3 3 2 2 1
3 1 1 3 1 2 2 1 2 3 2 2 4 2 3 2 2 1 2 2 3 1 3 4 1 3 1 2 2 2 4 4 1 3 1 3 1 3 2 1 4 3 4 2 1 3 2 2 4 2 3 1 2 1 1 2 4 1
4 4 1 3 1 3 1 3 2 1 4 3 4 2 1 3 2 2 4 2 3 1 2 1 1 2 4 4 3 2 1 4 1 1 1 4 3 2 4 4 4 2 4 4 3 4 1 3 1 2 3 4 3 2 2 2 4 1
4 1 4 4 2 3 4 2 4 2 2 3 2 3 1 2 4 1 2 3 1 4 3 1 3 1 4 3 2 2 4 3 1 3 4 3 2 4 4 2 2 3 4 4 1 2 4 3 3 1 4 4 3 4 2 1 2 1
4 3 2 4 3 1 1 1 3 3 1 3 3 1 1 2 4 1 4 1 4 3 2 3 2 4 2 1 4 1 2 3 1 4 1 4 3 1 1 2 3 4 4 3 1 3 1 2 4 3 2 2 3 2 4 3 1 1
2 1 4 3 1 1 2 4 2 1 1 3 3 2 4 3 1 4 1 2 3 3 2 3 1 3 1 2 4 4 3 2 3 1 3 2 2 4 4 3 4 2 2 4 4 3 2 3 3 4 1 2 1 2 1 3 2 1
4 4 2 3 4 2 4 2 2 3 2 3 1 2 4 1 2 3 1 4 3 1 3 1 4 3 2 2 4 3 1 3 4 3 2 4 4 2 2 3 4 4 1 2 4 3 3 1 4 4 3 4 2 1 2 2 1 1
2 1 4 3 4 2 1 3 2 2 4 2 3 1 2 1 1 2 4 4 3 2 1 4 1 1 1 4 3 2 4 4 4 2 4 4 3 4 1 3 1 2 3 4 3 2 2 2 4 1 2 3 2 3 2 4 4 1
1 3 3 1 3 3 1 1 2 4 1 2 3 2 1 1 3 3 4 4 3 3 1 1 2 1 4 2 3 3 1 3 1 3 1 4 3 2 2 1 3 2 2 1 3 2 3 2 1 2 2 4 3 2 1 2 3 1
4 2 4 2 1 1 2 1 1 3 1 4 4 1 1 2 2 3 1 2 1 3 1 4 4 2 1 1 4 2 4 2 3 4 3 3 1 4 3 3 1 2 3 4 4 2 1 1 2 1 4 4 3 1 3 3 1 1
4 3 1 1 3 4 3 2 4 4 1 3 2 4 4 2 1 1 3 3 4 2 1 2 3 3 1 4 1 2 3 1 2 2 3 1 1 3 2 3 1 3 2 2 4 2 3 4 2 2 4 2 1 1 4 3 3 1
2 4 1 4 1 4 3 2 3 2 4 2 1 4 1 2 3 1 4 1 4 3 1 1 2 3 4 4 3 1 3 1 2 4 3 2 2 3 2 4 3 1 3 4 4 1 4 2 1 3 2 4 3 4 3 1 1 1
3 2 3 3 2 1 3 2 1 2 3 4 4 4 2 2 1 2 3 2 3 3 4 3 1 3 1 3 2 2 4 2 1 3 3 1 4 4 2 1 4 3 4 2 3 1 4 3 4 2 4 4 2 2 3 3 4 1
1 4 2 2 2 4 1 1 4 3 4 2 4 1 2 4 4 2 2 3 3 4 2 1 1 4 2 2 1 4 2 4 1 2 3 4 4 1 1 2 2 3 1 3 3 4 3 3 2 4 1 4 3 4 3 4 1 1
4 3 3 2 3 4 2 4 1 4 2 3 3 4 3 1 1 2 2 4 2 2 3 3 4 1 4 2 1 1 2 3 2 4 3 3 1 1 3 3 4 3 1 2 3 2 4 1 1 2 3 2 1 3 1 4 3 1
4 2 4 2 3 4 3 3 1 4 3 3 1 2 3 4 4 2 1 1 2 1 4 4 3 1 3 3 1 1 3 3 2 1 4 1 1 2 3 2 4 1 2 4 1 2 2 4 3 1 4 3 4 4 4 1 2 1
4 1 4 4 3 3 2 4 4 3 2 4 2 1 1 3 2 1 4 3 1 1 2 4 2 1 1 3 3 2 4 3 1 4 1 2 3 3 2 3 1 3 1 2 4 4 3 2 3 1 3 2 2 4 4 3 4 1
4 1 3 1 3 3 3 4 3 4 1 2 4 2 2 1 1 3 1 1 3 1 3 3 1 1 3 1 4 3 1 3 3 2 4 1 3 1 2 3 4 2 4 2 4 3 2 1 4 3 3 1 3 4 1 4 3 1
2 1 3 2 3 3 2 1 3 2 1 2 3 4 4 4 2 2 1 2 3 2 3 3 4 3 1 3 1 3 2 2 4 2 1 3 3 1 4 4 2 1 4 3 4 2 3 1 4 3 4 2 4 4 2 2 3 1
4 4 1 2 3 4 4 3 3 2 3 1 2 2 3 2 4 1 3 3 1 2 4 4 4 2 4 4 3 4 4 3 1 4 4 4 4 2 2 1 4 3 2 3 3 4 3 4 4 4 4 3 2 3 2 1 1 1
1 2 3 2 4 1 1 2 3 2 1 3 1 4 3 2 1 3 2 3 1 1 2 3 2 4 2 3 3 2 3 4 1 4 4 2 4 2 1 1 2 1 1 3 1 4 4 1 1 2 2 3 1 2 1 3 1 1
3 3 4 3 4 4 4 4 3 2 3 2 1 1 4 3 4 4 1 1 4 2 3 2 4 4 4 3 4 1 2 1 2 2 4 2 1 3 3 2 1 4 3 4 1 1 1 2 3 4 2 4 4 2 3 4 1 1
1 1 2 2 1 4 4 2 2 3 3 4 4 3 1 2 4 2 1 1 4 3 1 3 2 1 4 2 4 2 3 1 4 3 2 1 3 2 3 4 1 2 4 2 2 4 1 2 1 4 3 1 1 4 1 3 1 1
1 3 1 2 3 4 2 4 2 4 3 2 1 4 3 3 1 3 4 1 4 3 1 3 1 4 3 3 1 2 4 1 2 3 3 4 3 3 3 4 1 2 1 1 4 1 4 3 2 4 3 3 1 4 3 3 1 1
4 3 4 4 3 1 4 4 4 4 2 2 1 4 3 2 3 3 4 3 4 4 4 4 3 2 3 2 1 1 4 3 4 4 1 1 4 2 3 2 4 4 4 3 4 1 2 1 2 2 4 2 1 3 3 2 1 1
4 3 2 1 2 3 3 3 4 4 3 2 3 1 4 1 3 2 2 4 2 1 3 2 3 4 1 4 4 2 1 3 3 4 3 2 3 1 3 4 4 2 3 1 4 1 3 4 2 4 2 1 3 1 3 4 2 1
1 3 3 2 1 4 3 4 1 1 1 2 3 4 2 4 4 2 3 4 1 3 2 3 2 1 4 2 1 3 4 3 2 4 4 4 2 4 4 1 2 4 3 4 3 1 3 4 1 2 3 2 1 2 2 1 3 1
2 2 3 1 3 4 1 3 1 2 2 2 4 4 1 3 1 3 1 3 2 1 4 3 4 2 1 3 2 2 4 2 3 1 2 1 1 2 4 4 3 2 1 4 1 1 1 4 3 2 4 4 4 2 4 4 3 1
2 3 2 4 1 3 3 1 2 4 4 4 2 4 4 3 4 4 3 1 4 4 4 4 2 2 1 4 3 2 3 3 4 3 4 4 4 4 3 2 3 2 1 1 4 3 4 4 1 1 4 2 3 2 4 4 4 1
4 1 4 3 1 2 2 3 1 1 2 3 1 3 4 2 1 1 4 2 1 3 1 2 2 3 2 4 4 4 3 1 2 4 2 4 3 3 4 1 4 4 1 2 4 3 4 3 1 1 2 1 4 4 1 4 4 1
1 3 1 3 3 3 4 3 4 1 2 4 2 2 1 1 3 1 1 3 1 3 3 1 1 3 1 4 3 1 3 3 2 4 1 3 1 2 3 4 2 4 2 4 3 2 1 4 3 3 1 3 4 1 4 3 1 1
3 1 3 1 3 2 1 4 3 4 2 1 3 2 2 4 2 3 1 2 1 1 2 4 4 3 2 1 4 1 1 1 4 3 2 4 4 4 2 4 4 3 4 1 3 1 2 3 4 3 2 2 2 4 1 2 3 1
2 2 4 2 1 1 4 3 3 2 2 4 2 4 1 1 1 2 3 3 3 4 2 4 4 3 1 3 3 3 3 4 4 4 4 4 4 3 2 4 3 1 1 1 3 3 1 3 3 1 1 2 4 1 4 1 4 1
3 4 1 4 4 2 4 2 1 1 2 1 1 3 1 4 4 1 1 2 2 3 1 2 1 3 1 4 4 2 1 1 4 2 4 2 3 4 3 3 1 4 3 3 1 2 3 4 4 2 1 1 2 1 4 4 3 1
2 3 2 3 1 2 4 1 2 3 1 4 3 1 3 1 4 3 2 2 4 3 1 3 4 3 2 4 4 2 2 3 4 4 1 2 4 3 3 1 4 4 3 4 2 1 2 2 1 1 3 3 2 4 4 2 2 1
2 4 2 3 4 2 2 4 2 1 1 4 3 3 2 2 4 2 4 1 1 1 2 3 3 3 4 2 4 4 3 1 3 3 3 3 4 4 4 4 4 4 3 2 4 3 1 1 1 3 3 1 3 3 1 1 2 1
4 1 1 2 1 4 4 1 1 4 1 1 1 4 1 1 3 3 1 3 3 2 4 2 4 1 1 4 3 3 2 1 2 4 2 1 4 4 1 3 2 2 1 1 4 2 1 1 4 2 1 1 3 1 1 2 4 1
