n: 400 f: 10 f_i: 7 f_red: 3 f_rep: 0 label_cnt: 2 noise: 0.01
400
10
2
1.3560986221367366 -3.2604513531925736 -0.1621156959499643 -6.1912958703737715 5.174138436263382 0.1306191451145815 2.020934312316191 -0.6859793742365625 2.9250729877446067 0.3162618312001597 1
0.7437094923543781 0.7068464756559008 -1.6205584162455382 4.354917465888942 0.3119423274212254 0.8433182655535171 -5.446493220203712 -0.639049886872814 1.2236915093275964 1.3840480907156572 1
-0.7097851076427091 1.1459671419964201 -1.0386654543216398 0.7434860414806228 -1.1415777681322892 2.997966375347283 -2.3855399074089583 2.3800259150075105 4.843422757599106 -0.4781750484099979 1
0.07354050599274342 -0.8538902655765396 -0.24519075928018508 -1.385778134507121 1.0906777669942775 0.6887830640112669 0.4788653125844322 1.40039572127038 3.7257550025114443 -2.045145122898216 2
3.0767890833170535 1.4428283741622587 2.4742905963698414 1.2373604656182071 0.3181038648875303 -0.7138397963538698 -0.6262173711703827 -0.7657687807271412 -1.4503493198049757 -0.12453578437565094 2
-0.032136552519326456 1.423799169520672 2.4003684218900285 0.939146203689079 0.20723484492499722 -0.1682204245703166 2.4086280128019855 -1.8545162703675264 -3.219932523079021 0.0804087990590272 1
0.8060535848173305 -0.9637566855884474 -2.2953018709711825 0.34683365117638254 1.1265842276845586 -0.017400146929189675 -2.920592708524559 2.1517486803476378 4.767211749000188 -1.5264814432232003 2
0.3325231562649713 -2.530679501242628 -3.7210804039972785 -1.5139850793418295 1.5774845967440394 -1.2854681418245413 -2.5150482230394884 1.9019567986705148 3.5969988382718676 -0.3844495129084975 2
1.1824767487583614 0.1631916295852136 1.5685055451940437 -0.39821421628300185 0.04089525354727763 1.4219508835871293 -0.3475797372611924 0.11173686454666909 1.7957545988410488 -0.6386510012860103 1
-0.19404542990641915 1.3920716823611807 1.5799989398378158 3.5574949849645203 1.7141792617299105 -0.5675925027712774 1.0132048721240772 -2.7946248791037895 -2.9276856984579487 -0.3685615930696191 1
0.7892837945664458 1.2791876377988 -1.432669345825456 0.01988335756820459 -0.5609321533652958 -0.6118294700776039 -1.3492141468856664 2.5081921434111942 1.483241809279612 -0.12623615866244964 2
1.2575348096524976 -4.889729236880025 0.0755163220947321 -2.107869784114756 -2.4503467704482387 -0.2975004328516676 -2.277553397387696 0.12797916808563659 1.861188609755882 -1.1249072290379 2
-0.2865893565616747 -1.5785846526395477 1.0238461040347855 -0.40248513969421174 -1.127087262373958 0.09339442665080666 1.0632456439481919 0.39872163337806943 1.3916860106637756 -2.6351183493117363 2
-0.14132616922173713 0.714507830028898 0.3328719694082486 -0.19843191953958622 -0.1669388327454826 -0.9944987981447265 1.3248030389759455 -0.5057823864758881 -2.599018251642659 0.8010240006091482 1
-0.713148144458885 3.2175662550165143 0.1177788745976578 1.6881945040506963 0.08931422982769055 1.502776428740279 0.3478235704965298 1.4356150648368549 1.5614750271849753 -0.5901184732494189 2
0.07366379741311158 0.9842531805379373 -2.811378817747752 0.7388014735338462 1.9278745132729176 0.005267432914014325 -1.7462948029708523 3.156823043206573 5.092652487573473 -1.8182223655551166 2
-2.1060586754101527 0.7927945131529675 1.2838453771342893 0.6665283614314791 1.2550340056025877 1.0583175788636576 3.5567137637069486 -0.5635266792315894 0.6948046237056166 -2.371236864750851 2
1.9034153059688954 -1.2311146045323862 -0.08875058828947677 0.7334897228385627 -1.1152173995517298 -2.741496534868029 -2.0166534594809002 -1.6480367683532307 -4.380158547428226 2.012449861426295 2
-0.7435159588435043 0.9054438684339842 -1.8630354704073335 -0.49349728453520936 0.7104646790006495 -2.0151638541267296 1.5525310337638767 1.9311718008646208 -0.10259847762418113 -0.8926443497203345 1
-1.3024239333355618 -1.6138113692944631 -3.414540953127184 -4.622288161891856 3.7116491369396116 -0.16003961751269036 1.5623188550824745 2.085994910685998 4.03911611171606 -0.07269220672127275 1
-0.07309081160913877 -1.8471286089827343 0.13460095495145338 -0.9818055575057755 -0.12162283161691745 0.8076860079155231 -0.20284233515069194 0.4192750939685348 2.63893555417416 -1.5491163993010808 1
-0.8880159762366968 -0.9776570411820812 -1.3578104594934346 -0.20248362879517934 1.0277652048304902 0.8697906520476548 -0.8069501440966907 0.29669077996482873 2.4417958471709524 -0.29798061650903873 2
0.31453992168151945 -2.3454034800394905 0.030592085625802786 -2.119711186154109 1.0296616909164626 1.9873018749905724 -0.757342554767515 0.5939334020590517 4.845846608068226 -1.4038098862989303 1
-0.5624533911671523 -1.53117425172581 -2.8538120691228257 0.6761500376155993 1.1399855713705773 -1.0309221519172396 -1.9282721931621223 0.6836520834887042 1.8591165333266315 -0.49669944134645505 2
0.5236656472638976 2.0669720287565068 -4.924119980459239 1.9865717591232606 1.3163330463900902 0.05553349705542954 -4.607660048649106 5.709327017972571 7.841482762645368 -2.0917888261051143 2
-0.5045686094446578 0.574798527453377 -0.5538967042524655 -2.549348905005841 0.7255308258417696 -0.059484720344866626 1.7404190031556892 0.5224870476869683 -0.6887027991293458 1.4436045114814848 1
0.8042598303776272 1.814776179023266 2.311154084842904 0.1739698594183895 -0.004540601470343519 1.7186408921227572 0.49476123425286445 -0.9559003474968868 -0.7392286661042002 1.015129006260679 2
-2.4204545147797534 0.35063749601944083 -3.921268919749767 0.14514282781855065 1.4001525824917778 -1.2076256309915787 0.7459255200098295 2.975315456868751 2.9505296603113127 -1.9185948493342941 1
-0.4559026105967593 1.487112111620339 1.349726863618308 0.4389579358022749 1.2879392369978093 2.350022082887798 1.5172593082419787 1.2269619022454346 4.265981154521886 -2.9391589008189785 2
-2.7652252224610896 -0.7333367838234397 -2.8739385881286563 2.5630627499074983 2.9837441844317736 -0.7874763312341629 -0.08179899467949436 -1.420918063299684 0.022071108856658833 -0.27007100393416617 2
-0.8710736828664228 1.4930895584355228 0.07471868631563923 5.2460396398305145 0.9882700731060843 -0.19786639690888408 -1.3495375730766743 -2.9064238821501536 -2.9710772064599853 0.8890379708580651 1
1.6186772259952953 0.10031340527240518 1.4289301983371256 -2.4414988539898186 2.6773757607643267 -1.325338827641112 2.8739872055799682 -0.2878472950686062 -0.5903567766454706 -0.7395236063328599 1
-0.9336047746651155 -0.4863580667689691 -2.6040189832741194 -0.06891466822951581 2.774432046555191 -1.8122314261016716 0.17208431358642218 -0.6790111803639682 -1.1991688189549732 1.2408586123423486 1
0.7579592991591342 1.5731226719282545 1.2848733516656663 -3.660169538314877 0.4244033427063598 2.60340121916464 1.2720692486606713 1.2919086402149804 2.0775172362147867 1.3695705722697133 2
1.5116275755336075 2.985702234222831 3.5541472218874595 2.0495820360488985 0.10969438170935342 2.051792524903445 0.30108994126051813 -1.064793388333522 -0.29481937943929265 -0.2128103451964738 2
-0.5788494568158691 1.8886667014165068 2.8826411547548205 -1.097399553232227 -2.697197666307959 5.587989787999942 -0.34418609988922544 -0.3709145534934857 1.3834887729031078 2.3532834022488807 2
1.4544022346336165 -2.164303007888791 -0.8895212972094705 -5.7392100563358515 4.5472875160413535 -1.9526685941206088 2.4500624016669015 -0.4124181902012798 -0.13220717019422784 1.314107958853587 1
-1.52767780408415 -3.0848649762441105 -2.0642079637229296 -1.4535699085715124 1.995533948561416 1.3929040841521922 -0.4887519745916108 1.0503670775159082 5.938190655400674 -2.413553947345096 1
1.2551253676744594 2.83387870375654 4.353416108156013 2.266156164762358 -0.07040128274283797 2.8832322581987797 0.24000458863017982 -2.5409774396797045 -1.4957325410283786 0.9234889585265892 2
-1.2259764006149056 -1.1288345960573123 -3.1205890083135346 -2.141262018422645 2.128792347602878 -0.20820654652414539 0.2645650441131506 2.275490168458272 3.9848758654751695 -1.0301854102655164 1
-0.7067897618892619 -4.16935210148208 -1.5681468621521668 -1.421215232933762 -0.6870995316121375 -0.9230808445454592 -1.166935412410345 -0.8530054583309026 -0.008720491461832432 0.22732464360886584 2
-0.17721144498621677 0.8021572882425079 0.22093876114603206 3.1048984236349617 -0.5095424120935534 1.8535769613616737 -2.4908490425277243 -0.39444351810093115 1.652481088453033 -0.27611842779245344 1
-1.7460793263870626 2.1057928969704287 -1.581723369337286 0.904226766393375 0.5456480692256696 -1.4600966258497727 2.6023902299968675 2.868043917084634 1.2943487549342896 -2.942827808289179 2
0.5493733042147748 -4.900064559389384 -2.4878656826943115 -1.3905413490540244 0.3504924148764149 -0.34534354525631616 -3.8606244414783233 -0.40512620810945 2.641374223411808 0.4572279037794351 2
-2.057307752642048 -0.0723510100023883 -2.0912878854512296 2.680974048627772 -0.8763976296766218 0.011469105024661919 -1.0892249605835604 1.4637499058332495 2.280218272530866 -2.155943093183094 1
-0.9368670458614519 -1.0650628382005276 -2.2445371430696714 -0.04010080292297231 0.4377941510933546 -1.4769317613768114 -0.007114369567053358 1.3781571815132718 1.3144054364994306 -1.4289756332302965 2
-0.09310387789903951 1.871186159614693 -0.043974540474746096 1.4582676315862282 -0.3700627154795171 -2.016109211856416 1.6230728832010823 1.2766153806651883 -1.338386839762901 -1.714768261993632 1
0.09788738121746898 -1.983001869588171 -0.3439523397093013 1.5641141757983654 -1.0551872244490186 0.5871200563221406 -2.516563581930814 0.06326319183868401 2.4632408618165407 -1.63405179545687 2
-0.5028113488496737 -0.954040626753178 -0.175037652668418 2.042023188219191 -0.15354779950740594 1.5653188203811972 -2.03910693019746 -0.22919646349720257 2.8629726760130088 -1.4051608857209446 1
-1.7294988166820042 2.2008642369416296 -0.8671237328536658 3.1753625264170835 -2.388602836983959 0.42594197384095367 -0.7179245012163337 1.3600585698746557 -0.09359774512766272 -0.6163682663304089 2
-1.3702556816487181 0.7830744529584432 -1.2767791349124082 -0.9355073741624836 -0.27677835515630345 0.8911303256526872 0.07595045075293161 0.4260822337879292 -0.3010577042675031 2.0161727475910887 2
0.1582986697786588 -0.18498753727297879 -3.208808217448149 0.015436536809017654 -0.01605730406590089 -1.626816317645539 -1.619887899620156 3.7334751510553743 3.6337934229534303 -2.054077879623371 2
2.676508734513752 1.698388487635281 2.3637038684829266 1.272675252579962 1.4467096661756247 -0.9180200013366384 0.31062448184041047 -0.992750121757727 -1.4995132843667491 -0.4347885393773421 2
-1.4334229281104265 -1.984048505545109 -0.12613849318133052 -0.24125417721374803 1.595940253273207 0.4089855703880767 1.0821425980944603 -1.6283590164515993 0.525317995053987 -0.7459582356060106 2
-1.6411882322426874 -2.084911285853079 -3.4972276101692925 -2.2294377238256406 3.3267930080930497 -2.655356779826964 1.7961739472973788 0.28167275541251 -0.0033403300808026986 -0.09597744643651851 2
-1.9270796064551212 0.5633764696866537 -2.95379024699366 -1.50115280502892 0.49806694294141063 -0.9749358289951425 1.1964635552210419 1.9621221725830358 0.25398161292003213 0.6285665937661948 1
-2.5147391092997395 2.9481209882694412 -2.286978423437364 7.5060439037675755 0.5697885103352923 -1.2083005445536856 -0.43654920949372733 2.429545968701743 3.0239162333900094 -5.540124445008158 1
0.2371836075539664 1.9872703325778072 0.2749664400020047 -0.024955129379760674 0.8272012187211975 0.9609154295289968 0.21601391324212815 0.3709888959672464 0.3600555273037563 0.8759119745128842 2
0.33124188527336806 2.6277931793075546 -1.030212411014546 7.284442198847924 -2.50799588087148 0.3572702823594758 -5.5882858861319775 0.31228670259130975 -0.07168613489935775 0.15509396367186357 1
-0.5098069075285563 1.3395381022345645 -0.4328354124929292 1.9352062421342713 0.6392046765797117 -1.2684279275549706 0.8576483821854249 0.3464879968935257 -0.7436424510199583 -1.2101106972371691 1
-2.0506923450454435 -1.7025539605445394 -1.2229016852164178 -3.8355411951629566 -0.2974864949168894 3.364372966853841 0.9694859979313528 3.483929585608313 7.7576813156949145 -2.648548952912707 1
-1.1574926990758156 -1.49329426316201 -2.9527576098654214 -0.2185247831135974 2.128350606437846 -0.19952691740343198 -1.2746041546420144 0.26360665201249933 2.1710957869940066 0.22942242794417478 1
1.7573974347198256 -1.1561621061083822 -2.7265415876713726 -1.309122354831154 3.4390058624987763 0.7832081277250633 -3.309930852936672 2.8873468107785634 7.759005321706484 -1.6395031304465424 2
-0.36301789287953756 -0.15070910949113747 -3.247483823163782 -1.001587577976452 4.6066050110498376 -0.8116293867158513 0.10003235483976525 1.9484749405769706 4.361765407323151 -1.406173843222159 2
-1.8190709205270599 -0.29871097806103897 -1.8280978827049947 -0.5993039574375408 1.1370085925668039 1.274154647109714 0.38211822335639667 1.8628573878894576 4.3144629604740246 -1.715390947934761 1
-2.0740146744891668 -1.465993314637986 -3.5229209066125557 2.3396078857954246 0.05118755114199813 0.1360360418377472 -2.8669916498255823 0.908066411394551 2.989933621347403 -0.9509097174878433 1
-0.4317058888857117 -0.5211393790150204 -3.8116228721835204 0.7122757716825846 1.9611567946525026 -0.2787270015799591 -2.8433685596576685 1.9638823953743891 4.059517842248282 -0.43961872191183426 2
0.16093750723051503 -3.022897095841814 -3.352145797621472 -0.7412621048502217 1.4011886685591988 -1.9386376792300153 -2.174378292599795 1.0716205217017443 2.4224132954599717 -0.8133345297529297 2
-2.9531762482230843 -0.929967035302181 -5.171075631117798 1.2869763963756076 0.6431716427447096 -3.2073037300361475 -0.5282169294923839 0.6552226584316709 -1.8214640675419542 0.820116736691664 2
-0.2777446941750681 3.414013618954976 1.1289522996717392 7.4481477944790155 1.866952046903227 -2.215800132561877 1.4592946868335348 -0.23130210166412968 -0.5772407163671992 -5.256432440304059 1
0.17907945145655912 2.297314340106251 0.2406080499821549 1.204026181930681 -0.0888624701412829 0.9994306845499117 -0.39582239510746564 1.0848384565137723 1.1489662466684043 -0.20865509390473402 2
-2.6060534015953727 -1.9327651906595418 -3.3249464628548036 2.3787863765865374 0.424820971302023 1.3148450848908413 -2.7667501196995805 1.0596024123831478 5.100807853790536 -2.0839910756912046 1
0.677108082451649 3.1219798945515187 3.652204842872605 -1.444871458930181 -0.723805848868396 5.635149105075974 0.4947286635853998 0.34860194865062943 2.986469558267017 1.2019852417618817 2
-0.29403222464896406 -1.7578609865138302 -4.678729925137869 0.8539717501683692 2.139716735570323 -0.48827497247078533 -4.97463769067995 -0.3205229325485397 1.4445946387617985 2.9286516123939546 1
2.089564203527356 -0.048911098983211554 1.4649119857594914 -1.5227385939281637 -0.8351588747890348 0.468454782054575 -1.0698239713092956 -0.7215695383249341 -1.3370374727637742 2.173904373058943 2
2.1059300960817797 2.257281031129566 5.1515676190560695 -2.592783153868199 0.42205245435567673 4.716868308123199 1.3521204254657322 -1.6704542875705615 0.523169840196545 2.208784275564051 2
-0.6423134748196948 -0.9444021542269263 -1.6661497416671323 -2.0648765188439757 0.8498854525568045 1.1870088723668004 -0.19295561705829467 2.4538702285460996 5.023291376574482 -1.5155898894995543 1
-3.1564757075585104 -1.7116366542768207 -5.609080805644458 -2.3808773336288844 2.337835525958445 0.10332433924394402 -0.19574988886814537 3.3033571131292234 5.642782071329389 -0.9058300681891598 1
2.7164027312437984 1.8354260534689362 3.7072141846687026 -0.07714408674349238 -1.2039455354981439 2.3541659513609643 -0.8860232635715417 -0.5844258522011037 0.04770352729255778 0.9424532465682023 2
-2.3166329335474027 -0.6148641258967995 -2.280118207675772 1.7616599319138644 1.4594804477335674 -0.7667065468930795 0.10979968088892722 -0.6327558745303787 -0.11626685572171248 -0.3911822676400116 2
-0.511729825885836 1.0537781571372427 -1.401169865997744 2.640385974813106 -1.3207734538416607 -0.12631612745249998 -2.3394001089268612 0.44868551937867573 -0.4683421794431378 0.7738722761144654 2
-0.850593531739763 -2.613963005993989 -2.7943624046260713 -1.1605727039635494 1.393245807032857 0.27466118410099416 -2.0872481919608323 -0.17008422081623076 2.105220429005952 1.116147337242066 1
-1.7768713326659893 0.6331712702271031 -2.281672858408929 5.5764368660829655 2.3557880942536347 -1.2300147383173452 -1.6168741793244101 -1.5530392624587832 -0.622832139079613 -0.8176670966158285 1
0.2545005773743876 1.390734125066849 0.8850663454939169 1.39298124625032 -1.138137631023708 0.5468394865562387 0.1254262860719677 1.6227450753590693 1.8858289737907372 -2.3353546547237922 1
-0.2874678622081642 -0.05813333175704993 -2.591919195945606 1.461153818165662 -0.5614835262096323 0.8557951544136746 -3.8599519654075527 1.4252358667020184 2.786517308091107 0.6782844511725201 1
-3.082798717481758 -0.5514736022625557 -4.2818332495242135 1.133799255006054 3.7285479851235728 -0.0416080607416609 -0.20521703579174133 0.7910619491080066 3.514681127455259 -1.0380190498781474 1
0.07788351852181696 0.12153439747764883 0.5994947525938754 0.04599170458423289 -0.6678378824945321 1.4249506176009263 -0.3581786468097726 0.9978061697487277 2.5607931855775203 -1.32660346080179 1
0.8346096598474158 -0.3550655290707929 1.0812777609876676 -4.055350181295801 -2.227601959203113 2.8287741999552694 -0.8816157329679177 0.3942214628297023 0.5725461800322198 3.279918243062112 2
0.10602706681876573 0.20913923874094043 -0.6612125287848953 1.1182809983683737 -1.3394744221949113 -0.10824848418741428 -2.1606281727945778 -0.8189571870823213 -2.1392155612561217 2.4275332276842025 2
0.6235077241912423 1.1752691508328124 -1.6679789685616897 5.924864570236664 -0.3808800433469205 -4.14147006734863 -2.3499492306614846 -0.2818967947168962 -3.3818503647632356 -1.1008583093796873 2
-0.560844534594725 -1.5827478978689573 -3.180227162093239 0.21419107031150944 3.105674406517345 -0.4416212252436841 -1.8244391378825435 0.5221641228181547 3.3448474287289893 -0.5389134486945869 2
0.45738980657590766 0.5328659246672853 -0.38930697260036634 -2.4314882572528966 0.9415627369794204 -1.428728819447123 2.4269225774996297 2.2408188172002355 1.0391953937170666 -1.5233297657954346 1
-1.495522048857004 -1.5375029222556837 -5.4445355719193245 1.3550945588275287 3.1743890058122637 -2.5714181158008254 -2.191497009438263 0.8392601668179955 1.623045595313202 -0.09220670576077439 2
-1.0340107009432966 1.283925619410072 -2.9536483062127856 3.0486504639292784 -2.5095387910698674 -0.8669574627136118 -2.9056294527784905 2.5762836433437846 0.8153779074201777 -0.3480800900105301 2
-3.8131866372021617 1.4686754166087779 -6.646323861015609 1.4974871260516363 1.322159841699163 -5.343243471137319 1.8589054352937344 2.986244053518911 -2.4147529561262577 -0.42274727403757206 2
0.08012501062004684 -2.4195904500036214 -2.504141761382488 -2.6681394595718526 0.5931879928060761 -2.6223440536832143 0.44833903398389885 1.9449608482780514 1.2246436460401564 -1.2039329194328303 2
-1.3977226952614457 0.20978702666997218 -0.29173825286647104 -2.6153085631112845 -0.3058118139737074 2.873874333621596 1.1355553122232869 2.3942658231199383 4.6757569952953935 -1.0440667231276721 1
-1.695492779608918 -0.6161935547132605 -3.7803223839472335 0.8349660174670922 1.1785620681853772 0.5082042869188796 -2.4795737060780114 1.282204456857372 3.2172364011301067 0.3241636291237011 1
-0.16261195068302103 -0.3992651052275815 0.049750321764946696 4.273828328028808 0.39739762540531 0.5472668825007574 -2.3289015103274293 -0.9520485328818031 1.7733982679178242 -2.0893305035556278 1
-2.9069143874959025 -3.405065850368634 -4.289166707190145 1.5518076809309587 3.0475656367521826 0.4254303937355731 -2.5810996657746434 -1.2696437152641566 3.1561719263039136 -0.0745376605417013 1
-0.8630674472156612 -2.734410647200404 -2.267469197259492 -0.5087494891805079 1.8736534886467573 0.8129688968382824 -1.849898776698414 0.1230271522157198 3.9925229489379146 -0.7299042727513269 1
-1.3730821739751842 -1.923949444324831 -3.731751758623215 -0.18431446050471725 3.4664177545724058 -0.34582634015044955 -1.862683262391128 -1.0305547654739748 1.1666364621524925 1.8482665202892203 1
-1.2839996604811872 1.2228788903661494 -3.137505111754384 0.599627516178381 1.5491406117872109 -1.1077501381412094 0.21933811403381798 2.845046626962656 2.689683985275409 -1.6065097868256049 2
-0.23327633687695726 -1.5857242504945557 0.8886012832913919 -2.957018181779968 0.8310859630634324 2.4971548978171487 1.4623280244459287 1.7948559496654541 6.108507398082524 -3.196781697195036 1
0.5970429932284753 0.9879388668329895 0.5650965785569678 -1.0414444561453882 -0.7824014907475907 2.0416596442467405 -1.2082424509993641 0.08977971905302529 0.40095778814835353 2.288675962367937 2
0.7652969487473347 0.018411773442616575 -0.4649038703388957 -1.2375155837568819 3.296253422783632 -1.9165926468045833 1.989357693300831 0.3719166448808494 0.39479909376165706 -1.2458811686007263 1
-3.034501937823519 1.9485903044705384 -4.051892080627393 6.60659012596726 1.2664302654251884 -1.883981116948061 -1.2093637693932044 1.727766442493451 1.76466023429417 -3.3662644511710407 1
0.21047676192367493 -1.4408836846645503 -0.5483161966404233 -1.0525423935644578 1.3239797524973937 0.2451324572934892 -0.074673734993567 0.9120392764618537 3.341148082694278 -1.858086333172027 2
-0.566872822512788 -0.222653778327075 0.5855668800080318 -0.9001962159652099 1.4050398002777187 -0.4554838807647442 3.0430947640099406 0.9678913724938237 1.8991349909405844 -3.24905140781899 2
1.5135030113102288 0.33013041586439684 -0.8693408703652881 -3.2939953208115083 -1.5322090569838251 1.4121291880032747 -1.9926268686907571 3.085324753293566 3.2113660693406265 1.3951217571806123 2
0.334083306075162 -1.011239273654912 -3.313596412998563 0.2814346571883912 3.6856048758545765 -1.2626691000648502 -1.5889398679052045 2.0842216510715215 4.960288982423844 -2.343570013893641 2
-0.1814877277367869 -2.5554637675670993 -0.4992038643487285 -3.753961266704808 1.8987984423561097 1.4717165180112879 0.7935668337387929 1.0093347587565458 4.818127518258951 -1.4210132636126696 1
2.9229181127960433 1.0386543798983456 3.4472575633963043 1.5152417543011856 -1.6198119960076296 1.1449025134021051 -2.0057697280573805 -1.7355835687909194 -1.7740695622799207 1.212913255238527 2
-0.7415215366488608 1.9255331285473825 -2.4445095968222943 -2.9281664833990537 0.23800914898721848 2.5624228448402566 -0.9102191096877763 3.6358593634047542 4.515636905663759 1.727168993591198 2
0.5232841865081015 -2.2127302629217684 -3.9484147398589147 0.17801633067722475 -0.11855832492825846 -1.9990818918358502 -3.650330865821286 2.5576495231894314 3.191275977930105 -1.0474337607149473 2
-4.150123192323649 1.6577795404530216 -5.21623549083529 3.394782850556758 0.18229637207880545 -1.0747461983958126 -0.6895728210940639 2.4197293655306105 1.177563681904236 -0.6919632584801884 1
1.0065333404749706 0.5421615545859058 2.7579710255826497 -4.46540001974319 -0.9611416894203959 4.831725219116993 -0.062412452452545786 -0.7321282134113716 1.0995531831156962 3.8805349197613768 2
-2.298606397906534 -3.262083091338704 -1.9836677848223654 -1.6417566155530499 2.4595722972251313 3.657052474379019 -0.8401421575153545 1.2541180543358248 8.838898494980956 -2.887552851385393 1
-1.4371448889294707 0.5757972908115786 -1.3769399520911267 2.8007643674611105 1.8828447970801778 -0.3883409835666829 -0.21888480483451223 -0.6846104772357815 0.2009952709797302 -0.7136146805020991 1
-0.6157105501677284 -3.9978205780628264 -1.917413498592706 -0.28886621124199946 -1.571586489140648 -1.1422326547663 -2.2286570110183628 -0.4287000198809383 0.12050660405121028 -0.05584464533383571 2
0.23653909058833755 1.06983318347489 0.7393097662284338 0.4797115311438698 2.6210002211401386 -1.4549442660849963 2.87814113335933 0.20722294402066876 0.18654357153836668 -2.6103244099919474 1
-1.3085204334180196 0.525499217175466 -1.2990332098067583 0.8233967537482778 -0.5718139900751009 -0.05977217278558289 0.34848867815078655 2.179882905490847 2.371153141086636 -2.2179670230051785 1
0.47516757164477674 1.0012538571627259 -0.40802313338097246 -0.1907169751533128 1.1017235848231528 -0.8940585410468245 1.222431613111288 2.4873289023882728 2.716642594774256 -2.9050611206730723 1
2.4425231535092324 0.9133706892254712 0.8281804624028717 -1.8848180867434277 -1.0733692120756706 0.7521821616764551 -1.2629148215740549 2.018220975372822 1.874037211890346 0.41141419090136355 2
-0.2515586239184673 -0.831725846204697 -1.6028846512988382 -2.4957573892687095 2.178011270978086 0.3932597856343776 1.001456199020542 3.1114824747791823 5.957881933406269 -3.043312509416541 1
-1.011675063005362 1.5905360837759348 -1.9057996803748936 6.259397206905668 2.9090301531950553 -1.99508080807718 -0.8498970623045647 0.0012076108322561785 1.0602106455066138 -3.417314782457933 1
-0.6108467516480987 1.4378910263433324 -3.6891606766610194 -0.30981727012819427 -0.12167344306343497 -0.08203023860064129 -1.9607120835863958 3.8030357828676817 3.3275100222781084 0.2951718349193917 2
-0.14872313713568452 -1.3157375170758143 -0.06260190051619034 -4.720142626991225 0.4146913179906204 4.2744689046470805 -0.2810598928458302 2.342457008101894 7.117340218357837 -0.37694450101074595 1
-1.294049268905093 -0.4668265930054051 -2.006352563328968 1.2779043133864403 2.0732855271510147 -0.060594682677928446 -0.41913126415074975 0.5847994196039024 2.74705025757809 -1.642320993957449 1
-0.3016543769735477 0.5933935295198189 -1.5714923284061215 4.8516918042805495 3.823502773328462 -1.4639990464394628 -0.8664011306664925 0.14699644076845508 2.88514495201653 -3.956542737520888 1
-0.12397662300510048 0.951157621591105 0.6363304837316361 -0.37217475026185143 -0.3262796379462183 -0.1853176631461947 1.2627945303026014 -0.11448918863631219 -1.5262905465285628 0.5088107563121687 1
-0.2737784949501514 1.720713162071338 0.07633323217264677 2.602697521167806 -1.7232353483653826 0.3377089650023879 -0.9744270298249658 1.0453776524265586 0.3788011025387074 -0.9420194016302103 1
-2.3235062843692287 1.7170886498729216 -3.3863574210588383 2.8160625653407165 0.4506178229322365 -2.1361414465864357 0.2578999506295304 1.7925012238398055 -0.33900261070325954 -1.0754868103016069 1
-1.7434602054820938 -3.2447251915534485 0.1385581319699674 0.5593681136726982 0.2156876035622891 1.8731768022810784 -1.138851275536374 -3.395141636586067 -0.17448923211479395 1.049689459126507 2
-0.6453154248300719 1.0302201772346204 -0.34837287406000456 1.1742805349271899 0.8545542763811829 -0.2955054907223158 1.2206201589625194 1.650609296846132 2.3372505546200744 -2.9855412606684237 1
-0.12547095901655636 -1.205547700145933 -0.6143325238814702 0.41868270602641755 1.0041838985247293 -0.6609295955587635 0.1239861785158094 0.6932552242196728 2.303643751362886 -2.5624613508944956 1
-1.5260896522981207 0.22855242352875793 -6.003436494576235 2.679594315451455 0.39690214538752244 -3.0729135576055 -3.0542125056323255 3.0305064109425013 1.4210643865056634 -0.4991458267187239 2
-3.2599092088689736 -4.017340986562142 -3.6623839140849173 -2.1079199389124224 3.8971750157050904 1.7066958624469681 0.5209740607824753 1.5554455006832093 8.351543168627082 -3.6261360713272 1
-2.048139086599693 -1.1121270535770558 -3.205313061417006 1.7952464331947315 0.3806161127434212 0.46606075958871396 -2.418979731521774 0.5880572548820262 2.540290515963979 -0.25580718972223726 1
0.4833655659710798 -4.083841480026176 0.3951779279339165 -4.292622912283961 -0.07904112947815745 -0.8852080469108519 1.6750480091700304 0.21571145988349727 1.277163754993859 -1.5910968600018203 2
3.7276636754074937 0.861056727388755 4.430643898797574 0.08078027856432837 0.41554445519048455 0.15735266779148183 0.14949506392282874 -2.4395044456934825 -2.597710900622888 0.7430942102547757 2
-1.2977113485511096 -1.9317638692452017 -5.0970275154256655 -6.977289057037839 2.8564182420808346 -1.5324868985724949 1.4104023053676642 2.7527244810743463 1.8606189398813615 2.5689052418506577 1
-1.9393465925238855 0.6221509938750127 -1.7772468953517961 5.441434319355001 -2.3839588664109197 -0.8660910346150352 -1.9088594984694476 1.4493385624146433 1.0854856119569456 -3.1264591789880503 1
-1.5901198398885135 -1.3886206741590021 -2.0315174147856707 -2.90633481548168 2.751148684952213 2.356235118497807 0.6129031450300493 2.16294977628748 6.892003270930142 -1.7843245159357757 1
-1.1767372289556555 -0.7047498548155131 -2.87801755154945 0.9975413563512308 1.8759180564185856 -1.3502592340814217 -0.5905754716390799 0.7809728352326718 1.5216691382501883 -1.033744101608032 2
1.3426981423024356 3.1737634879683396 3.423516275169632 1.695096560324473 0.14051868517955435 1.328578380616726 1.1257817901564282 -1.016035187748062 -1.315813616382332 -0.06654066329341923 1
-1.606427886743289 1.0619013939542588 -2.0490208109682824 0.23009821805871455 1.2973887024962907 -1.1649453157981502 1.8106871333823227 2.25055428896869 1.7136526428330934 -2.1237411893837597 2
-0.4646711742636792 -0.6602015523108562 0.4089252991865455 3.6130406700059554 -1.3907022828166458 1.1955330477977584 -1.7833097287420934 1.0776453663048848 4.280502575587976 -4.370179005023921 1
-2.182025089028298 0.36422912195186097 -5.479006830507727 0.3805655164689722 3.491634935039141 -3.3408746983850337 0.627625495921069 2.149878850081427 0.7926378938546467 -0.5431616784315927 2
-3.462663097387195 0.6757567600263337 -2.8413526712208905 3.627831808793302 -0.5975587064612125 -0.9736210438102754 -0.2370491120063003 -0.10828417055164552 -1.547907510345461 -0.10059110407177918 2
0.09951034715986506 0.8067550005031745 -1.1807236203265938 5.106230916998843 0.0022333722853988824 -0.681011317810686 -3.511004899040367 -0.94309553998928 -0.6966296630618132 0.0872491048085886 1
-1.5931043611626565 -0.8881631940175507 -5.585542970579459 -2.108550811447015 3.695887633343822 -2.407315528207972 0.4229609750442411 3.3317804259993973 3.723193623367826 -1.080047329856907 1
-0.7070918976423483 -0.89210088612229 -2.9374377163982492 2.019921894184374 1.279836232094023 -1.1383824293953166 -2.0403445820692756 1.0854800090221859 2.4962619745855523 -1.5624992203634898 2
3.7337060247230327 -1.1758408226852897 0.7142126405560549 -3.6748726873517215 -0.6484929473729374 -1.4613253869642957 -1.2219205784430203 0.7695651567130177 -0.762419108567868 1.6366097395944756 2
-0.33916209984401424 -0.1783978941706843 -0.4918530924744354 -4.070660031152555 0.021934076292083104 0.36934829061956664 2.1521024751081583 2.297103982537892 2.0062261768313325 -0.3356342392772358 1
-0.9326069368890786 1.1085702687508765 0.46311847897094094 -1.7592091371521779 -2.7830664571098542 2.931432528921994 -0.007232533998539736 1.7494381163133004 1.773150591755056 1.0075860911716557 2
-0.9736379310762219 1.1547162038660268 -2.736701407289148 1.1124752873259978 1.3886605761808812 -2.769544582741548 0.262371955270583 -0.005814710000960233 -3.0838258332700557 1.572829813564462 1
4.140607756958804 0.31193496983093516 2.7827234503649776 -0.897219849739736 0.5434049589685193 -1.0906611496576706 -0.6085474847286629 -1.178683818347987 -2.082518137640371 0.9585757482040994 2
-0.7429949145083428 1.5134644466398084 1.5899565994724572 -2.6312775536510262 -0.7714396419315017 4.48570519487534 0.554825250696702 -0.26312741694509545 1.108830189078341 2.9875096206445892 2
0.7915413204822057 0.8386904054001734 -1.1160984782345007 -2.0395204291109885 -0.8317110189272423 0.8874911108756901 -1.3492497756891186 2.5900188912960402 2.4001881058458805 1.016457994775328 2
-2.323700208493841 0.46605886063815716 -3.2242858998515076 1.431294762284883 1.450309518386406 0.519250556659751 -0.6406823944516151 2.184839211403199 4.164911906663058 -1.806356135813532 1
-0.7011376546023216 -1.0133860162220782 -0.620216598098543 -0.5544359037698188 0.7335191559914824 2.8566402465498726 -1.2927882085477536 1.1903059162021494 5.666704684777433 -1.4872160547678805 1
-1.3022757729458474 -1.9284300045373697 -1.4928205686140108 0.8601228105486419 -2.3817432211540357 -0.6946526070570966 -1.2158074829085836 0.70510821746408 0.401537953151137 -1.066507254242532 2
-2.660939641419988 0.3620724724813128 -1.6483341457240992 -1.0842858397894142 -0.6277862875377132 1.830105986822085 0.589680636481767 1.1339037895255557 1.5579119336292735 0.8357237729591058 1
-2.200899453691642 -2.9633273243724982 -3.394975489729258 -2.833359126876565 5.22414389677061 -0.25772860732313374 1.713018726520172 0.4046576437926208 4.410741697108484 -1.5287124793662419 1
-2.8455824773911127 -4.668654158404556 -4.6262576903182575 0.4530865858664973 3.5527681957368062 -0.8298926580283847 -1.104277515924966 0.3571497234946619 5.3775613769299335 -3.2287293311823713 1
-1.9366401195312704 -0.0817990197767422 -2.817161066889694 -0.5931422670765398 0.15381781601930988 0.7141250895803701 -0.8004239693443045 1.3623957815447514 1.8256421279725004 0.923789136985026 1
4.542584855564404 -2.2423031320163624 1.6120077964134998 -7.524820509109902 -1.5812430941379874 -0.27701353461762723 -0.5714946477388678 1.6889482759077068 0.630787914272093 2.1885757815102966 2
-2.343335273044669 -0.7904533965030018 -4.791258564227018 2.20794999972229 -0.12632897633263362 -2.7987117078364614 -1.49839909279315 1.5851721497501887 -0.0302253293154443 -0.6315978667769455 2
-2.5737053736398074 1.76819724045211 -2.6592360737665683 2.458084991626517 -0.3658417403373959 -0.6307595790792644 -0.025280869345986945 1.2932805201872335 -0.281338951777586 -0.14277186113474727 1
-0.512765921889776 0.4455473846652036 -1.936057042792938 0.2980325483996521 3.0138484331487136 -1.711262656388152 0.7218578704896201 -0.11610267817904085 -0.5278418044897513 0.23522608337692152 1
-1.2675105571224838 -2.079132885743826 -2.564433083863267 0.09972981456493026 -2.2426029398514546 -1.5801440416016546 -1.3416284908965599 1.2438068652736112 -0.017582364424250638 -0.4271010873917638 2
2.1405854527632426 0.606816688910113 0.3231911334710468 -2.2543693535477094 0.005754655183066282 0.6370860055915049 -1.1293273279707534 1.2962496897526763 1.3520197642818932 1.284513409695624 2
1.1299717271787824 0.687233962042817 0.4888947693757627 -2.3650737363228767 0.4840783225656834 -1.2932400759008371 1.532387583098643 -0.15462105137356863 -2.709731814399696 1.8488204913711428 1
-0.487247804125161 2.1709379026489337 -0.32267061571948624 2.425652235024117 -0.3208245593439458 -1.843444962289932 1.3512909866486311 1.4589612360990138 -0.7732661391509748 -2.2418177489071978 1
-1.4853994210959844 -0.4048113780385795 -2.8833835582149163 3.2385884064526693 0.9258376599571427 -0.43324523772877477 -2.2266095483646406 0.8362765828583716 2.607996420290348 -1.6953732783410644 2
0.36872766277389435 1.885644569939636 -0.8543929588445924 0.2528007287004942 1.5947596715576253 -0.2707316701695337 0.02032057281867461 1.0641944551527425 0.7408791825034434 0.24111437386231427 2
-0.9064493616371974 0.7223067653123707 -1.0917343685870091 1.459513711276095 -1.241236194409638 -0.9451706011123246 -0.3704700031275777 0.4173639646096996 -1.5151357939578516 0.33531978979228794 2
1.2217819625255457 2.878892598340137 0.782883024296565 1.861873427652945 0.8762927195738301 0.6563321197587844 -0.5813648278308736 0.9559602995486409 1.3316036549534254 -0.6926354862762034 2
-1.3172033596447825 1.4931535159254166 -5.41280669689461 2.0375519137807494 4.86495376395015 -2.1696154622472568 -0.9207467721224307 2.9010212022385478 3.9872647006287325 -1.7842802945448226 2
-1.437791775416279 2.3239715950696294 -4.339963589531994 2.6682100767235126 3.915728728796345 -2.341297930548235 0.20301511576769093 2.9953346698045493 3.056637403811032 -2.6034993591179005 2
-2.355814608444616 -1.7549348161910099 -2.615177810454287 -1.982488797856337 0.5867804266797805 2.766621705568517 -0.31085844785418404 3.6881127569489434 8.689093650592781 -3.359792638825092 1
-0.8414070264756904 -1.6995997174911652 -2.8814465251876356 0.6563381441871786 -0.5380700527645379 -1.0224610149811673 -2.2151826750981196 1.0450526891716567 1.3391171154644004 -0.3081917012758303 2
1.3492625976266404 -0.2247362185687527 0.7820553117115859 -3.1381542231380433 -0.7030235312681115 0.5202317412500662 0.13656790506473637 0.4727284953469545 -0.19991956921283383 1.664656552785138 2
-1.0134763437933243 0.5440612475962843 -2.055100258903471 0.7325265043085105 0.961215640660276 -0.7129437161308236 -0.46099063675717533 0.22895323891356578 -0.43296016854254626 0.9243494809588566 1
-1.4226247593484294 -2.8073226562511335 -2.8361502134719005 -3.6358006038930153 2.3166305307080868 1.3059146523252414 0.16769591245608262 2.444617190509117 6.773043241953096 -1.915448996280994 1
0.46129305154456834 -1.256746679007788 -2.0903554059356306 -0.05200781363563247 1.624236118210722 0.326046825208143 -2.453769948531827 1.3808325392438232 4.346484672328818 -1.0188591682801973 2
-0.7683519570809725 3.3167814777649283 -0.492796706824692 -1.6543822246038524 1.3110163391527632 2.9406932628395968 1.10075619903448 2.8278734066379227 4.177926357521697 0.19325213382771356 2
-0.6707729790817327 -0.8371722262539271 -6.816314860616542 0.6392806922765546 3.222560248790883 -2.8344595693798285 -3.446835654217404 2.9698553569482105 3.5010323272299417 0.026627575361194866 2
1.3070719107553148 1.9646178159698182 1.253636596519931 -1.1734837306943307 -0.44427607204055763 -2.337214070561542 3.4678505583415924 2.8899117220184376 -0.07007230244667814 -3.2015526149137195 1
-1.8323585530290996 0.5861991623966407 -2.254169568525037 3.0179586099101496 0.3482839538423229 0.9144365162942909 -2.1622721976666184 0.3231705625079665 1.813779880309087 -0.10137103364183075 1
-3.1562229636848205 -3.5198992688724684 -2.070826247733344 -4.625877650202976 2.489633511954772 1.235050483254715 3.5628848001331486 2.1518784247255396 6.516811514048497 -3.721360215556117 1
-0.3852784288068909 -1.2803465112804382 -1.3754846050316394 1.1917270614525763 -0.8470818563901785 0.27406864573467216 -2.227706093442313 0.9588666425634282 2.558436058644178 -1.2671150607451456 2
-2.929927541656672 2.0784262447765753 -3.248162197391574 5.834416346011111 1.1224767779941864 -0.5835727770663971 -0.9277749152559258 2.000646284798669 3.0923229230631937 -3.6208945558125096 1
0.5941612363170079 0.561522740368982 2.731874908472095 -0.3213525772001663 -1.5461177554894672 4.781241503342253 -1.0192727318983243 1.0338248594489468 5.31618200242694 -1.589321733378809 1
-1.7586303213554073 1.9710473513377176 -4.9863376144972555 3.1839687665707848 1.3145651181024072 -1.9453055025969155 -1.6632566433110991 3.5821060345189735 2.894274880205766 -1.7991378956659423 2
-0.017796312381309187 0.44741549703366146 0.8494731315891724 0.20052161548493994 -0.1630920039657957 2.569780154519802 -0.6995281367196589 0.6983697644176526 3.412878160426612 -0.992330783432065 1
0.061834182538957005 -1.1540762995863256 -2.0402552138481194 -0.3670213830823401 1.7513293285159632 -0.9526716238119005 -0.6064585153076707 1.6890311401861573 3.358171042716296 -2.0196293103279075 2
-2.173936207446818 -0.36597447408266126 -5.129866019700901 2.2642041472097287 0.5519455485901512 -3.5958093162584994 -1.1128678473313163 1.7609093287603241 -0.49252286084319225 -0.6699582511195825 2
-2.335931493742293 -2.4730278436682966 -0.3737354074167355 2.2163842327023033 -0.3364445564594265 -0.6524485000374233 0.35487209762066696 -2.5820442909333328 -1.928066595701742 -0.8528670478631715 2
0.4402512288366862 0.7050453554749654 -0.9239967151246832 -1.5110419967449595 -2.2800910207541403 1.34059962160428 -1.8364635217622864 2.731631000580945 2.4199010084531833 0.8629011879056956 2
-1.386733835549291 -2.722228823485999 -4.007200111687974 -3.5765933594107873 3.3575062051020423 1.1200406120964654 -1.2247485152271291 1.1008260660829958 4.9103424754889975 1.0985271918773454 1
-1.1311719767372985 -3.6659708604457624 -2.5882894963040655 0.09565584506961988 -0.44401607959850353 -1.399984948573993 -1.9529591230219592 -0.7032139740417633 -0.10625089823461206 0.19927224600089555 2
-0.8440591603310761 -1.2917809082388465 -2.090184008074089 -4.340005052136319 2.009954413770161 -0.025927999320405015 1.8155028734691858 2.2615927561004043 3.440114476752632 -0.6434234540059394 1
0.3784557957779202 0.14561122681269878 0.8641681729123362 -1.2428337470216866 0.7196577671693039 2.3047460861830515 0.07092008483730705 0.9564009404177891 3.817749429330008 -1.062380977470729 1
0.4222543907926204 3.1711714817095955 3.3548597216403193 4.20972209149482 -1.222849094698534 3.020340469354849 -1.0886722116810645 -1.844577677313203 -0.810130632550629 0.3723044410256552 2
0.08302006747949331 1.5751614869697403 -0.3061521982740962 3.7532586634931233 -2.6336669017614653 0.6903039577813956 -3.2285410034982234 0.6079623207315688 0.04366424865420227 0.22725853657262174 2
0.7660984816838774 -0.3732982836280938 0.6963124565545902 -0.2031799709017137 -2.6818197937110875 0.9508532261536772 -2.222963862689077 -0.8875036321036627 -1.8420740343020106 2.6907990868950584 2
-3.2160931616960613 -2.515727073421643 -5.366294971574672 -3.060846702759824 1.1613497589191801 0.7158426161650415 -0.5007372193200412 3.6879229611124473 6.482638072016135 -1.2065741262670773 1
-1.3714042799967916 -2.687161136976833 -1.8485439142543107 0.6778432276995127 -0.6984669479459555 -1.059816002434006 -1.1757241824937807 -0.7185276319676226 -0.4572311104651504 -0.1616726842875983 2
-2.3214293226002067 0.7175440886313589 -4.283870893625761 0.37982541068188563 -3.805689725135679 0.6297475921362786 -2.904118342709171 4.345069103533326 2.9004564318768917 0.5090462074580947 2
-1.9606106542934514 3.4111064156167217 -3.1427237747316177 3.677105007549824 1.7185692590735355 0.17279758005100665 -0.7411476747101361 2.941738321871806 3.60293596023893 -1.9746319766024065 2
0.35716474990365454 -0.21369902134136165 0.007728613779439605 -0.4783851814335177 0.48112370588675946 0.7978436686951225 -0.21091208052153265 1.2850302820170376 3.157865590197162 -1.652621702639586 1
1.0961766646969018 0.49057515172432986 -1.1476694275722708 0.10251582297981257 -1.1195304922179992 -0.6128157362455102 -2.2603846166850126 1.2420870449003827 -0.012405021403225181 1.2016155333075897 2
2.943093752891652 0.08046208058454352 4.02504797940036 -0.8241795928528225 1.8825102426492961 -0.029998180547889386 1.9722225018050668 -1.4273380510665898 -0.0634149056533171 -1.836068146173495 1
-1.208949257668289 -0.7772011045474481 -3.6837861838117845 -5.083043556228577 0.11128313977596638 0.21305714658252362 -0.16816474253851665 2.3744722450485893 1.2370431315335424 3.3288684741195143 2
-1.7924174229911594 -2.2052016491710913 -1.7121687816517663 -2.861559867996867 0.4626684570197984 0.7096733655646227 1.5613175078975883 2.7196392349325884 5.318710667868224 -3.143563498204294 1
-0.03845319588444929 2.911225127176092 3.0956601846699714 4.906352079354577 -2.2696232562323626 -0.8708632634854584 0.7266625729527046 -3.4857836658640995 -7.5352306674406115 1.5586792642543017 1
-1.3912169191516002 0.22356102557801982 -0.7870443393676735 -1.4274164885435427 2.2807319701248345 -1.1860298204541375 3.639357453625089 1.0056149569541106 0.7563139701390892 -1.9985113429864947 2
-0.09341014100936684 0.6958276790754654 1.7211446677183613 -4.297071603142346 -1.2201654802536095 2.6111264639554363 2.9401797528623037 3.1666839023871165 4.34168985884818 -2.0216217273064503 1
4.513607754735205 0.1875227837370912 3.76548716817152 -4.583417700115784 -1.9367846894043015 1.8341633623921432 -0.5754171355081762 1.3577911433382626 1.6311495411503636 0.9087776940191927 2
0.013311539097180303 2.0989519887668977 -1.4396414031405547 0.19702826357218417 1.4344234297547118 -0.016298912699325818 -0.7188217115537804 0.2954078807589554 -0.7287636993314381 2.4063889543094676 1
-0.1829404026150997 -1.7825044187790482 -1.2842591507817602 -0.022430625549404483 0.40758474579106396 1.3849046668854617 -2.1567611343546136 1.2164402191091386 4.88973676208778 -1.6708558520503924 1
0.23325617921596686 3.2344989415997003 -0.26877382383107895 2.1986145940498556 -0.22539126361282358 1.1277694234729885 -1.0064813231328675 2.4499136915371658 2.8046893857754363 -1.2924117682884448 2
-0.7966806940836445 -2.830823776651153 -3.6056157886978695 -0.15704206259424677 1.1084429214922553 -1.1012720898591148 -2.5513961250499837 0.302693964984303 1.7709586634165815 0.329497417172959 2
-1.0522449305451678 1.7076261726259991 -2.8045628999068213 6.013718409300222 1.6593673105854645 -0.690475610082584 -3.6678025787799826 -1.1242810222269632 -0.7347269922191643 0.9922379723046022 1
-2.6017245072235333 1.3994731752386804 -4.152282650141273 2.8354963801039474 0.5384561637870817 -3.201600454723919 -0.39722740398714307 -0.5447448745059955 -4.896593708660747 2.664837896276784 1
-3.840364154778042 0.5375751691522648 -5.31991484495278 3.0673081903583355 0.31501723695650496 0.52428340168297 -2.180389870453872 3.1560835717578146 4.912826580677416 -1.8324520910451043 1
-1.2649270638229146 1.5310115925186496 0.6472692592397621 1.3813300430351225 -1.3629070081890688 0.769828029567013 1.072080356684312 0.460865736017525 -0.2492699882666129 -0.8562564891960106 1
-0.6281475562294249 -3.430141590081729 -2.602791293224831 -0.3295574801844806 -0.0431585197954889 -1.1195726962710169 -2.1856882911984608 -0.10325958469839747 1.030163511444586 -0.01999909969133229 2
-0.3424716220841568 -0.9595269417339567 -1.6065598039138702 -4.874016727171302 1.329881710368811 -0.21934461936774474 1.7783169692770553 1.7419089386863362 1.560994747708853 0.8591468438867438 1
-1.1923044682787416 1.2375722720992985 -0.9330288001282833 -2.5731463891134108 -1.6081245103797404 3.1586639825325182 -0.5094672675136604 2.2569178401062935 2.753063071033282 1.9784711087758855 2
-2.7958411027488723 0.14302305799755322 -3.852334633233199 1.9669896997413996 2.255123494156629 -0.7497233389613371 -0.3282147318078563 0.812230640547776 1.6849546656164072 -0.7380935922226869 1
-1.0029168159191857 -1.890319457598868 -0.500042531619929 -1.35906312576203 0.8345968464910788 1.0996019646912822 0.4041687369619502 0.13958367879540712 2.7663568810723667 -1.130267055376708 1
-1.0472031674424969 1.2668094373462266 -1.307855305628033 0.6807524240317169 2.404439179425319 -0.8064309775267479 1.972039213764233 2.021076196770612 2.776178347156177 -3.0871959339981445 2
-0.49875447357608194 0.19510622390250487 -1.3360176507274497 -0.6627945385952195 2.6195075613833185 -1.4701368561849844 1.5320354553284905 0.05090350980421765 -0.3963123238046783 -0.06467812693382358 1
1.6294192694512681 1.0637346751565118 1.0585779156971387 -0.29379847329792796 0.5184757651899765 0.3720038564165339 -0.6187670549409539 -0.5316907251503176 -0.7655701251551309 1.4412561952258518 2
0.5079711944378604 1.7204005792118093 -0.46845911697463716 1.9931646926736162 1.8031840636018477 0.15234972029367833 -1.331108311358787 -0.6318057126465277 -0.23108156404934263 1.0868327599620216 1
-0.15464710546916827 -3.019261275218348 -2.7101104396384232 0.12398776468407417 1.6227553150416776 -1.1135182733393654 -2.3868418541985066 -0.2459441398950326 1.8739208410275692 -0.3026641414855057 2
0.9391954478614102 -2.278027701175076 -2.29181058680981 -0.9900230505899845 0.38471543578584955 -0.7009535599356715 -2.533413856040264 2.181767852482656 4.197595245770411 -1.5521141987999365 2
-2.360799621702677 2.2533142295329993 -1.6059641147750887 -2.6130110901562316 -1.0801784026904973 4.670454236654406 -0.18150940968088436 3.396774017655961 5.143827612519841 1.5197530909928032 2
1.3857199934443667 0.880487864388617 3.0927484338628655 -0.5197208726044731 -2.086689496545923 2.414719296469926 -0.5891282256690056 -1.1018048812156294 -0.9677881697037283 1.6954854376519535 2
-0.17524216171602547 0.25765893691821373 -0.2911459549961607 -2.1694523413740163 1.4230522202633014 -0.6082897754043213 1.7554028266114998 -0.5106843791525189 -1.767208563117858 1.7291592006402885 1
-0.6253423468425374 0.926837470878446 -0.575282961687143 1.2618107535795604 1.7667785779281047 -1.1685825812035135 1.683249292553084 1.0538089119436125 1.2747484197623933 -2.755845080627724 1
-1.1804503751226625 -4.588470569906075 -1.48664475206456 -2.021382002085162 1.1903774707983938 -1.3606099203925963 0.4440722684583964 -1.8750210455422045 -0.6396280211948716 0.11846220621054959 2
-0.9219173844999674 -0.07564344996809846 -0.24985490245759281 1.9888131114525331 -0.5896991527745681 1.0251079049230913 -0.9244244653700061 0.4824716801299124 2.210458820139473 -1.7446377251157419 1
-2.563265188108594 -4.04460291850237 -1.3225944203828248 -2.0152009627300274 1.83254876740406 4.36701599469955 -0.7075981630902238 0.6581222689860986 8.839351177849649 -2.8681822686073017 1
-0.5309516349230181 1.0233293428840342 -0.2835670107634715 -0.5620727269103134 0.1525957021184292 -0.2951518855945414 1.5028440053726384 1.2445020786679366 0.39889984451437716 -0.7449682365575092 1
2.028835654783773 1.2177527827831214 2.094330217174843 0.3848722626338813 0.34395122585868076 0.472737247291963 -0.48071993463354457 -1.1389305558693494 -1.2569299420998563 1.053371281647974 2
-0.9659530775000174 -1.6782420453203883 -2.5795629925081305 -0.7259513331666281 2.9415291228079257 -1.511695271191055 0.3904479133857228 0.056584942428686946 1.160654955622228 -0.5918436918051369 2
3.4181871263864902 1.2143275645883038 2.9818463457038855 -0.995615560190314 -0.72897441793972 0.9274714429212804 -0.8033615510151786 0.20118833446382378 0.24177978736170022 0.4535552140668919 2
-1.7017066065681385 -0.29437562281380814 -7.055492134359395 3.147024769073201 0.08188651521625334 -2.9581166756776924 -4.6870357344798395 2.957648063672998 1.6382693043645635 0.3453223382938244 2
-2.2508574766962326 -1.1072311579604153 -4.288223525036252 1.088294701551659 2.636455272360066 -0.8548625374567995 -0.9549391900819483 1.4029337529816206 3.4780959333838073 -1.5203654040615695 1
-0.23317777802965134 2.0034053019052185 1.9470537150535303 0.7047847285656179 -0.5100258998546583 1.1327906952011704 1.9618552678415169 0.7235833926729922 0.8018977261117843 -1.842105251944651 1
-0.3646185499205946 0.6085731292833658 -2.611536286991741 -3.2672312726302644 1.6926929785570062 0.8982005612803765 0.1454892152795988 3.6024474224178995 4.913728686809532 -0.18458746635882306 1
-1.1244039288465553 2.2492983127511224 -0.05768353543856444 3.045216258530063 -1.6701240061319709 2.20730326215945 -1.9168081624125795 0.06507676993604838 0.33262242757556826 0.9809970251879169 2
4.116866313824475 0.25277209926296296 3.723882201375822 -2.6221250340249154 -0.6265128263419626 0.4303634913387766 0.039537482552905345 -0.22306559275553517 -0.4705912172828739 0.5708374969735912 2
-1.3726750934232252 0.1517592323711876 -3.0862108780339987 2.1839457320805904 2.5846120104160617 -2.3928296138315472 0.1394677332480896 0.8229551038912633 0.7574109655483845 -1.7653980750283995 1
-0.9373320734416835 -2.6458936727718037 -4.916418284627299 -0.38592122321238925 3.1576003218745208 -3.0115907526265997 -1.5006266181723629 0.4371991267483386 0.9298137442286903 0.22472930474839492 2
0.435037726903309 2.288274415612647 3.2631852149002034 -0.5412857956543581 -1.197229661899918 0.526795491736068 3.6105295294224837 0.9186276074650959 -0.46002427079032904 -2.143653814664474 1
3.618831411107207 0.7481487082915625 2.173939528038306 -1.8960110173588758 3.368508421242603 -4.7752825127890866 4.3294968719019815 0.35297758791398903 -2.444560868447557 -2.8092802495921205 1
-1.8126620169234278 1.0202901671317859 -1.5370595599496666 4.100498205994986 -1.1865859251500814 -0.46982811712302186 -1.2826192540650345 0.34579878402431363 -0.33352938992469167 -0.9689750833202689 1
-1.8835736489840444 1.6012604093355867 -1.627088802277997 5.249650687360959 -0.48254389109269447 -1.2586189017334033 -1.181333365984806 -0.6952567877853935 -2.256383309644406 -0.246095760885909 1
-1.2931870207806484 0.6687888287574184 -5.381057831806457 -3.4609784828762162 0.19007138181402694 -0.2236207448435179 -1.2310306825182336 5.120290970791488 4.1696043404861705 1.3368783383527867 2
0.313127003627204 0.8203854716213907 -0.29439835610730236 2.8802025207843394 -1.7965209903433266 2.1245671345340407 -3.544617968628842 1.9025761190765014 4.40225171858022 -1.7556440921048626 1
2.6287917331383834 0.47499652028127604 1.4783767692798508 -3.6376382266228258 -1.5527685824632447 2.466847670681654 -1.5602151912988036 1.8409078057064105 2.7006416059409752 1.613872245452879 2
-0.33741942815662596 -0.9140477318771858 -1.3126437544313128 -1.6462990422401271 2.0198929207008662 1.7854689101627887 -1.2495540637230194 -0.2567510978053067 2.5207938833625354 1.613364760819437 1
-5.445332316960036 2.798003283571212 -5.94542379202488 4.598128861667621 -1.7994189031680707 -1.4109193900176094 -1.2410370490354783 1.3129556431533866 -3.1140024441067515 2.47737315080437 1
2.2073044723791986 0.44705633423827185 1.2154505016903392 -2.964604275652911 -1.2604588902498322 1.2712656444008639 -0.7968597252935241 1.4095388202153822 1.2814851164790144 1.2850059886884893 2
0.032672491168353135 2.078799188641537 1.2037858176327876 0.7313385563477623 -0.4821987400194554 -0.8739310457435261 2.3875566870422897 1.0892328003876843 -0.8065448192905987 -1.8769417170894704 1
-0.19180508721252476 0.9425947449404761 0.4482200118491839 -1.2281702910819712 0.3358570873127388 0.19537329543646065 2.2272297073590517 1.9801209542199034 2.135312226402043 -2.206938655845458 1
-3.1791788438929696 -0.09685278750836446 -5.2918937603373575 3.979776806067873 -0.4125677618424417 -2.6987114405339017 -2.2129354155077916 0.7689880791566789 -1.4208305596038746 0.3821555719352572 2
-0.29395645289888206 0.7528513597699991 0.12321768220254427 1.275993959435595 2.3678456603809854 -1.30757760681458 1.5314458287284713 -1.5068913605396386 -2.0549161121100212 -0.11559461283693784 1
0.35024667757318406 -0.5556904756200665 -0.6516795608651706 -4.593329721467334 1.9210489563034716 -0.9008217597022355 2.5276332440832414 0.9465819353304835 0.1362533001491176 0.8325152784535348 1
0.09223228035973463 0.6046381432673551 0.4032444666550828 -3.825710654229783 0.451959375912252 -0.10081346044609096 3.036998552189294 1.5501792420115486 0.33525777437892745 0.018396210637973365 1
-2.0719732068059553 1.0874868581054211 -1.830926134540772 -0.9240090093459564 -0.2803153407705439 0.36679927019642133 1.564432091716366 2.811849613300033 2.4001334738583058 -1.2776799762991289 1
1.8511197079219064 0.8437173168085758 0.4970865737064825 1.7667315946252191 -1.1432869701504733 -0.9487037349571543 -1.9368605453295569 0.3176814819095375 -0.8456312401755899 -0.027138514805395753 2
-0.6986649804526064 0.3271221114472369 -4.6506926522596945 1.2490780935065375 1.1240151668803289 -1.014636887053298 -2.9820600278843035 3.1233001180809565 3.7760526506532064 -0.5974641641018238 2
-0.7068276380027532 3.7885645834375627 0.07976875147670323 4.347294908371953 -1.841014104270268 -2.8962434170981215 1.7521231694085977 1.4396732726564934 -3.4455726774224424 -2.163542289892127 1
2.902036788705012 3.975261865415252 3.866404037361563 1.7698376290809856 -2.1831400214559658 2.2060606285311337 -1.0922743678208424 0.8337522974159376 0.37729504374413997 -0.09993269247274383 1
-2.0881196854780315 -0.4183918691908871 -3.065146008082881 -0.22383532167462955 3.053367041897058 -1.8039287717973678 1.7163601791539294 0.7022633358169111 0.7713099220190277 -1.0168404800967015 2
2.5795498211644228 2.1766695309936814 0.7059024836919446 0.7763046048060843 0.3526056770119359 0.0460349361296426 -1.4161122255429364 1.9434184849489555 2.1716963927570903 -1.0125010777664754 2
2.721101004671403 1.462126649014051 1.750542162544008 1.7349508940526759 -1.5715628162141286 -0.43242981612141085 -1.6423143166037537 1.0483342520941379 0.31856423267907724 -1.2527192827983908 2
-5.005033153706545 2.8348988242435063 -8.146025150693312 7.138593371270316 -0.8336398218345311 -3.827238023529502 -2.585649606453752 3.5638265550054604 -0.5902115357015192 -0.8790729184219497 1
-0.8309252450424668 0.9108680974213439 1.244803311786003 3.432291418291826 -1.4331024093762341 2.055741054053801 -0.6556958294562397 0.8272931303345568 3.318792823624164 -3.4597267509832865 1
-0.5790449465579126 1.0109406400386307 -5.651226376307813 -0.48615290686035084 4.125706863077465 -2.815248052849417 -0.46803209576216376 4.142540018773982 4.018194937397057 -1.3616417081157843 2
-1.3390950003603344 1.8628988151685137 -0.6991719100298095 2.6630179330231334 -2.024841712692896 1.6936405207172602 -1.8975983827716218 0.645956845207952 0.47000620936742 0.7627741661070082 2
0.1732647725038392 -0.494437812377579 -1.6898322327176192 -4.521093865440968 2.861327193862934 -1.962860013719728 3.143872985722369 2.3443712910508614 1.640743202754734 -0.9693271357992401 1
-1.2406253902285025 1.4602420628471173 -1.8592431807038923 5.424432204362047 2.8405116975652245 -2.1011727611138626 -0.34615724051018226 -0.6637521351259794 -0.4325111907244501 -2.1376730112748428 1
0.15104794149200296 2.784572868448666 -0.6400067418384795 3.4045241996601012 -1.74049896197619 -0.4683002135468737 -1.503729596766687 2.1933880670197325 0.6366058160601232 -1.3103096510373924 1
0.1517526539316798 0.7022402805741035 2.1762978103313806 -1.4653608772871876 -0.6801206151332357 1.9575294492091069 1.680901312755634 0.4574893365619481 1.3506488300289894 -0.8022182963857232 1
-1.6529432169027056 2.6131548147522707 0.9453218121980475 2.120363723002986 -2.1219233890595355 3.5007966806534503 -0.7352266684223067 -0.004661429674353457 0.5749089736847147 1.0832712669212197 2
-2.644878043735261 3.184754724541623 -0.5422475929754309 2.1616591748643046 -1.4606828166278993 -0.3137499761639342 2.3208168003751277 1.096060595732317 -2.024096909747312 -0.45215169304919933 1
-0.8492102173008862 -3.1954176894564945 -2.1338987771058417 -1.2505581304395594 0.9972133779039977 0.8539846921184187 -1.2659395049895188 1.7973733315340152 6.124290509260949 -2.845447081995716 1
0.10693696214990123 1.7475082018539019 1.41111005579387 -1.4518296490162546 -1.259309430208116 3.6205832083694247 -0.3884147318745481 0.7324394094895865 1.8696277434493431 1.6479961081333165 2
0.34578477377507877 -0.19273487689150204 -0.49837849280009583 -3.608307581665491 2.7102077472367587 -0.9115671918249886 2.9359210246368947 1.644725849532794 1.952923957691346 -1.2904552087285541 1
-1.0505359316736782 0.1586393414586056 -1.126671406978492 1.5475349197047887 0.1487445829844749 0.18269697346082836 -0.6219491473605012 0.5587204573682101 1.362080259357023 -0.9794402717439571 1
-1.047384943457251 -1.1195799390486652 -1.429355373177247 1.213366286579209 0.6822164108608362 -0.1508847224263824 -0.8966649636101748 -0.16356622502113893 1.240102162275605 -0.8396222826413404 2
-2.635455847182259 -0.5319946649404221 -5.677795029591409 1.8376608022599616 3.3566277601314414 -1.4067502310626931 -1.6051647763314398 1.6191840283836907 3.2295197319327253 -0.8468410267198627 1
-2.386559074008934 -1.797192171516553 -5.900985262653964 3.717862299048932 2.4569833421603278 -2.8157580577996946 -3.2511027337940663 -0.21727195813982503 0.383139500868098 0.05764037795463017 1
1.1061232577495916 -0.16717751497876465 1.7638342407555432 -3.5195944163798036 1.2164042999205569 0.11828259560364929 2.768679313858727 0.048932398685619716 0.0726003790921025 -0.15889808671422645 1
-0.30845967473736013 1.3401889525404194 -1.2195299074259631 0.8471472364292283 1.7606114307523115 -1.520496215718765 1.0334122318172434 1.0360799409516395 0.19402342013833196 -1.101213367779926 1
-0.7884122646559757 -2.278152000190633 -4.686640610276456 -0.09602803799921843 -2.217735141845984 -4.014268440169088 -2.0406691860468342 2.911262859255934 -0.1743271415066774 -0.7145819391942375 2
0.6810125415662003 1.100657244813745 -1.6353457735083587 -1.9511399676927532 -1.1876730927342893 1.3841515657728953 -1.9888756196087716 3.6256392148878054 3.9190150479220622 0.6129112911441622 2
-1.3756036506308598 -1.120986410031342 -3.6136017580454536 2.942277948610106 2.4475506225609625 -0.16767198816743756 -3.4500910901845407 -0.8697832375205026 1.6604071996202532 0.6976048152618401 1
0.23320968172934897 -2.1922755914483547 0.6247551666750774 0.828947558352353 -0.6640253611389737 2.2752988119728643 -2.4256786244024546 -0.21286957011366914 4.078863418970088 -1.7783825835109504 1
3.8998887841416723 -2.2339737947747906 1.4638242980414795 -5.304374046078338 -2.131438908823262 -0.9533925333148434 -1.069062793618824 0.5633140208973177 -1.2419823604828515 2.286960133771957 2
-1.0645934126331111 0.5361364871522492 -1.3107638149789675 -2.941061900707348 0.2874519322631631 0.4032532595988305 1.6892802917439924 2.064331582767738 1.4624888315779463 0.38202429271182514 1
-1.707930829336442 -0.32012762121244887 -4.12602368195834 4.622068120104492 0.8563305128370771 -0.6392928561548463 -4.454231331544484 -0.5879399804567229 0.3984951629283895 1.1278009076524507 1
-0.5370371203081807 1.50833972914795 -2.0546969842691474 0.5771208759540891 1.1039612539630286 1.1763955582888799 -1.9033044130532075 0.9209981210846467 1.7183208540824353 1.7125693663778758 1
1.817191271052819 1.3107569334488476 1.87068364593124 -1.2676216191179823 0.2374446261818638 -2.9898199708757263 3.141066025010857 -0.30501808277475506 -4.4461760890054 0.05341350280367374 1
-1.4840227583482801 0.2585850902236304 -4.975392882085018 0.4478708003306108 3.304399520199862 -3.888883147962898 0.4036390049931694 1.407375278215934 -0.707738061169029 0.16188675099403538 1
-1.1185129294711402 0.19552400174848916 -2.3797924146350886 2.492420536449178 0.9805956300378113 -0.8691140809786653 -1.5868436982470588 -0.11259080731996707 -0.0221428385199925 0.21668382405625897 1
1.4088343586430034 0.2510650160816351 0.027959724636823478 -0.6131263631602853 -1.6129460997673082 -0.6373457640877846 -1.1478530365508595 1.1678274489402598 -0.31040831481751074 0.5024350475313931 2
1.194458606692772 3.1263223632165116 -0.27432045296850033 3.4605092429467037 0.5427147875731162 -0.8177170712867294 -1.134458516632384 2.071317289592963 1.654875544151524 -2.1801793650248813 2
-0.41684033048760727 -3.2567844398080195 0.43286153980659803 -1.577576943870109 2.6550058850871894 0.12980874047060564 1.3785938110913794 -1.952679499335427 1.2955017115560121 -1.3299202469790616 2
-0.9902750225226724 -0.20160670385134216 -3.853719936400051 1.3887838484749702 2.7663780376275318 -0.551300354999966 -2.1093836113334934 1.382227346159399 3.4048064476250253 -0.6076118840531579 1
3.1278154615280287 -0.3098274004081114 1.6189645307832623 -4.261930045635876 -0.894122089587557 1.1732080999524448 -1.0156897143381176 0.7730850426519951 0.7402612406992077 2.264350367059269 2
1.5629167072047485 0.4345464456271747 -2.2583243317684687 2.618530418837318 -2.7418660588396673 -1.967993837249384 -4.481857136167804 2.653689196433948 0.7471588150206163 -0.4352018403765654 2
-0.7011412102714769 1.006722381392576 -0.06701847734477369 -0.24663328092472178 2.3580190098157052 2.5702252972305435 -0.23090670247064737 -1.0284720873570432 1.478369138818277 1.7460143722160382 1
2.7016501287876054 0.3242637869337468 1.9461416174656123 -3.287693915444717 -0.6530101261491419 1.3490265840742823 -0.48211111482908464 0.6186953281032165 0.7516674744971145 1.6055825592496984 2
2.346525186455478 -0.012800862530700785 1.6308446088420405 -2.147350179390013 2.7966322530163 -2.3184298254643716 2.9216765828196136 -0.1342929342151007 -0.867925618855334 -1.4940224566442661 1
1.9491765751076093 0.13567129962418356 1.6325734932474139 -4.2158067712670135 -1.8064495796579236 2.678750994645843 -0.8432173870678565 1.1788004099082474 1.6845656709534815 2.30228052150409 2
0.2932951060230846 -1.2500149693736549 0.7221699456924763 1.3333455204736455 -0.7295871889444856 2.20869806045925 -1.8020205398301536 1.4365099610811973 5.937428465027068 -3.881117239840751 1
-0.26074470040189257 0.8815803524197058 -0.027650864132159607 0.7188645036313728 -2.301784873456075 1.3335241178205444 -1.704190696977572 0.2997122212646497 -0.35927473352838435 1.581927156849412 2
2.4471893106605886 0.4505735602381703 0.8424066560422337 -3.4936953540752933 -1.0499550166098515 1.7088566525242337 -1.3803354524324942 1.9038792153982529 2.321685349614381 1.569673220736174 2
-1.2945220364903531 -0.008884633166281741 -2.633832274853888 -0.47634792042495927 2.3546236264962674 -1.688221292548024 0.868743581953707 0.08745609853305725 -0.8730874710448996 0.8849096948170312 1
-0.7161836456195446 -4.289334768880529 -0.21793426241831584 -0.3012235111699742 0.7893583736430863 0.15704642748083208 -0.8507019118201599 -2.579328930459172 0.3993358007721249 -0.36088864948709887 2
0.30732255291834387 2.434224386954198 0.22946508019253317 0.41911929960572913 0.3512737804593833 0.02201127262638336 0.4475605195600414 0.27479104208209515 -1.2682339935725704 1.2090946086547651 1
-1.0218884837802802 1.9672323215256695 -1.6708754510616766 5.705909970580316 1.8231787309282934 -2.4366574363034728 -0.797445271368941 -1.297833150290217 -2.746110341901651 -0.48905415333618985 1
-2.356767376536692 -1.981490996030602 -3.2867556910007463 -0.03156866049736089 0.5248060745502672 0.6906788793306076 -1.157878686640149 1.8602488043749608 4.719712571293858 -1.85765315043923 1
-1.045722128833477 -1.150467231255389 -3.192429452530114 0.10483083160048207 1.9139057989080137 0.4405537929014881 -2.2615557522500342 0.5204571724110991 2.851050275198702 0.668707944894531 1
-0.35074984216031346 -0.6947190992655751 -2.17545934842824 0.7934923184323224 -1.4576683903847996 -0.4285188252187191 -2.0713647930739705 2.6431762248698445 3.1283414042795656 -1.8141385682668636 2
-0.8239759718632335 -0.7512514403093286 -2.181814068312859 0.30613635200903855 0.5885908641089992 -0.6292607361491205 -0.7385617543852603 1.3794267928923412 2.172896299566113 -1.1985291586075348 2
-0.13273338939157064 -0.180915962195768 -0.4827067579708314 -0.5276594001837132 2.5141675008255646 1.340401527646904 0.1548534566176174 1.011000195271003 4.489964588722828 -1.8840543530138887 1
1.5583196887078037 -0.035108704388690626 1.4137293209032833 -6.6781221362135135 -1.7870771899344609 4.055724841807673 -0.33472565922331254 1.9049297761721262 3.0700966195454593 3.2257315036621463 2
1.7877531408777423 0.8867193868911301 1.102256717316221 -3.1682838625722054 0.055537057310212745 1.7101234609108174 -0.13279494224465105 1.0982327627869293 1.5850525167741958 1.5339264041246374 2
4.949845122354359 1.906105225967985 5.249787036896401 1.1407296845809518 -0.16735443639227066 0.5085374531255886 -0.6922201068501417 -1.2281746833039295 -0.8858047433607946 -0.7345515497459083 2
0.008669737960002255 0.4466976348292363 -0.12108349473179868 -4.18952130411942 -0.6389773806736059 -1.5548957682405244 3.496588368440039 2.1643138736469276 -1.0973185777347763 0.0063529658941174905 1
0.9105992107860801 0.2223974377562169 -1.425011860330813 -3.210262967296791 -1.3146252518172021 1.686428797514623 -2.232264534629297 2.7289768388295697 3.017149080105176 2.105969635563399 2
-1.1312363800865604 -3.6814897990284647 -0.42159010579749745 -0.3675032690295491 -0.47651375142269337 0.36682140532026075 -0.8921498794753339 -1.9590099818243236 -0.02555585130387894 0.13961599925142432 2
-1.591965486194431 -1.45947257732024 0.6650063562772313 2.8352234532002454 -2.072807335663049 1.8235687812170895 -1.6726367979554586 -1.7997229993872894 0.21528212877396466 -0.5715720133164146 2
-1.1715588584231273 2.1908485853136055 -1.7254161871138163 0.2830581682727684 -1.1121503164978899 1.4284177083621463 -0.8616701419777387 2.855987944810489 2.6278247261856866 0.1454931004217127 2
-1.5117371698059392 2.111018137221625 -4.058572216365872 -0.23931073295236124 -1.1222444510909453 1.4601335809900267 -2.3135546690073205 5.094489660987785 5.371690476295233 -0.07809254787782494 2
-2.024557948977577 0.3600560785844893 -4.54489172491827 2.4220343425460045 2.6990191033266173 -2.041055784764695 -0.5965650677891001 2.3075924911971484 3.000200840903249 -2.4365612926293205 1
0.41745140456604624 -3.1428551212616638 -2.460795626468784 -1.5538640257449683 2.005767626954036 -1.097424062216471 -1.5596799933437413 0.7547638640911509 3.1594878728199656 -0.9935570215183931 2
-0.41186540214027867 -0.9877617100810675 -6.680448980800704 -0.927069027260452 5.1584591027932465 -3.1643354935655115 -1.9196535352181363 2.855255189180341 3.8228584029117956 -0.16385749895279467 2
-3.3975246844172897 0.24011136436079816 -6.069434640273417 1.0231600711935793 2.9753422422525975 -1.7967537094438366 -0.082447528584914 2.735457941794886 3.0097238529933037 -1.159363184791984 1
0.39479882181081294 1.1959059933736207 -0.46962406953814617 0.36186257653554504 -1.5692273965907106 -0.18680014091084796 -0.8027783413140399 1.9148785382986453 0.6823817093282247 -0.3170528341684158 2
-1.1733278209994604 -0.4426518310330473 -4.306627716013857 0.6099033353335229 2.140281910727807 -3.403264541365163 0.016010559749786824 2.0990385268239846 0.9528531173325044 -1.4864307298678934 2
-1.3164102907264157 -3.1354512964748924 -2.188377122025867 1.2315816808876263 2.0610469060225274 1.8381472959703957 -3.1005828985758894 -0.8455456944785631 4.8127944994990886 -0.9780630780468261 1
-1.3353624222046294 0.34208723766653315 -3.323791941848502 1.6519252176980148 1.9277416760842798 -1.9529481220056064 0.0553790218220831 2.4536541096223567 2.7854292280891637 -2.842657057681916 1
-1.857554107528601 1.941062736137673 0.20158443846889448 0.2231443021564874 -1.9990381525580418 3.5531573904746576 -0.4919055871358128 0.4975450597821163 1.004378695131952 1.8162554690452462 2
-1.843178794794809 2.0486570741749066 0.4859446364795193 1.442777573104932 -0.932333363884178 0.2911548508709185 2.401108018145419 1.0008077182353432 -0.13899905660967418 -1.8393006716775298 1
0.1774465514118313 0.0754091770055727 -1.5750895201016355 5.010489115719521 -0.5008751345301508 -1.497306642220523 -3.575665745311632 -0.33938414353053403 -0.37607100579069414 -0.8373356884486542 1
0.10948503164091639 0.9734925878600469 -0.19754926654029425 -0.9773938571490406 -1.0728894134176996 1.5865864142604007 -0.5693608527825624 2.281878456130187 2.9637342139389413 -0.4166276016851397 1
0.7691430815451068 0.6280709446754932 2.966816026420227 -4.771665908193972 -1.14731534823293 1.6599986998715592 3.436270495705808 0.5948827783815073 -0.3302784674858694 0.7274317720076784 1
-1.319376460274013 -2.458804122444349 0.76091652072865 -1.6041873680611067 -0.45518936570279767 -0.24275117314405004 2.353794428625693 -1.1552008917026186 -0.8427395232249676 -1.0555540744236216 2
0.46265819657274143 0.17528743028326588 -1.4049009117366964 -0.235535372920082 1.5177769078244958 0.964371980622375 -1.3334523987860494 2.588922959295482 5.532706453564794 -2.0804144428771325 2
-0.690729039695962 2.269078274605853 -1.3698966330624784 1.4362301875069077 -0.5355346120557009 1.2724566101193333 -1.4731407362758007 1.9894565455037485 2.1614932856404305 0.18254784538594315 2
-0.8660624811844366 2.169660229686758 -1.5161033847478889 3.8886885262754847 -1.6534694541355979 -1.092143982327078 -1.1871400851462752 2.1098543129138934 0.41803435125457217 -1.825679073240492 2
1.7244121251238538 1.1417894059649796 1.84757695286345 -1.491158122754025 -0.7181908680243205 1.2631906867156277 -0.08340046056132733 0.36560434098199 0.18664548814399623 1.0144333463364088 2
-3.0413402581848854 1.808241631506585 -3.4327159228289563 4.247955188619598 1.0578932623266164 -0.8199642412716397 -0.6025833716555065 0.8873003145706786 0.4995472303580602 -0.9157915461985997 2
-0.9641793854973562 1.0054622425888864 -2.1249136683908967 3.456467175425147 -2.0221085035092035 -1.5139053247048357 -2.0338812276043083 1.1495741941960924 -1.0460411643273797 -0.27510833670916446 2
0.4607749492038111 -1.0276815493621887 0.11499403404165764 -0.8577015711356315 -0.09642615107366659 0.9880495988845703 -0.46598696062684597 1.6342955618496486 4.092597712987717 -2.3376674327787725 2
5.15755013878325 1.3817142065579868 6.163567838500271 -1.1948355337727112 0.6979500113444248 2.537949139057874 -0.5377136944804058 -2.548310779591829 -0.7058619599282677 1.497198616733884 2
-0.287374538808187 2.210505254100748 0.340240794237009 -0.9526783803739779 -0.8782112825737974 2.6214675842919246 0.08850606560910634 2.18284769381508 2.9172480217961114 0.10636992150419822 2
-1.8426339616971035 1.2884145923138106 -0.9981030469500578 -4.468767799815622 -1.6993025157787032 1.0197617898539826 3.566905086985983 4.821353629574936 3.4980182470722503 -1.6231583039198474 1
-0.7793546491267321 -2.628819931228673 -3.6611379500959904 -3.5922927980915507 2.6608826860961656 0.6629807410491931 -1.09935810529405 2.136514043211622 5.637840357272457 -0.2039335320622535 1
0.3202798685587225 1.6556585723521842 -2.500328299719709 4.046100850728745 -2.1031462421296854 -2.1159478231222097 -3.0362777943516073 3.265638855787528 1.351341560165028 -2.165771321129873 2
-1.3489469551199986 0.3508865799156806 -2.7924221309709445 0.20869543912022875 2.468689640676925 -1.7177277288573591 1.1872444047257065 1.8030182972705795 1.808406940167553 -1.8080246739670773 1
-0.5491352118328596 -0.08336343240966348 -0.9699933922989412 4.32315325851216 0.909806685921529 -1.911407029594682 -0.6590396472616538 -0.03807032728379811 0.5561116739469409 -3.265388540400889 1
-2.20415173611701 0.3303902026131411 -3.3183933471802236 -3.000535103372654 1.9328822652252973 0.09197952673398369 2.08385663406414 3.601842432723198 4.270392188855789 -1.2848775143605797 1
0.2444656917353425 3.027907542978466 4.110458029476616 4.335867691937495 -0.8860346774115417 1.114226757068491 2.35092887589947 0.4109633597426544 1.4026817074666955 -5.315754775137309 1
-1.8696541025729498 -0.7936252970803294 0.12534841660451781 3.23022564625313 0.8165612023038693 1.5485711961816984 -0.7295855218022167 -2.089491940843975 0.9605144370482361 -1.101168873128969 2
-1.6982032889957384 -2.012238461605349 -2.031065775002908 -3.5526128888760464 1.4418706533184655 1.9993045542564902 0.6289687657906855 2.142388342360803 5.823948114933426 -1.2682054861826666 1
-0.34162699977117483 0.75838883129055 -1.7967442233143691 -0.1943425539421816 2.7133851889283376 -2.812965485122901 2.0859127886140323 1.036233525110715 -0.5162397000793515 -1.1803529745715475 1
-2.6141592023186457 0.47997750028146136 -3.0690972974313655 4.589036477342194 2.1348841950578414 0.5365696943811118 -2.0782334216606007 -0.18537469665956108 2.4867127999538328 -1.1334649939878383 1
-0.17002228964198596 0.8122559395977286 -0.2056383456906998 3.1686330776155085 1.2227077538838695 -1.1964118733859705 -0.1791066968648225 -0.8306688605772428 -0.9084949719759097 -1.1521487860324264 1
3.4399747087437413 -0.19419737352877653 1.4037430762779832 -4.842178766516097 -3.450994048816249 1.8191358289147956 -1.8947777077478705 3.6778109611644347 3.691378109662943 0.5675861603186154 2
-1.6202053243920291 -1.3724679390341812 0.5468247263535697 1.5391183051092625 0.27140606706479153 0.6237087233112775 0.7928571700328053 -1.5219133770093483 0.3877190060430625 -1.7247634556041895 2
2.5631082040687208 0.20934015208364332 0.02076812180197155 -1.2417921602477975 -0.8309685120525566 -0.15772626123736888 -2.330278643029262 1.2201326097482759 0.6853485508199659 1.2604985657001 2
-0.7870572716256464 0.820547486437693 -0.7587844668156807 0.5257916885842687 2.0070103981634952 -0.7539701754791145 1.8086171966199596 1.2129334243533836 1.7866725556962268 -2.453770845697299 1
-0.8993789970247348 -0.8349879645804967 0.5511853952254685 -1.032087694051769 0.8645467965406528 1.0421906540767458 1.6139597238462384 -0.08173510148958285 1.8232224007611344 -1.4320628834581826 2
-1.4810079888718755 -1.018064576869758 -4.020589195474175 0.1516378025377969 1.074307528615537 -1.5437104489575477 -1.2662758178330642 1.3933424289563496 1.2858063740502697 0.08820013891197287 2
2.2676143000714015 1.6995724861141552 3.6414747120737117 0.22243641364452346 -0.7529452796150399 1.8786920602985329 -0.1892568794185332 -1.0365573324194908 -0.6101785483460539 0.6678012802936639 2
2.037524338148324 1.0878659482752233 1.5233944435595126 1.1897427012182071 -2.9140254063004063 1.0466676805083537 -2.631294151242143 0.9130013314405493 0.5671577131171235 0.1759333183059214 2
-0.9246491786069996 -0.9689515529604937 -1.0987433990470772 -2.569928772238641 0.4689207351391196 3.3096737924135455 -0.7713077904347103 2.2301136950363327 6.394030032796193 -0.8392281484686326 1
-0.5261575054518493 0.6169508633268697 -0.7191405540295102 2.1580765609468937 -0.9443589103090171 0.8200021661935644 -1.4116426507523923 1.888303868772871 3.322747675076043 -2.356500446934426 2
-1.282530876911212 -4.324642770001632 -5.205274642526617 0.29378241643264946 -1.3815118163141067 -3.722087296926651 -3.5180357481030105 0.16361262769280516 -1.6660725689820988 1.337922664416494 2
-1.0081585147643906 1.629686961103836 -2.5379266355286085 2.185893003869591 1.3536957552077173 -2.447006596118486 0.6358091082157269 2.049473892767166 0.5399595452456915 -2.066127403687822 1
-1.1715142088237598 -1.7378376050948225 -2.5045950964410246 1.3425416507047383 0.9361468793631412 0.02946373075704245 -2.329781514667054 -0.3089195064125718 1.7417250105173707 0.001397267694993376 2
-3.792882570672891 2.9491253843164555 -4.26690507698957 5.954283894966223 0.8377681906411212 -1.82788550199013 -0.0864079468277732 2.198143573261096 0.8555867545231546 -2.6394405700056938 1
-1.6564928571795892 0.8521778853891332 -3.08847560661553 2.6738008693978834 -3.7807077750342617 0.10213332981719181 -3.3571579527145596 2.928712730754646 1.533514569186887 -0.14468930466884578 2
-0.0023068164403997615 2.231574310281736 1.6964293795032706 3.939621607323938 -0.8557837099418193 -0.7250622996334004 0.7275738434134004 -0.6876236482803457 -2.1758608417350462 -1.6234601317577804 1
-0.000991393780950811 -2.3100998679562323 -2.900805399026857 1.6365239966236276 -1.1117125304228859 -0.22419513846004768 -4.6872652381587105 1.0412742935721155 2.8622328680857017 -0.3501048202461815 2
2.340607446049315 0.18910752058186897 3.675151579481202 -6.187039619104224 -1.9368104779051944 4.872555596358024 0.1458841664177717 0.5875239556655152 2.383912002974415 2.9509827525599093 2
-1.1124115166997133 -0.3651611858015493 -4.9775345969186064 -0.7905847769122564 3.5027646455813635 -2.421146154134431 -0.30476970612415233 2.412021963520208 2.491418917755137 -0.48611273451057224 2
-1.8021080978190058 2.955676180413466 -0.4830760636952232 2.3296711253409526 -3.053024462054651 -0.26782251245590716 1.4232758217066537 3.596716684801493 1.2018298993737526 -3.1812165233547436 1
-0.4344527806912307 -1.1289096532737366 -1.470586404782995 -0.09651394174858427 1.6672263939488994 -0.32243181021768264 -0.25886718996814506 0.7452465051010627 2.6330661098293593 -1.5524274620537473 2