n: 500 f: 10 f_i: 7 f_red: 0 f_rep: 3 label_cnt: 4 noise: 0.01
500
10
4
0.5803040452874932 -1.415634662474393 -1.3186729970732873 0.06831017705685771 1.2312270954661215 0.06831017705685771 -0.7952577783171757 -1.3186729970732873 -0.7952577783171757 -0.06866388385334155 3
-1.854611286610246 -1.6158809404035877 0.48967198147761337 -0.19473881641862723 0.7600503026158332 -0.19473881641862723 0.439661852698471 0.48967198147761337 0.439661852698471 -2.1965021691555293 0
-0.9091980261782204 -2.6341369179668632 -3.247943295849229 -0.3937221893702356 2.0956472482142505 -0.3937221893702356 -2.4265328472821097 -3.247943295849229 -2.4265328472821097 3.3868447240535406 3
2.2539541692457083 1.2574099664728937 1.474708039187445 3.101153720575136 -4.584147757229819 3.101153720575136 0.5610766505523692 1.474708039187445 0.5610766505523692 2.5111963882558905 2
-0.3514765153164633 -0.1357235710887601 -0.26300976348881444 0.4330148928174461 -1.2169026485691168 0.4330148928174461 1.0702687548471934 -0.26300976348881444 1.0702687548471934 -2.3307950959655512 1
-0.5512876240520692 -2.674928579795471 3.366894560493393 -1.6194825827662238 1.8468909693201687 -1.6194825827662238 -3.4854831104104926 3.366894560493393 -3.4854831104104926 -1.2297543969735292 2
-1.5454691779797491 0.4743039651247719 -1.4966247025021095 1.8670246511242174 -1.9358153634830542 1.8670246511242174 2.2560387597979434 -1.4966247025021095 2.2560387597979434 -2.37875457312715 0
-3.311210169340494 -0.36106821214261087 0.8308134824511978 -0.03651350488996541 -2.1552263286323727 -0.03651350488996541 1.602808868797385 0.8308134824511978 1.602808868797385 -1.5256064581466422 0
-1.293178989989534 1.3361991769399737 1.3922443680910144 1.353867083761984 -1.1019017572284804 1.353867083761984 0.37391432612035536 1.3922443680910144 0.37391432612035536 -0.18437787185351406 1
0.301652848442575 -1.232108907876787 -0.7634431971034509 1.2597120604839032 0.30834265859100274 1.2597120604839032 -0.8949601215739147 -0.7634431971034509 -0.8949601215739147 -0.04758424960754315 3
-0.05592911463267036 -0.3796821522157593 -3.8137449421856036 0.170176188902749 1.2908276423723424 0.170176188902749 -0.20566740523952154 -3.8137449421856036 -0.20566740523952154 1.4202877101955047 3
-3.2152166162589473 -0.6364930441496139 0.07797953762989529 -2.9979341111007223 4.834271957576762 -2.9979341111007223 -0.9128658703264889 0.07797953762989529 -0.9128658703264889 1.2924514616731488 1
-2.4125691451493045 -0.3894224970606197 0.3412307650703965 -1.2544148785313847 2.900902309684484 -1.2544148785313847 1.8826754574434137 0.3412307650703965 1.8826754574434137 -1.4064585106586207 0
3.055764061479925 0.8854560848437247 3.0607963848720097 0.6507196574394174 0.49569180233723387 0.6507196574394174 -2.7029989268221044 3.0607963848720097 -2.7029989268221044 -0.2631921321701005 3
-1.4487885770822913 1.672601692378994 0.427155218089015 1.7574090032517287 0.14608282137580098 1.7574090032517287 -3.57072258572289 0.427155218089015 -3.57072258572289 1.1793559353301557 2
-4.3679130869083735 -2.5874809839474833 0.07763815012538733 -1.2201285349372388 -2.2298169845667566 -1.2201285349372388 0.36811460688844966 0.07763815012538733 0.36811460688844966 1.1016355960276822 0
-0.7179672658341592 -2.446809671611601 -1.888388155356668 -0.36640974487635547 0.6262399547083154 -0.36640974487635547 -2.3378470308621004 -1.888388155356668 -2.3378470308621004 1.6488181950718304 3
0.31007225343395795 -0.2787501538311623 2.5646301144222923 -0.8581168721341945 1.888190461523514 -0.8581168721341945 -3.4429839486759417 2.5646301144222923 -3.4429839486759417 -0.5134270367851523 2
1.472136342998672 -0.4105905124840348 -1.1225048800848207 1.167877085714581 0.5475449834884456 1.167877085714581 2.434572495642591 -1.1225048800848207 2.434572495642591 -1.6990794801010893 3
1.1599279617225187 0.47873529825528294 0.3505239510689153 1.564173204486917 -0.6291345421120337 1.564173204486917 1.2844982176187052 0.3505239510689153 1.2844982176187052 -1.0930096984574278 1
-1.4844193894903306 2.0942511484746706 -1.4764021340747484 -0.9414232393603069 0.5224352877835654 -0.9414232393603069 0.5355473449598027 -1.4764021340747484 0.5355473449598027 -1.621490964495532 2
3.3226368555193937 1.2303742284601755 -0.8460295168241758 0.42297315143489644 1.011253248888359 0.42297315143489644 -0.23942905518576207 -0.8460295168241758 -0.23942905518576207 1.491478012084135 3
1.0701113797483668 -1.4018922281756936 3.584354401922625 -2.4088352826248194 -0.6266601414367887 -2.4088352826248194 2.354599534666221 3.584354401922625 2.354599534666221 0.18037996296787728 0
-2.517329451595983 -0.6094432595194932 -0.2146727782822646 0.9700182401068037 -3.988580804651453 0.9700182401068037 1.4669342670185084 -0.2146727782822646 1.4669342670185084 -2.035208879397073 1
-0.9193261562751288 -0.321495563943219 2.0359641737771836 -1.345105639989061 -2.160327942282825 -1.345105639989061 2.520799460741312 2.0359641737771836 2.520799460741312 1.0753624455870026 0
-0.06486258296314518 0.43656832518735034 -0.443357223494911 -2.2047089402613227 2.677684262030949 -2.2047089402613227 2.7725468716682395 -0.443357223494911 2.7725468716682395 -1.4780113944898736 0
0.7281420760353812 1.7714036091126384 1.9093032487971096 1.2145196113653742 1.0084651252347103 1.2145196113653742 1.126633531715648 1.9093032487971096 1.126633531715648 -0.9526911517508344 1
-0.05300919458219 -0.42304162526383093 -2.210177530975192 1.9632232843596418 1.4449457243761445 1.9632232843596418 -0.06920363364588367 -2.210177530975192 -0.06920363364588367 2.2070271138331217 3
-1.9854304047631746 2.322351524824027 -1.0913617081594498 2.5196447109646627 -0.8446503498440789 2.5196447109646627 -0.43851941604727884 -1.0913617081594498 -0.43851941604727884 2.514461257770292 2
-1.3050097836791017 0.9632697322634718 -2.5976507990965367 -0.4185631486321323 0.3158502736309593 -0.4185631486321323 1.142958487020511 -2.5976507990965367 1.142958487020511 -0.4437522567913441 0
3.694770671637471 0.02309287966087148 -0.28116134794110503 2.595997431728816 -1.7269307168323205 2.595997431728816 -1.2516629988227381 -0.28116134794110503 -1.2516629988227381 2.614664724521009 2
-4.025664036186937 0.5195220347439281 -1.6055430706257212 1.4241164752721502 0.5459737963023443 1.4241164752721502 -2.2244141726056874 -1.6055430706257212 -2.2244141726056874 -0.9684348067724916 1
-0.046610021277374014 -1.4335197159456965 2.6701462895358388 -2.002058987554438 -0.7980101366494847 -2.002058987554438 2.105525880124881 2.6701462895358388 2.105525880124881 -0.07921582571993058 0
-0.37549153482466324 -2.119475106267325 -1.1263950995259646 -2.2751126989688055 0.7076525188203888 -2.2751126989688055 -3.159960908582113 -1.1263950995259646 -3.159960908582113 1.0010631946595547 3
-3.664056649229618 -1.0786045104009228 1.0751629935408928 -0.9488778386884661 1.963532134538599 -0.9488778386884661 0.7251173980272168 1.0751629935408928 0.7251173980272168 -1.009616362882757 0
0.5867302797007692 2.071902951729986 -1.8451988997240458 1.783605393937175 -2.584420452674088 1.783605393937175 -1.0278438564186927 -1.8451988997240458 -1.0278438564186927 0.37785906403595293 1
-0.06755414249413283 4.070390740408046 -0.8118381252916775 2.129018636655891 -0.709088532370689 2.129018636655891 0.8962111208849053 -0.8118381252916775 0.8962111208849053 1.078224225607797 2
0.28504182975363324 1.2852116568839562 0.6935406059307927 -2.0894014526248332 -0.11708030416060167 -2.0894014526248332 -1.83284164047353 0.6935406059307927 -1.83284164047353 -2.0830535797523075 2
0.37433026823512316 -1.0806333743973686 -0.3588372826909618 1.4062977633170641 1.6536350059818885 1.4062977633170641 0.2060071557544636 -0.3588372826909618 0.2060071557544636 2.6098900294513476 3
2.3938496034643206 -0.09840571768257722 0.5803188368258096 -0.2650043801688482 -1.0378436105809112 -0.2650043801688482 -0.8525843305220802 0.5803188368258096 -0.8525843305220802 0.30180501224741674 2
1.0569541443965211 -0.3570679379291317 -1.7734266237477718 1.578595342177331 1.0599521668805005 1.578595342177331 1.1730429782489609 -1.7734266237477718 1.1730429782489609 0.6511206782981139 3
-2.9117613317970603 0.7902553332452953 -0.6870428140020315 0.29798196343925476 -3.02067694369728 0.29798196343925476 1.9582391860808581 -0.6870428140020315 1.9582391860808581 -2.599886260469493 1
-3.413134079968749 -0.5633728846199371 -1.1936840529239299 -0.741642191855048 2.4177037077523726 -0.741642191855048 -1.2863998045261775 -1.1936840529239299 -1.2863998045261775 0.9904941769787665 1
-0.7380235181199395 2.3863944473074223 -1.9724796522706995 1.1760304732129279 -1.7107560928782939 1.1760304732129279 -1.2907418224727016 -1.9724796522706995 -1.2907418224727016 -1.559814856369949 1
0.9988821313933987 1.8205704531104718 -0.9133538166964017 2.439082778856526 -1.0115585639165687 2.439082778856526 -0.5728723704477996 -0.9133538166964017 -0.5728723704477996 -1.866720074379572 1
-3.1200163440177318 0.8390882442083999 0.8160679161648869 0.5174228706440034 -2.1988247976402193 0.5174228706440034 1.6681545873671575 0.8160679161648869 1.6681545873671575 -1.3516651942900175 1
0.3856270416993641 2.547424331630548 -0.8891781737023544 -0.7300646992833619 1.732716179735966 -0.7300646992833619 2.5706546175764107 -0.8891781737023544 2.5706546175764107 -1.5635764053681633 0
1.7743456204367614 5.707321383147554 -0.5832346413226677 -1.901122090423339 1.625570995090147 -1.901122090423339 -2.3338378227134924 -0.5832346413226677 -2.3338378227134924 -1.135068784559413 2
3.0355176495028964 -1.3597827417262756 0.9372552545958945 -0.2997104114799818 -2.8358251246648996 -0.2997104114799818 0.9705578839022426 0.9372552545958945 0.9705578839022426 0.9814773801173956 2
1.4905865777767588 -1.9197547903729932 3.494742589306496 -1.3721218310194618 -0.47551238876410085 -1.3721218310194618 1.1331551366688555 3.494742589306496 1.1331551366688555 -0.6448532952826953 0
2.2518836013427537 -1.714593968149821 -1.1223713421642625 1.0325078007135282 2.601037129821724 1.0325078007135282 0.02305712629752177 -1.1223713421642625 0.02305712629752177 0.8571344081471194 3
1.1887688227157938 -1.4110210240587504 2.479216458641279 0.36284427671717023 1.412269079943686 0.36284427671717023 1.1455932017813426 2.479216458641279 1.1455932017813426 -0.9097211894377989 2
-0.4806687797074226 2.045367265400877 1.8235735564046804 2.0612225970099223 -0.9063599770441768 2.0612225970099223 1.1579992842312274 1.8235735564046804 1.1579992842312274 0.2089234312201591 1
-1.530204880980087 2.1010206367461786 -0.7389906447517547 -1.3679273807323393 0.22925284694712822 -1.3679273807323393 -1.4864129807577076 -0.7389906447517547 -1.4864129807577076 1.006642496824195 1
-3.8642240245355275 0.7519587900469943 1.0864950469026036 0.7911034524162268 -2.7423985867982386 0.7911034524162268 2.027970066873392 1.0864950469026036 2.027970066873392 -1.7424700447681527 1
-1.975391958183407 -0.0018551690132554421 0.078126135213615 -1.3459580982356811 -3.442161559974473 -1.3459580982356811 1.9655814391531718 0.078126135213615 1.9655814391531718 1.611548006711998 0
-1.670401689998851 1.0300010719016335 2.663802591690775 0.948638616806746 -0.5541739378935611 0.948638616806746 0.8191086945985543 2.663802591690775 0.8191086945985543 -0.3615895094406276 1
-1.1100454997632838 0.7959632395556806 2.3516757014031544 0.43002239741334336 0.1940082641627734 0.43002239741334336 0.5032257625689965 2.3516757014031544 0.5032257625689965 -0.44048639415956947 1
-3.504418168747198 -1.3033440741353992 -0.36367474428207036 -1.6775355551123374 1.6831330541804796 -1.6775355551123374 0.628197061269496 -0.36367474428207036 0.628197061269496 0.04899724608693434 0
-1.0593478695208847 -0.36308633355781184 0.705040793491265 0.7444182820565051 -2.420362343888648 0.7444182820565051 0.1001998920562267 0.705040793491265 0.1001998920562267 -1.3511953009926527 0
0.4565808263686615 1.1837975754972163 0.5794298273211993 0.008641193710542838 0.9044032073604554 0.008641193710542838 -2.38138214302728 0.5794298273211993 -2.38138214302728 -1.0494057322008548 2
-1.757903198020804 1.7564672883142816 -1.1696815419212903 1.9071370555545668 -2.9846020799900526 1.9071370555545668 -1.7049227921207963 -1.1696815419212903 -1.7049227921207963 -1.715507392221247 1
1.732904999034729 1.6047357038347132 1.6312890767352506 -1.879105928408491 0.024114560939074492 -1.879105928408491 -1.4025728903855161 1.6312890767352506 -1.4025728903855161 -1.8942315185797511 2
-2.4952285594158123 1.6670075589942264 3.0083303021417978 0.7826156500616483 -0.21295926584605074 0.7826156500616483 1.2172016800512402 3.0083303021417978 1.2172016800512402 -0.09070777508056527 1
1.1794049291935798 -1.6537266242116835 -1.3033912843049433 1.5115245995035753 1.7956162514002239 1.5115245995035753 -1.148133667494096 -1.3033912843049433 -1.148133667494096 1.2712129095304046 3
0.9542763107024188 -0.6945452771528975 1.1603266506628551 0.8540497058804353 -0.8227637344153754 0.8540497058804353 -1.0252775950978075 1.1603266506628551 -1.0252775950978075 -2.500874715432401 0
0.9882544565550908 -1.3259572332146088 1.1597628817120018 -0.43166244635369844 -2.175376579211891 -0.43166244635369844 0.4060750051280696 1.1597628817120018 0.4060750051280696 1.8531123635116233 0
-1.1467903777430277 0.9752951901718343 -0.6638812819795135 0.6094694434341759 0.4233497926718838 0.6094694434341759 2.215217325394873 -0.6638812819795135 2.215217325394873 -2.3836164490446334 0
-3.101030180567054 -2.0246728931232427 1.225304139638328 -2.9152336863228583 -1.3124598623866073 -2.9152336863228583 2.293061663249778 1.225304139638328 2.293061663249778 -1.2949385586526527 0
2.670354561669386 -0.07539561083291635 1.9443602473504118 -0.4957922200112088 -1.5106845702323606 -0.4957922200112088 -2.1365957057738694 1.9443602473504118 -2.1365957057738694 0.3467152164894861 2
1.543637686029745 1.1004582771010207 1.2709759962734948 1.4467274793409295 0.6792737934887985 1.4467274793409295 0.836367768762289 1.2709759962734948 0.836367768762289 -0.2751520710690504 1
0.5357508003820418 -2.1347349153561264 -0.26659431793075716 0.4970353258899719 1.8671299952183391 0.4970353258899719 -0.32192985261838847 -0.26659431793075716 -0.32192985261838847 3.5565528372377493 3
1.1006627014907961 2.19800632418338 0.15243894052012907 -0.8389201073914291 0.7831975744331777 -0.8389201073914291 0.13498461220319524 0.15243894052012907 0.13498461220319524 -1.0698164817889986 2
0.6088765427786933 2.1625895175256846 -0.45879332103384574 3.183040754163942 -1.7516130626342616 3.183040754163942 0.22105329560302678 -0.45879332103384574 0.22105329560302678 -1.0248151732294972 1
-0.9432957254082236 1.690579918478413 2.2990632934624737 -2.2747740566162893 3.559186793795914 -2.2747740566162893 1.2912183566700919 2.2990632934624737 1.2912183566700919 -0.7883016272975611 0
-0.5533251501609977 0.03713828618008008 0.6099366916265321 -0.9511887859524822 1.7911270177705056 -0.9511887859524822 0.8631133706234266 0.6099366916265321 0.8631133706234266 -0.2886399975507814 1
-1.543521796092376 -1.1805162610551818 2.78936231081599 -4.874188361106243 -2.840214327079281 -4.874188361106243 5.3288102210766235 2.78936231081599 5.3288102210766235 4.5280663786367 0
2.723155087329167 1.9255190427436988 0.8299198378757705 -0.8945489297828424 3.4364279457181066 -0.8945489297828424 0.7421078282044153 0.8299198378757705 0.7421078282044153 0.9390933000018364 2
-0.4174529385828447 -0.9126574688477704 2.016979344555293 -2.0777364931465243 -1.442940329203284 -2.0777364931465243 2.122722980202597 2.016979344555293 2.122722980202597 0.11655206553529229 0
0.013380329972523697 1.082435164638309 -3.0979652703761875 -2.8136920241975334 0.3264949170451398 -2.8136920241975334 -0.9864755346596186 -3.0979652703761875 -0.9864755346596186 0.5998178311378639 0
-2.7388777680617435 -1.165535678107165 -0.40751797846229976 -1.9653283817764144 -0.5707662054500814 -1.9653283817764144 1.207655218575927 -0.40751797846229976 1.207655218575927 -1.7422545434630696 0
-0.7779401976956635 -1.0651881573715363 1.0448897624709148 -0.7417837257479545 2.4555619781764793 -0.7417837257479545 2.6502146462245832 1.0448897624709148 2.6502146462245832 0.45323904599728004 3
-0.43288577726200406 0.754763104248062 -1.238885262497935 0.07685830482723177 0.15058481173052873 0.07685830482723177 0.3772158785917423 -1.238885262497935 0.3772158785917423 -0.841465863976605 1
3.905309122390279 -0.44306828353887373 -1.7193622652021656 1.0995666334082983 2.0137731955847187 1.0995666334082983 -1.1307823704941997 -1.7193622652021656 -1.1307823704941997 1.322208685137142 3
0.8059791895892832 -3.975147707139409 -2.95867163677833 2.4117085806122933 -0.21384144116605608 2.4117085806122933 0.9194753879466018 -2.95867163677833 0.9194753879466018 -0.5418429901645772 3
1.3254280481260072 3.6021796227971574 -0.4743137870026568 -1.571960088553275 -0.5433828890983625 -1.571960088553275 1.7101486167393487 -0.4743137870026568 1.7101486167393487 -1.2269090335940571 2
-1.236583448446336 -0.2680769503703072 0.053118192192722846 -0.05110038604485756 -0.4154147386176352 -0.05110038604485756 0.08772189291333443 0.053118192192722846 0.08772189291333443 -2.637927338606347 0
-2.5870282839715975 -1.175679586952747 -0.31588210810653083 -0.14621633298126235 0.25097077804907375 -0.14621633298126235 0.3442061745479529 -0.31588210810653083 0.3442061745479529 -2.5227433647555753 0
2.9295171582220227 0.5772671858164327 0.05852817322133497 -0.10503686696099024 0.5235810311648772 -0.10503686696099024 -0.5304057639546673 0.05852817322133497 -0.5304057639546673 1.2269177746141846 3
2.3814790589507 0.6535541855150775 0.2703842280378663 0.2572533388279723 0.7497141518317474 0.2572533388279723 -1.598966344662316 0.2703842280378663 -1.598966344662316 -0.554580965045431 3
0.46094269623140094 -2.259573281586098 -1.503679549225584 0.9181949038577509 0.19335349849047867 0.9181949038577509 2.0426208612404615 -1.503679549225584 2.0426208612404615 -1.1352842569283688 3
-3.2658115900635236 -0.7914130003600288 -1.0838537057832913 1.3316261487391543 1.9291614651988302 1.3316261487391543 -0.3770731271476757 -1.0838537057832913 -0.3770731271476757 -4.215509369646 0
-0.3018847039862721 0.918207159430378 3.373130374669543 0.38451750927945305 1.5135517620022512 0.38451750927945305 0.27404158396262834 3.373130374669543 0.27404158396262834 0.5437449701297945 1
3.429423219390788 -1.2658700838535284 -2.1428959630063398 2.4394001595541654 0.045473527495805466 2.4394001595541654 -0.6401083846895437 -2.1428959630063398 -0.6401083846895437 0.9469894606170763 3
-0.7260637213924207 1.2275856042230993 -1.1453214662915445 -0.11872951965109324 -0.1038049612993861 -0.11872951965109324 -1.4490975431124677 -1.1453214662915445 -1.4490975431124677 -0.21932769566426358 1
1.8537415152255208 -0.6417724970501186 0.6501365401508017 0.4377045134020413 1.915986988751845 0.4377045134020413 -1.6975523403078694 0.6501365401508017 -1.6975523403078694 5.58384088610522 3
-1.3694310274304584 -0.05728203460173309 -0.508369663221258 -0.7372631841556957 0.7224124405335826 -0.7372631841556957 1.4531224197884385 -0.508369663221258 1.4531224197884385 -1.4936543108426759 0
-2.440778051320822 1.6040996473635565 1.0801793898573835 0.6701157030518452 -1.1048065018602595 0.6701157030518452 0.2784737690402217 1.0801793898573835 0.2784737690402217 -1.3070133837946867 1
-1.864386577417283 0.3525838097217736 -3.157175639146106 1.0757794178136617 1.5240144668551765 1.0757794178136617 2.5864947434817847 -3.157175639146106 2.5864947434817847 -2.8243614837115976 0
2.7654342281349393 1.2979961857813351 1.609871240337311 -1.6081760313389686 0.12695104093169063 -1.6081760313389686 -3.2733615530477973 1.609871240337311 -3.2733615530477973 -4.106592948184112 3
0.574003933968418 -0.2794316173243572 0.6845824478617817 0.837738953334439 -0.46322811349063586 0.837738953334439 1.8858562255163238 0.6845824478617817 1.8858562255163238 -0.6131994449609024 1
-0.3548428036837181 -0.7460682221867054 0.6700445469755394 -0.7326180642341092 2.2669852812956863 -0.7326180642341092 2.028970589722213 0.6700445469755394 2.028970589722213 2.5666500962504 1
-0.13621043416095113 -2.617505557961432 -0.3554764719994411 1.0378869283664354 0.02082912155630301 1.0378869283664354 0.9530739208399989 -0.3554764719994411 0.9530739208399989 1.9959392947644146 3
-0.309958483073991 -2.0135394864487397 1.562066081755444 -0.7188792167037154 0.8368198077222297 -0.7188792167037154 -0.3303025741494874 1.562066081755444 -0.3303025741494874 -4.167397405661992 0
1.0688719711778694 1.7040133641800495 -2.6321622762376453 -4.251025639902355 0.3728109698212102 -4.251025639902355 -0.2320840724777169 -2.6321622762376453 -0.2320840724777169 1.8268416474241471 0
-1.1949432055434515 -1.7234391632232935 -0.783675014231513 -1.75934117594975 3.00902642787216 -1.75934117594975 -0.7343125463278741 -0.783675014231513 -0.7343125463278741 -0.05771149474312265 1
-0.4047865099981921 2.153320203858918 -3.0237826451209218 0.4279092090105927 0.6551759347084153 0.4279092090105927 0.6390027042989543 -3.0237826451209218 0.6390027042989543 -1.7573449017775422 0
1.0455009912712099 0.03935144743344732 -0.8639432373202565 0.47072701458974087 0.3689544007415627 0.47072701458974087 -0.923710883206671 -0.8639432373202565 -0.923710883206671 0.380167112465417 3
-0.11557420617909053 -1.0264909779940352 -0.6381465619514705 0.22425611861731987 0.31166961149823746 0.22425611861731987 -1.720881953551563 -0.6381465619514705 -1.720881953551563 0.21655580184636303 3
2.1741878746532244 0.29356599059194366 0.8468596280925831 3.5169606747533035 2.0099918857929877 3.5169606747533035 1.080061598970469 0.8468596280925831 1.080061598970469 0.9466447101260362 3
-3.6561266024686367 0.02530976753023806 -2.2569107925772047 1.130267266316595 -1.101105983055955 1.130267266316595 -0.16291347002930023 -2.2569107925772047 -0.16291347002930023 -1.6362871581069731 0
-0.9920560651488963 -0.13432717635589064 -1.075790524862739 -3.1965367440318375 3.5925055818795375 -3.1965367440318375 -1.0956209915906245 -1.075790524862739 -1.0956209915906245 -0.4776941342273975 1
-0.9216720930059268 1.5264605017764037 -0.6935335436423127 -0.23225822967714704 0.09501770441152668 -0.23225822967714704 0.8169568681766963 -0.6935335436423127 0.8169568681766963 -2.7380869536127013 2
-0.26697898526878183 -1.2850507784804537 -1.9261010392753342 1.0835888618754528 0.7579966685848291 1.0835888618754528 -2.17168382417029 -1.9261010392753342 -2.17168382417029 2.0408100385993184 3
-1.7263402321890235 0.4193906642323397 1.8588998186459205 0.2818294152063401 -0.7046482140368908 0.2818294152063401 2.228753263362068 1.8588998186459205 2.228753263362068 -1.8956861681253176 1
0.6312005413673035 -1.8121023349521233 1.422651141159525 -0.5005712599264922 4.271127973091302 -0.5005712599264922 -1.321589071697895 1.422651141159525 -1.321589071697895 1.6853929066884934 2
2.894977716392699 4.737633157018843 -0.48758934422692857 -1.5137683135580704 0.6936601409491203 -1.5137683135580704 -1.219347953622674 -0.48758934422692857 -1.219347953622674 -0.567903454722237 2
3.280558444364573 -3.4418359852264846 -0.19517161404631123 2.1699798183312105 0.9623280287325432 2.1699798183312105 -2.6160417468987056 -0.19517161404631123 -2.6160417468987056 1.103521681317781 3
0.6423282429067565 1.6815911076201209 0.6899631576101499 2.004785033534275 -0.22930421064286366 2.004785033534275 2.215938215432012 0.6899631576101499 2.215938215432012 -0.36100467005673587 1
1.3971134353522752 -0.35354844365103966 1.0187303700463133 2.829008749351053 -0.93917631895398 2.829008749351053 -1.676330425301574 1.0187303700463133 -1.676330425301574 -1.9060479163779558 0
-0.8024270985190362 0.8692494547385125 -1.9648157791135938 -1.7328544890389521 1.7539076574544752 -1.7328544890389521 -1.5149713145048422 -1.9648157791135938 -1.5149713145048422 -0.9851042310827833 1
-1.143520155022991 -2.4430647303478734 -3.5477976302565537 1.3641541078744257 0.9454713882449916 1.3641541078744257 1.074019434939577 -3.5477976302565537 1.074019434939577 2.019630095420381 3
-0.43630770697616206 -2.0647796888091037 -2.504023715309609 1.971265538595711 0.7977476780788532 1.971265538595711 0.6500757547530005 -2.504023715309609 0.6500757547530005 2.2225203849267334 3
-4.848354865005339 1.6056223506565892 1.8604293249747272 -0.34798870332072585 -1.3775987934004141 -0.34798870332072585 -1.8092821490389293 1.8604293249747272 -1.8092821490389293 -1.25018463258112 1
-0.3712325972460062 1.722149623466776 2.2648323042466 -0.548617560948099 -1.9148321348331638 -0.548617560948099 -0.38148352897146165 2.2648323042466 -0.38148352897146165 -0.5685951770730737 2
-0.8256349864079162 3.3076731920547036 1.9935064828265214 -1.144942149991099 -1.3168807273557905 -1.144942149991099 0.3502032480221191 1.9935064828265214 0.3502032480221191 0.36626201271828607 1
0.5721436158853027 -0.6786715517899271 -2.6189652345877956 3.4011530684747626 -1.2334267690147165 3.4011530684747626 0.5274671061172895 -2.6189652345877956 0.5274671061172895 3.9048440293704734 2
1.28641413549075 -0.6869959515668844 1.1781326429912786 -2.789000725377549 -0.8249481836840027 -2.789000725377549 -0.8709999610706626 1.1781326429912786 -0.8709999610706626 -1.0329557224140933 2
-4.791379713928919 -1.7859899410472537 0.0032175728137534554 -1.8789497953949146 0.8318885600077301 -1.8789497953949146 2.8816213841522753 0.0032175728137534554 2.8816213841522753 -0.48885371919572185 0
-2.8491845576159363 1.5008029219630175 -1.6214737887963833 2.1387583616079437 -4.503081131058334 2.1387583616079437 0.25988315256619676 -1.6214737887963833 0.25988315256619676 -1.927408555007052 1
2.8331470707150106 1.9506807223400304 2.582747580288511 -2.3029255489305527 0.5750683473238833 -2.3029255489305527 -0.5507898080093625 2.582747580288511 -0.5507898080093625 -0.82989303948298 2
2.3134362468179237 0.1175295915511827 -0.7487868225373404 1.0835266296023696 0.9803650869397558 1.0835266296023696 -0.749449866910896 -0.7487868225373404 -0.749449866910896 0.8133294846756902 3
-1.8370180489099464 0.4143317679717241 3.071205152759833 -0.692327141581595 0.5512442907710202 -0.692327141581595 2.2879228147541504 3.071205152759833 2.2879228147541504 -0.34683576784695214 1
-0.10117493587265769 -1.3427951743733249 1.1609651228857198 0.0611489674559218 -0.1756965236262843 0.0611489674559218 0.19392925862567578 1.1609651228857198 0.19392925862567578 -0.9783752048001132 0
1.1837341332134077 1.2133890939058003 -0.26514165751721575 -4.152552021827505 -0.6390929418741924 -4.152552021827505 -0.22350652380210545 -0.26514165751721575 -0.22350652380210545 1.1135292490008042 0
-0.03092506903794623 -0.23639472086423097 -0.03706381591437369 0.7650017222794228 -1.7777220387692387 0.7650017222794228 2.6347086242330535 -0.03706381591437369 2.6347086242330535 -2.7474348144111755 1
-0.7716014245766203 2.2022533126677803 0.6142663163225865 -1.1270958986619948 3.146107239211529 -1.1270958986619948 1.9517598506786498 0.6142663163225865 1.9517598506786498 -1.014294748365451 0
-1.442198847554995 -2.048018337841698 -2.2336269134030644 -3.18768763237256 -0.9345926676512875 -3.18768763237256 1.6043384259967417 -2.2336269134030644 1.6043384259967417 0.7596397420164138 0
-1.7628584993658365 2.2612177660564763 -1.7608408210539483 0.8396143062323485 -1.4753670919789008 0.8396143062323485 -2.0915264498309916 -1.7608408210539483 -2.0915264498309916 0.36378120726020335 1
0.87117988110749 2.9110653170456784 -2.239405354249567 2.171521151477017 -0.17093906992092733 2.171521151477017 -0.11791127925894307 -2.239405354249567 -0.11791127925894307 1.0312643454408497 2
-2.065880385751482 1.3436688590854928 2.6207238489427995 0.4756074967590743 0.02739188429653705 0.4756074967590743 0.7368835742528186 2.6207238489427995 0.7368835742528186 -0.23621338459025054 1
-1.7345524738303726 -5.46853613370338 -0.09121686515004834 0.4091352384182717 1.1568275665438954 0.4091352384182717 1.0207771537986823 -0.09121686515004834 1.0207771537986823 2.1626869259025545 3
1.2259068491628922 0.3099993788449973 -2.222606211175818 1.849493973251055 -0.7789426088365097 1.849493973251055 1.3687472828009077 -2.222606211175818 1.3687472828009077 0.40496136764097634 3
-0.8569430167677317 1.931286901009504 2.240424442628768 2.0139858454675936 -0.796646297293808 2.0139858454675936 0.8315822058983866 2.240424442628768 0.8315822058983866 -0.05917142873063186 1
3.475582141418058 0.5349126896085357 -2.2283174790738776 0.49595920759931844 -1.1470917984826827 0.49595920759931844 -1.8184414004820413 -2.2283174790738776 -1.8184414004820413 0.1895729447836999 2
0.37915593551434834 0.5430798777642193 -1.1521939745887986 -1.189704799094459 0.8814207707201518 -1.189704799094459 -0.9251943569482225 -1.1521939745887986 -0.9251943569482225 -1.1379363707207044 1
-1.1291387307010252 -1.121696869960322 -0.9867282531032113 0.02543340518375592 1.6492838094064926 0.02543340518375592 -1.3822795081275014 -0.9867282531032113 -1.3822795081275014 -4.6902742721938075 0
-1.9374939356412288 1.1461873804099003 3.1631349928088976 0.5821440366678303 -0.04418349019788759 0.5821440366678303 1.0110929940010733 3.1631349928088976 1.0110929940010733 0.10157403851522973 1
4.02204360944094 -2.3620776202995786 4.579162287270342 -0.45409456379425495 2.4451732407828604 -0.45409456379425495 -2.2669566416217544 4.579162287270342 -2.2669566416217544 1.1749027108047598 2
0.003287534296508632 -1.9715400561693228 -0.7431829510633883 0.4239899837771255 0.7831244183446495 0.4239899837771255 2.5640700015814373 -0.7431829510633883 2.5640700015814373 -1.1165242627404983 3
-3.285683230568446 -0.2457723247381387 -0.5920109005458913 -0.9555746605409501 -2.7622248916721306 -0.9555746605409501 0.14552501862612544 -0.5920109005458913 0.14552501862612544 -2.7623855930657584 1
-2.8543365338748536 0.8509024881787901 -2.5563770540811337 2.0083514422092064 -0.6982391456231931 2.0083514422092064 -1.68076556674706 -2.5563770540811337 -1.68076556674706 -1.1580354954240093 1
0.34075723618685017 0.7082489709203224 1.7754835782596863 -0.1432936552672236 3.8731918871046935 -0.1432936552672236 -4.712604365925462 1.7754835782596863 -4.712604365925462 -0.43861798929573026 2
1.5753536609514445 -1.9757347289715752 -0.6765074770538385 0.3042095632667403 0.7508257490543385 0.3042095632667403 -2.3099162590853886 -0.6765074770538385 -2.3099162590853886 1.6005909872035913 3
-0.017472725273099954 -3.3520452055799166 0.8001697751034111 -1.1124456178093238 1.8805663217814157 -1.1124456178093238 0.37481095666290165 0.8001697751034111 0.37481095666290165 2.2876093087969247 3
1.0401092647409356 -2.660816122377769 -0.46194135380144175 -0.43318093616060227 1.6711206607820586 -0.43318093616060227 0.16666213096824334 -0.46194135380144175 0.16666213096824334 1.392730459976968 3
-0.09562885737904459 1.5659592012053918 -1.245717391250883 -1.1082247350675736 0.904597073061831 -1.1082247350675736 2.7717175375185117 -1.245717391250883 2.7717175375185117 -1.044133592308526 0
-0.7154189750819182 -3.817965268730352 -1.011191016437805 0.29357654333189764 1.6879533387819614 0.29357654333189764 2.7683745809569174 -1.011191016437805 2.7683745809569174 -1.7694052539485994 3
-1.4960419305706523 2.098786918941723 1.6682180795918642 -1.3251146600021924 -0.28812171126698227 -1.3251146600021924 -0.9065504333656415 1.6682180795918642 -0.9065504333656415 1.2887611555260623 1
-3.5566977028590285 -1.2137222876842984 -0.198303985037388 -2.3565358769742337 -1.7216858040050762 -2.3565358769742337 2.8529458350545163 -0.198303985037388 2.8529458350545163 1.8654116990325642 0
2.286373224043546 -2.2207752277922665 -0.2758249626692426 -0.7812809979298132 3.8781656248535663 -0.7812809979298132 -1.1893859850917745 -0.2758249626692426 -1.1893859850917745 2.4727356980746755 3
1.0924572394152854 0.424641286521648 -3.1957805084916617 -1.0362353191896867 2.334094076511458 -1.0362353191896867 -0.8239131730209114 -3.1957805084916617 -0.8239131730209114 -2.62356922872255 1
-5.240356030941968 2.5682050046112876 2.172738195799094 0.7143124847450715 -1.8369955217008593 0.7143124847450715 -2.771572368760057 2.172738195799094 -2.771572368760057 -0.5421126706241814 1
0.192988983066271 -1.3162118135240322 0.5250663192309895 0.39028739028173554 1.924194614772445 0.39028739028173554 0.7040290229812984 0.5250663192309895 0.7040290229812984 2.6798999747059256 3
2.686482610363855 -0.2831566274923678 -0.5396454340511931 1.1371265870810912 -0.048990743911525025 1.1371265870810912 2.631014306235924 -0.5396454340511931 2.631014306235924 -2.01989050579259 1
2.1971839562092805 0.39529858079665614 1.8253963942082851 -2.195161219397927 -0.17213895973159044 -2.195161219397927 -1.6709142774617396 1.8253963942082851 -1.6709142774617396 -1.8283581187880027 2
1.8701226672581046 -0.746616038254905 0.8430020862401306 1.9690330103847433 1.1058220269303303 1.9690330103847433 -1.9075337298849049 0.8430020862401306 -1.9075337298849049 -0.02762795466702106 3
-1.1858832985414636 5.085643607960431 -0.1555190565423623 -4.965488071597277 -2.1795414380377025 -4.965488071597277 -6.633090725383633 -0.1555190565423623 -6.633090725383633 -3.8781659734375293 2
-1.428570045406861 0.46527943658778603 -0.14927681619251243 -0.8363014606872856 -0.7764705062094752 -0.8363014606872856 1.2624200003129054 -0.14927681619251243 1.2624200003129054 -2.761780288823076 2
-0.6828298554653074 -0.7751179675637608 0.045048619696887116 0.3830757980540711 1.7539985090854235 0.3830757980540711 2.5255421780559653 0.045048619696887116 2.5255421780559653 0.6360134480448929 3
2.523573296895293 -0.8470614673886809 -0.9876115123945689 0.18061773877304454 1.1651136405567615 0.18061773877304454 0.5697537552573462 -0.9876115123945689 0.5697537552573462 -0.0865692172895205 3
-0.4697270776299438 0.7901231203947021 -2.3367862740564096 0.9879380583259727 0.40628734547331524 0.9879380583259727 -0.3629427179650371 -2.3367862740564096 -0.3629427179650371 -0.015972948395144737 1
2.5578084613852035 4.828650429891341 0.5718739431628654 -2.7215992998040903 1.9232565272790103 -2.7215992998040903 -2.1040948810193942 0.5718739431628654 -2.1040948810193942 -0.07167083132244823 2
0.39789445989246164 0.9862284665521381 -0.5663664888023308 -3.2555734300736416 3.4570459107244393 -3.2555734300736416 1.0338821900354742 -0.5663664888023308 1.0338821900354742 1.4546964071108412 1
1.2467486291240104 0.665978381794611 -0.5537666120322599 2.8548375937618475 -3.322876968867923 2.8548375937618475 2.51025381846009 -0.5537666120322599 2.51025381846009 3.322729069362981 2
-1.3206849634418218 1.4351532911556553 1.4891149955143779 -0.005072032318288677 1.1226655282289015 -0.005072032318288677 0.29195522983000954 1.4891149955143779 0.29195522983000954 -2.250272001315648 0
-0.743107244075903 2.19826321674966 0.36487045639791216 -1.9537751941392405 4.284231184110631 -1.9537751941392405 1.3462500541711835 0.36487045639791216 1.3462500541711835 -0.7729800536560405 0
-1.1191618330472273 -1.6269866658616101 -3.819570109177772 4.721761673773006 1.8238553116715581 4.721761673773006 4.385289193939666 -3.819570109177772 4.385289193939666 4.219979005142482 3
1.504716461632619 0.08896757696581226 -1.2214202783003367 1.5965577146776604 -1.799941702654663 1.5965577146776604 1.806043616183362 -1.2214202783003367 1.806043616183362 -2.5314858847671546 1
-1.024349791150884 1.3265947307399442 0.126250565196234 -1.7168075270195164 1.27184772132959 -1.7168075270195164 -1.0445789309170015 0.126250565196234 -1.0445789309170015 -2.37897619225652 1
-0.584808593619554 0.057347346192741844 -0.20309740253401243 0.35550625366952704 -2.24576561504933 0.35550625366952704 0.24147830902197986 -0.20309740253401243 0.24147830902197986 0.15003042309357828 0
-0.16639758053692988 0.9621791690547881 0.5070842374125877 1.2613837709731195 -0.9580543488126423 1.2613837709731195 1.523588509141738 0.5070842374125877 1.523588509141738 -0.40180853734765076 1
-0.29076871867132814 -2.320543627685237 -2.286737854259374 1.4920263088850856 0.5602220641844984 1.4920263088850856 -0.7005806126779605 -2.286737854259374 -0.7005806126779605 2.4344562605317415 3
-0.5123913381052798 2.096870206046012 -0.7474263186331391 0.08205290335180782 1.7615644105301078 0.08205290335180782 -1.4505384628759828 -0.7474263186331391 -1.4505384628759828 -1.627707975159847 2
0.6602316208976571 1.7197218959879668 1.9098205217894675 1.5385751300590178 0.7594837102857392 1.5385751300590178 1.916047664243743 1.9098205217894675 1.916047664243743 -0.011850485850343762 1
0.7750580132068936 0.3432541518256027 -0.39536848650591483 1.8552222320686576 1.568432915798807 1.8552222320686576 1.0939570403222594 -0.39536848650591483 1.0939570403222594 0.9232386073471013 3
2.2933089067656587 -1.5951902103788274 0.378294297550406 -1.8924135744351087 -0.9324392127268298 -1.8924135744351087 -1.3482395939235077 0.378294297550406 -1.3482395939235077 -0.36650008094416653 2
-0.20995774069002404 1.5300317091062516 -0.6189049585974424 2.4422623161538617 -2.337668840183206 2.4422623161538617 1.0743399995063625 -0.6189049585974424 1.0743399995063625 -1.3482438722818224 1
5.039056730633773 1.2254690518116202 3.545733358414898 -2.7338518321999317 0.31352927380345985 -2.7338518321999317 -2.190151381472783 3.545733358414898 -2.190151381472783 -0.15211921128767136 2
-1.6982865985296018 -0.6809501165394458 0.9517113026321076 -1.0966728634639855 0.19703995185870093 -1.0966728634639855 1.4829311287702347 0.9517113026321076 1.4829311287702347 -1.8591400247404062 0
-0.9318429682674056 0.7734464615752006 1.0423041406182532 -1.9401745797471657 -2.8673653251625115 -1.9401745797471657 -3.216490500519872 1.0423041406182532 -3.216490500519872 -2.1676589278394705 2
-2.1384920756688164 2.109312109644268 1.9885555772938823 -1.9363200759536112 0.3135866129067537 -1.9363200759536112 -0.4095010497711431 1.9885555772938823 -0.4095010497711431 0.2942486953401502 1
-0.15923120710116034 -0.5515924768947369 -2.1054911049336607 -4.093020412678502 2.2104696011612686 -4.093020412678502 1.4742367861829164 -2.1054911049336607 1.4742367861829164 0.06776923576263028 0
2.5276718074018327 0.9064936417360172 -0.5937885817603177 -0.49087374716394194 2.4464399788239044 -0.49087374716394194 1.0002521634985349 -0.5937885817603177 1.0002521634985349 -0.04989271301296183 3
-0.6931230073225102 -1.7782615781696895 -0.6254714038049559 -3.6821280576700453 4.942318993722743 -3.6821280576700453 -1.6534635620181883 -0.6254714038049559 -1.6534635620181883 1.6617124746907894 1
3.5714857304183907 3.2563911936146503 -1.7677974173582818 1.3070234420028255 -0.08017670283371414 1.3070234420028255 -0.4726471341581101 -1.7677974173582818 -0.4726471341581101 0.05578947999518913 2
-0.44697757607619626 0.421702203793478 -1.5277733267018885 3.2270248784466498 -2.9963551470331087 3.2270248784466498 -0.5788442776483019 -1.5277733267018885 -0.5788442776483019 3.5158925877558387 0
3.264921505784429 -0.5865054053427865 -1.7366250148661737 0.6270554530949848 0.2396354590159302 0.6270554530949848 -2.257430295570784 -1.7366250148661737 -2.257430295570784 0.6972407384564314 2
-0.7460154708145925 -2.8829476897017443 -0.6649297883057708 0.5788424112573605 2.453107651095511 0.5788424112573605 1.8069497670307115 -0.6649297883057708 1.8069497670307115 0.5293796309734035 3
-1.1547140075029123 2.5806234127447 -1.1297491437499958 -0.8083731650452376 -0.13946810856575098 -0.8083731650452376 -0.9066112342627767 -1.1297491437499958 -0.9066112342627767 -2.796378573165205 2
4.11105614862509 1.2472760351111378 0.6194142031794578 1.5816548809243052 -0.26270258951071457 1.5816548809243052 -1.8746753836976442 0.6194142031794578 -1.8746753836976442 1.1810719604157975 2
0.8067885584024694 1.6946337235199 -0.620725961236287 -1.6545201691684128 0.6826260653326492 -1.6545201691684128 -0.20120123132220225 -0.620725961236287 -0.20120123132220225 -0.9629364251173622 1
2.106872592595937 0.12686094229688405 0.5510486146853131 2.340961863254674 2.203664582534654 2.340961863254674 0.6197027683374217 0.5510486146853131 0.6197027683374217 0.10851082104663157 3
-3.605016810762353 -2.711451759477909 1.051851062902278 -2.778604210219407 0.17471458246800387 -2.778604210219407 2.2305478422042464 1.051851062902278 2.2305478422042464 -1.6634651080095346 0
-0.8931984180425607 -1.5888926680735116 1.1576786794853795 -2.326290505173117 -1.4384653678422485 -2.326290505173117 0.28502100907293393 1.1576786794853795 0.28502100907293393 -2.577793498087803 2
-0.542232466963672 0.34688907618655973 -1.9776347060794564 2.218436025070435 0.7080613098094639 2.218436025070435 1.2523839291431198 -1.9776347060794564 1.2523839291431198 -0.9320862231957388 3
1.5180765095893656 -0.4713656637035176 -0.39283067292399254 2.939950414177905 1.6487328609322343 2.939950414177905 -0.08835083705872104 -0.39283067292399254 -0.08835083705872104 2.217952467229166 3
-1.9290063912617872 2.289468457632305 0.8730289138999554 2.4905709013096002 -2.3259812453681707 2.4905709013096002 2.2563662649255267 0.8730289138999554 2.2563662649255267 -0.7376460279588108 1
2.857803802037348 2.7082640747956486 0.7745366291022416 -2.4554604979050247 -0.9441358900228523 -2.4554604979050247 -0.8260276145298708 0.7745366291022416 -0.8260276145298708 -0.45504969908570214 2
-2.753178220690863 -1.8325523708685831 -0.411083127977795 -1.7959278088758461 0.6836986513782368 -1.7959278088758461 1.7449299302377141 -0.411083127977795 1.7449299302377141 -0.6672472982142761 0
-1.540675818108081 1.533296174703175 3.167325412486947 0.9839824743833155 0.009944890205511259 0.9839824743833155 0.7771202841360112 3.167325412486947 0.7771202841360112 0.14057212114563677 1
-0.5113141540134336 2.5016493036174827 -4.024067007310762 1.411008999554429 1.6724615041585937 1.411008999554429 -1.2753215538012346 -4.024067007310762 -1.2753215538012346 1.569274209430295 2
-0.3994313580568325 -2.282708737270512 1.32017572097308 2.401224310316135 4.3797811852290724 2.401224310316135 2.41623114242512 1.32017572097308 2.41623114242512 0.4397338284086081 2
1.6516094013629408 -0.07698069162253329 1.0986087894302035 -0.18923753944228316 -1.8220820769710517 -0.18923753944228316 -0.6024459113803622 1.0986087894302035 -0.6024459113803622 0.30343543174940857 2
0.12369029550215538 -2.035820822754287 -1.148546464066546 2.109353095599269 -0.10686251155680604 2.109353095599269 0.7918941900676058 -1.148546464066546 0.7918941900676058 2.1993947612833717 3
-0.9877162567845972 -1.0160817889952156 -1.5206773057632943 3.016413833833804 0.19925302187979765 3.016413833833804 2.554242102456583 -1.5206773057632943 2.554242102456583 0.9153403445691042 3
-1.106174644259601 5.807664631504902 -3.445664757963805 1.6144277795387887 1.979259710554755 1.6144277795387887 0.628198855612387 -3.445664757963805 0.628198855612387 0.16048025567372026 2
-1.716472654799361 -0.5755463960397205 -0.9597389873720963 -1.5101557621890027 2.5891325446712816 -1.5101557621890027 -1.2443424233534954 -0.9597389873720963 -1.2443424233534954 -3.2831985880161803 1
0.594619566389003 -0.0259620123328288 -3.0292436485334395 -3.1014932228344887 2.9956170270211224 -3.1014932228344887 -0.7535618927946818 -3.0292436485334395 -0.7535618927946818 -3.231208231726012 1
3.4752020972133675 -0.050982408004831115 0.08619557014152068 -1.2313718524187869 0.5177991623960512 -1.2313718524187869 -0.40474956411734153 0.08619557014152068 -0.40474956411734153 -0.054085249133693836 2
0.6851812738199694 -2.183897101557735 1.8447501913296596 2.867964309029546 4.318932291303071 2.867964309029546 -0.5357196704273672 1.8447501913296596 -0.5357196704273672 1.072167592972062 2
1.3141364073705035 -0.015342558731085143 -0.7174549606947067 1.6916464865917271 0.30491440708266127 1.6916464865917271 0.3849209230160098 -0.7174549606947067 0.3849209230160098 2.630257274725432 3
0.5234407463080996 -1.6506179194894317 -1.647860860670349 0.1700016457352319 1.9006714175891812 0.1700016457352319 -1.41227122637041 -1.647860860670349 -1.41227122637041 3.4108768740614805 3
-1.7876252929150045 0.48209361029758546 -1.3016159670889542 -1.3141240612652882 2.8166058536033134 -1.3141240612652882 -1.8835530921372658 -1.3016159670889542 -1.8835530921372658 -0.7380832645974604 1
1.7272909211515093 4.257293414328858 0.29741243921839344 -0.5386269144557985 3.232276788807607 -0.5386269144557985 1.2421585791653302 0.29741243921839344 1.2421585791653302 -3.2473512130316897 0
4.00692710687411 -1.2232259445454057 -1.6340536801723158 1.7052900122596117 -1.0669573791824416 1.7052900122596117 1.4964240784082645 -1.6340536801723158 1.4964240784082645 3.076640273341217 2
1.7692949766011785 0.801892121084978 -0.8925547106606189 1.8600421130835916 -1.7451544646973494 1.8600421130835916 -1.1649591873856266 -0.8925547106606189 -1.1649591873856266 1.4394682409493469 2
-0.8857830313282069 -0.6099537063582834 -0.08129342093261993 0.5698893718595692 1.939597656961683 0.5698893718595692 3.1406194409428316 -0.08129342093261993 3.1406194409428316 -0.1778432159122716 3
1.9624394075359373 -2.9296565097283964 -1.4405345629282857 0.038464525361545765 2.9156329677547568 0.038464525361545765 -0.7598870791392935 -1.4405345629282857 -0.7598870791392935 1.3797926822178528 3
0.7905708679484266 -1.0721337947655583 0.70862165541141 -1.2413793208425523 -1.6517660650439066 -1.2413793208425523 -1.815375673930447 0.70862165541141 -1.815375673930447 0.32209774485031795 2
2.005386628996649 4.090698299316032 -2.978882646546052 2.316159024065671 -0.6935044251148816 2.316159024065671 2.4764971934630875 -2.978882646546052 2.4764971934630875 -0.8673417301000546 3
-1.3698836041248148 1.1819004125100463 -0.9966138566732269 -0.7425147662624456 1.055970184358315 -0.7425147662624456 -1.363048078649062 -0.9966138566732269 -1.363048078649062 -0.32962739317448964 1
-0.7606679680288723 1.5365768360928302 1.8832647388925308 1.261966890353203 -0.23153086688163615 1.261966890353203 0.7745903560883437 1.8832647388925308 0.7745903560883437 -0.7553117713558958 1
2.017099850407027 2.4666181275483927 -4.3196583071993455 -3.143984090663127 0.5742830106358991 -3.143984090663127 -0.567494720685952 -4.3196583071993455 -0.567494720685952 0.3418187914022037 0
-0.3343520273189797 1.769997830973638 -2.9158976929655873 -1.5414628935751287 1.077916223767887 -1.5414628935751287 -0.012564755001571504 -2.9158976929655873 -0.012564755001571504 -0.2117300173146328 0
0.7920925261355517 3.8846795242885817 -0.022669685907767745 -2.6901551491219475 -0.07964486223414435 -2.6901551491219475 -1.9865557425233251 -0.022669685907767745 -1.9865557425233251 -1.503701307844398 2
0.8367664473872886 -0.11718924086204174 0.2682546553228269 -0.8853793543774926 0.5267487790784771 -0.8853793543774926 -2.7093120009740863 0.2682546553228269 -2.7093120009740863 -2.098372477459103 3
4.497620696818074 0.4356228722505804 -1.68863355242137 2.1492799267540015 -1.1601511405038307 2.1492799267540015 -1.4550665311310613 -1.68863355242137 -1.4550665311310613 2.3191499266030586 3
0.7745840304712934 2.076497790231292 -0.5012557230549384 -1.2711412367362416 -0.628048244848352 -1.2711412367362416 1.4720817134741657 -0.5012557230549384 1.4720817134741657 -1.39570682870196 1
-0.7636859008040777 2.227229224308237 -3.5704301026777343 1.1991246841601437 0.4067709002744522 1.1991246841601437 -1.5439790951254793 -3.5704301026777343 -1.5439790951254793 0.5787852288436148 2
1.0579250838387235 0.22067429577861808 -0.6357509123615173 1.2009710492812888 -1.901502614647948 1.2009710492812888 -1.7376071901430605 -0.6357509123615173 -1.7376071901430605 -1.6191123534023353 0
0.0020913547424050716 5.209817502062375 -3.069279563751698 2.7427861996925733 -3.418847307565447 2.7427861996925733 0.21320058384718932 -3.069279563751698 0.21320058384718932 -0.04138590977485812 2
-0.7523216503124894 -0.28125456829797457 -1.8770555798938222 -3.81131119350963 -1.0462005079260908 -3.81131119350963 -1.4871187488033102 -1.8770555798938222 -1.4871187488033102 1.9446887415325103 0
-0.003445401190118047 3.9843069504460624 -1.572518664570158 0.5933517393103713 1.3565736213213708 0.5933517393103713 0.430399191105333 -1.572518664570158 0.430399191105333 -1.6647855666290796 0
-0.21562183889706266 1.539287956796006 -4.883423399618797 0.11368443779257009 -0.05232233237176098 0.11368443779257009 -3.6386922164030038 -4.883423399618797 -3.6386922164030038 -2.6452497065788467 1
0.6080256607575083 -0.925588026935364 0.03817136066886495 0.08931561142512179 1.4943832427691561 0.08931561142512179 1.2332633529851154 0.03817136066886495 1.2332633529851154 1.3071573659609124 3
-0.685256943680495 -1.6561318992396497 0.6189232223337384 1.5112474431302205 2.007068690495541 1.5112474431302205 -2.044052239834823 0.6189232223337384 -2.044052239834823 -0.5986218153189293 2
2.692610529529932 -0.12540168137848773 2.1507044962979998 1.8393348641312177 3.235190824486199 1.8393348641312177 -4.378521716337674 2.1507044962979998 -4.378521716337674 -0.023612185843250533 2
0.8165687497354646 -0.4202346948807665 3.0114471101899865 -2.6673162480465074 -1.5207372299550417 -2.6673162480465074 2.9501583971307324 3.0114471101899865 2.9501583971307324 1.359338260491981 0
1.9031090383898235 3.1470362650407426 0.11240717763871788 -1.3932194639745776 -0.966721390867928 -1.3932194639745776 2.4822461899632913 0.11240717763871788 2.4822461899632913 1.2195234621907578 1
-1.8781309913824336 0.004188315261001496 0.8236721656536677 -0.2153536675682468 -1.3284732785490845 -0.2153536675682468 0.7853695183366272 0.8236721656536677 0.7853695183366272 -1.4458042385741732 1
1.252188738723241 -1.3027925121722799 -1.97066803573923 3.794277506911481 -1.2150708848618805 3.794277506911481 0.21213464282951988 -1.97066803573923 0.21213464282951988 2.5626797369057317 3
-0.31683885315971505 -1.2256806766008532 1.7379543217253222 -1.5045677251533616 -0.3292169473134986 -1.5045677251533616 1.057830005336514 1.7379543217253222 1.057830005336514 -1.832828272615906 0
1.2396347356015252 2.282761720980404 0.5367026436122702 -0.4446785513247864 -0.8698175977948879 -0.4446785513247864 -0.21341602592802766 0.5367026436122702 -0.21341602592802766 -0.7578726931387931 2
1.4198171272596591 5.911778979194086 -1.147081224649893 -3.090381146302837 0.218337511943263 -3.090381146302837 -2.640554802638163 -1.147081224649893 -2.640554802638163 -1.372164293849091 2
1.3765218701692847 -0.2757179821062583 -1.1543618525940957 0.15282750799507427 0.27049133664187786 0.15282750799507427 -1.9444366787841392 -1.1543618525940957 -1.9444366787841392 -0.7241408431314624 3
0.6448557781328241 -0.8352616271732438 -0.9568526700436699 0.7276007969853107 -1.717255509406587 0.7276007969853107 2.8750086270824946 -0.9568526700436699 2.8750086270824946 -2.1945394312126605 1
1.1379910941846454 0.7526244637208719 1.4864855317343713 -3.3843358268132837 2.299610354375636 -3.3843358268132837 3.3168772056454268 1.4864855317343713 3.3168772056454268 0.2691676074553637 1
-0.2817399695664897 1.5300316090631285 0.13581816034728633 -0.411148451409979 1.0250659117546108 -0.411148451409979 -3.966170290316627 0.13581816034728633 -3.966170290316627 -1.66935125740715 2
-2.6911974889896655 0.7697893750374953 3.039401571935786 -0.21292306064326882 -0.08891977739494905 -0.21292306064326882 0.583406576872601 3.039401571935786 0.583406576872601 -0.08692763113058821 1
2.1801452200576965 0.0059654134852307195 1.3024172914925067 1.3829670971209165 -0.04868633399819777 1.3829670971209165 -3.031392102683117 1.3024172914925067 -3.031392102683117 -0.3542097015021519 3
1.9367030550014923 4.375741474612723 -1.723883402951364 0.5005759951660895 0.5551343816693297 0.5005759951660895 1.6254745099298304 -1.723883402951364 1.6254745099298304 -2.6096800659823485 0
-1.3570089848453168 -2.3710035858545537 -1.085152440717597 -1.0191406559928624 1.4873399280275517 -1.0191406559928624 -2.094446309144645 -1.085152440717597 -2.094446309144645 0.7304875702936549 3
0.3263475632324194 -1.1617163827437442 -0.813659238209342 3.26027511904294 0.9970402607763391 3.26027511904294 1.4249753542411852 -0.813659238209342 1.4249753542411852 0.0038334183848146575 3
-1.1001253748400366 0.69425042275601 0.4634013636836556 0.28957622762255486 0.20114376773564413 0.28957622762255486 -0.19126251082564116 0.4634013636836556 -0.19126251082564116 -0.16714184308743074 1
2.768646440251699 -2.197846298382794 -1.8166752837932654 1.5322016472891362 2.147826187123366 1.5322016472891362 -1.1018205010907764 -1.8166752837932654 -1.1018205010907764 1.7349861895930023 3
2.0315884708505387 0.10013316292265817 -0.7117340601487804 1.8396137247448707 -0.07789772363259473 1.8396137247448707 -0.4313250947550825 -0.7117340601487804 -0.4313250947550825 2.5307926216253422 2
0.10957402157763663 -2.0175261320209215 3.5452022809329486 -1.152390231394847 0.3338079230053552 -1.152390231394847 1.6206622072081993 3.5452022809329486 1.6206622072081993 -1.5019359270510386 0
3.124713636113211 -0.37353029402591 -0.6109129112963758 1.9938827254977287 -2.4883347748320324 1.9938827254977287 -0.14008498089071564 -0.6109129112963758 -0.14008498089071564 2.5204008084965484 2
1.9893895359271465 1.9959905433865814 3.053701337594404 0.8555402947279642 -3.71012331401323 0.8555402947279642 0.37257358495002757 3.053701337594404 0.37257358495002757 -0.2175812174343532 2
1.7087479205243086 -0.158192489141608 -1.801861372546672 -1.7242259824716248 2.108407644693619 -1.7242259824716248 0.4245228897198192 -1.801861372546672 0.4245228897198192 -0.2711730924042359 1
4.1185396114680435 1.586598891345898 -2.5271928869733484 2.2433938279319054 -0.38172563556602834 2.2433938279319054 -1.254977551724108 -2.5271928869733484 -1.254977551724108 2.4036941093085264 3
-3.4866655346153737 -0.759197914634659 0.530800239444492 0.3593939515221549 -0.1835462932000027 0.3593939515221549 0.40091582556166183 0.530800239444492 0.40091582556166183 -1.2618792195882418 0
1.8918050560559787 0.6777524294458543 1.9444078048825935 -2.3204655162857404 -0.8347562579496186 -2.3204655162857404 -1.3513300977046998 1.9444078048825935 -1.3513300977046998 -1.4384995161871026 2
-0.17385591958309576 -1.4231544177067783 0.4603774053822792 0.7022071210408278 2.208511568806524 0.7022071210408278 3.4778826752171375 0.4603774053822792 3.4778826752171375 -0.22076488124227844 2
-1.5951753188555893 0.6576334296889896 -1.6331741595082732 -0.06642868269442337 0.9526928637350494 -0.06642868269442337 2.5696666343103196 -1.6331741595082732 2.5696666343103196 -1.411676707443206 0
-1.5173917045794236 -1.7157584384129485 2.2872499088819396 -1.414964640515777 -0.8690765360678687 -1.414964640515777 2.589737660810627 2.2872499088819396 2.589737660810627 0.989447362133987 0
0.8611213902947527 -0.19827100073250037 -0.965122296206344 1.8147950047791181 0.025467117969395048 1.8147950047791181 2.5036557908269566 -0.965122296206344 2.5036557908269566 -0.7810475144555444 3
2.4214044577157856 0.05749879416291226 -1.6427445440939161 2.259789335772709 -0.08708147407758571 2.259789335772709 -2.8986402440816237 -1.6427445440939161 -2.8986402440816237 1.9554007670823539 2
0.1703032889448166 -3.1627775495557504 -0.8371771281598548 -0.6551612338380453 2.1467402927188433 -0.6551612338380453 1.506054002267616 -0.8371771281598548 1.506054002267616 -0.5211060560386174 3
4.460925451632417 5.404344822813508 -1.1664712870175213 -2.601692349573032 -1.186615160430954 -2.601692349573032 2.473418709734962 -1.1664712870175213 2.473418709734962 -0.1987239451562237 2
3.163361237259138 -0.412082341350259 1.0581196210840607 0.009532448550490624 -0.04381089837660923 0.009532448550490624 -3.244582702094616 1.0581196210840607 -3.244582702094616 0.9431590402696027 3
0.4032802658029161 -2.745236149659866 -3.4037385055458595 0.6398601390057528 0.5472787432269156 0.6398601390057528 -1.897424468726204 -3.4037385055458595 -1.897424468726204 3.6092061913421976 3
-1.8502853757113722 -0.9243398824477305 0.4384513927823216 -0.8354446899886923 -0.7480555776682416 -0.8354446899886923 1.1621097284988808 0.4384513927823216 1.1621097284988808 -0.8659203933452512 0
-0.4220448796761497 1.1057083217156178 0.5742788470504836 -2.7843473572156636 2.897487578061111 -2.7843473572156636 1.0184753593373712 0.5742788470504836 1.0184753593373712 -0.8254448755963542 0
-2.248534713119521 -0.8778724201228774 -2.345914877739803 -1.0141257222603277 3.7318719937603113 -1.0141257222603277 1.5530412017836062 -2.345914877739803 1.5530412017836062 -2.1052580239266137 0
1.933275509218066 1.1564186949148978 -1.3834619841233755 1.0003866121802865 -0.4517784838770377 1.0003866121802865 -3.2463136751294766 -1.3834619841233755 -3.2463136751294766 -0.016462842814738643 2
0.22303698842023634 1.5568453012486043 -1.5956781385044003 1.087404974085429 -5.95736728127341 1.087404974085429 -0.3655041139915982 -1.5956781385044003 -0.3655041139915982 3.2280673860140903 0
-3.497082146093882 -0.5586376088917717 -1.4868098831278287 -1.1089024253592283 -0.27166623044451943 -1.1089024253592283 1.0425361494340706 -1.4868098831278287 1.0425361494340706 -1.4024974157337762 0
0.6543847599598438 0.9040175741585057 -1.1772649945641183 -0.924072433029274 1.180462751457469 -0.924072433029274 -2.1717379714017886 -1.1772649945641183 -2.1717379714017886 -0.8392263466199734 2
-2.708470913040261 0.6305645351546099 2.6799983590840117 0.011095390111162562 -0.9117207623792652 0.011095390111162562 1.4894237003313684 2.6799983590840117 1.4894237003313684 -0.5557324651526717 1
-0.15376011145398527 0.3403177385670312 -5.305346873197519 3.304248652980052 -0.07490310363484709 3.304248652980052 -0.9909964915406301 -5.305346873197519 -0.9909964915406301 2.8599556029596904 2
-2.2214111043293823 0.7644852377229696 0.20781210076391043 -0.38896836741884566 0.2549643175566694 -0.38896836741884566 -1.678197144830604 0.20781210076391043 -1.678197144830604 -0.7799774070724135 1
-0.4692604745873964 -0.9295208650525414 1.1578512899811408 -0.08151489890530583 0.2184389750701552 -0.08151489890530583 0.7114493199501333 1.1578512899811408 0.7114493199501333 -1.1160641926028272 0
2.930481008485838 0.24984228466160574 -0.9292888616304199 1.4368721698739497 -1.1176871937646586 1.4368721698739497 0.1758587610268827 -0.9292888616304199 0.1758587610268827 1.8290561217226493 2
-0.6339440955665097 0.7541837644531829 -4.130420489907385 1.6228731374226177 -0.4331848752974632 1.6228731374226177 0.0897370744592294 -4.130420489907385 0.0897370744592294 2.237645857464642 2
1.0091196675885823 0.4730030401507419 -0.3548617049163896 -0.09327356320199276 4.263845055133048 -0.09327356320199276 1.210380286847985 -0.3548617049163896 1.210380286847985 1.2029765007499027 3
-1.0858304208516936 -4.4545984104349206 -0.6180618073026898 0.7709936404244678 1.3011123200319945 0.7709936404244678 1.6904326325341916 -0.6180618073026898 1.6904326325341916 0.4703621856431932 3
0.17733926237103925 -0.1691093118724163 -1.745784316585582 -1.026902112269772 0.2620130150780624 -1.026902112269772 -1.606380292035433 -1.745784316585582 -1.606380292035433 0.23319389088076004 2
0.7950691739892778 2.82186986759666 -1.1280986110720947 1.2831987276980588 0.6380910464337339 1.2831987276980588 -1.2935146040109506 -1.1280986110720947 -1.2935146040109506 -1.4918937811909745 2
0.6340916709001729 -3.5947839610402665 -2.2308907867622167 -2.5495041626342516 5.733240825961583 -2.5495041626342516 -0.41924572387107273 -2.2308907867622167 -0.41924572387107273 -0.33090504696579726 1
1.630737600590137 2.1881575117804823 2.0126502895773632 0.9814820146848721 -2.654578353611555 0.9814820146848721 -0.46427982702032844 2.0126502895773632 -0.46427982702032844 0.13436148483736865 2
-1.5054783195711714 2.134227972968336 0.7875893570575383 1.4974846852754058 -0.9228989417194131 1.4974846852754058 0.5566895523316389 0.7875893570575383 0.5566895523316389 -1.1561645433765244 1
-0.5044611068482099 2.6546339933294485 4.272816333553637 1.1115615421333036 1.8787889397677229 1.1115615421333036 0.8319021106523556 4.272816333553637 0.8319021106523556 2.176925664742438 1
1.7589991588534346 -0.7561994608077569 -0.06667673393957618 1.8676431149146557 1.0946332025497179 1.8676431149146557 -2.2314952776511072 -0.06667673393957618 -2.2314952776511072 1.303445479518969 3
0.4996128339940715 -0.5463350979969056 -1.1743513072236826 0.043633499853374946 0.2764430770253711 0.043633499853374946 -1.7195141824505824 -1.1743513072236826 -1.7195141824505824 0.14664434038145102 3
-1.5816553621951353 0.4084321405232657 -2.859910152600599 -0.6795818170145317 0.6604640801681871 -0.6795818170145317 0.24169933259680831 -2.859910152600599 0.24169933259680831 -0.7816209419174798 0
-4.65608593197941 -1.5206150291617302 -2.078701979983743 -1.578348295835673 -0.7998137445675099 -1.578348295835673 0.735358710040666 -2.078701979983743 0.735358710040666 -1.6607609644470824 0
-2.0266376479415023 1.2058772369259598 1.554031523070437 1.1552823784410622 -1.6586383006762428 1.1552823784410622 0.5916479110034298 1.554031523070437 0.5916479110034298 -0.40954213621672875 1
1.060708535791783 1.657817042687788 -1.085686574409778 2.494553595676864 -0.8716689218019402 2.494553595676864 1.2111008850909593 -1.085686574409778 1.2111008850909593 2.1514224881569772 2
1.9294272984101308 1.4933132834385607 0.2057702939613405 -0.11834142045437623 -0.11647315162965999 -0.11834142045437623 1.1440924940293637 0.2057702939613405 1.1440924940293637 -0.8320448958064746 2
-0.9825319029384539 -0.48297624395491456 -1.9438565923999847 -2.7910044341686113 3.6616832837158038 -2.7910044341686113 0.46446775915396543 -1.9438565923999847 0.46446775915396543 -3.211779814431351 1
-1.2059547510415707 0.3776371186777506 0.014646061784475028 -2.7531778590055103 1.7249402716735194 -2.7531778590055103 0.7652735028657452 0.014646061784475028 0.7652735028657452 0.10237968049608326 0
-3.455091864581809 -0.61954436473728 2.5136301868029056 -0.23215259922965403 3.1860548422300914 -0.23215259922965403 3.027914342068351 2.5136301868029056 3.027914342068351 -2.090971959980194 0
2.002852888097574 5.201348776487632 -0.692377861185467 -4.042134208597274 -0.701259150895335 -4.042134208597274 -0.28822379241461527 -0.692377861185467 -0.28822379241461527 -1.2821692520414234 2
-2.581218490144887 -1.995783982689604 2.7392999580442217 -2.326358406472645 -0.751446068122438 -2.326358406472645 2.7794367037991776 2.7392999580442217 2.7794367037991776 -1.6489968000987403 0
1.093115554809335 3.149254009294424 -0.07343486661090737 -1.0947618432669102 0.5765245725352592 -1.0947618432669102 0.886325487889934 -0.07343486661090737 0.886325487889934 -1.1823567363542329 0
-0.6434535321700794 4.668915285340966 -0.9761997179588084 1.5434819423600075 0.0889573244288524 1.5434819423600075 -0.11965317454923652 -0.9761997179588084 -0.11965317454923652 0.21506904144185357 2
-1.766166960727391 -1.005760095889578 0.9866778584871488 -0.6457550419412019 -1.4093232376499603 -0.6457550419412019 2.737314316061673 0.9866778584871488 2.737314316061673 -2.3248663792781725 1
-1.3590172446170228 1.84620548153858 -3.180355547340476 2.730498135472734 -0.41727185558993773 2.730498135472734 3.6255903137612187 -3.180355547340476 3.6255903137612187 -2.8467457079841476 0
2.312985799704662 -1.11598859476379 -1.800711382142841 1.2186838285834978 1.7833926262987316 1.2186838285834978 0.6491134037895874 -1.800711382142841 0.6491134037895874 -0.31961380573298714 3
-2.9374171597659284 -0.14002929286644417 -2.7276961816836565 -2.848730956945392 3.663614780688539 -2.848730956945392 -4.044097609560817 -2.7276961816836565 -4.044097609560817 -3.4153059214078048 1
-0.7860806662895656 1.2244278963778017 -1.0520219914968494 1.2851415202336345 -2.162995257856807 1.2851415202336345 0.8820360431930978 -1.0520219914968494 0.8820360431930978 -2.592088106349631 1
-0.9597917328056303 -0.38636016158373643 -0.8929716759887076 -2.590685780702132 1.3982105910955789 -2.590685780702132 0.3486248202637996 -0.8929716759887076 0.3486248202637996 -0.5318688525088273 0
-1.7720855417023693 -0.6346758174478249 -0.4899461969276464 0.1434999876603551 0.48183867184475504 0.1434999876603551 1.013150093182197 -0.4899461969276464 1.013150093182197 -1.4651520609361848 2
-0.30655208422802627 2.7050080499430784 -0.3870735643979254 1.0948867149222261 2.628916701246413 1.0948867149222261 2.7424918264197364 -0.3870735643979254 2.7424918264197364 -3.396655888199362 0
0.5955872135375271 1.6124124255193513 -1.5780987700208144 0.8371431671280463 -1.3122746639212348 0.8371431671280463 -0.20527139647696369 -1.5780987700208144 -0.20527139647696369 -1.415535910276236 1
-0.13018445666128908 3.560057155377386 -1.7960261530449797 1.6019885672902823 -1.2091470312813652 1.6019885672902823 0.6454769475619049 -1.7960261530449797 0.6454769475619049 -1.8002006647966513 0
1.5043451946691833 -1.4116375750193075 -0.9303143340038527 0.8845072938681209 1.9205660228779786 0.8845072938681209 -1.381467610191151 -0.9303143340038527 -1.381467610191151 1.5706391282401548 3
1.3228213282266483 2.758575208476689 -0.1712835695347359 -2.845793493112235 0.465569258575415 -2.845793493112235 -0.34074031834660023 -0.1712835695347359 -0.34074031834660023 -2.5700853828756687 1
3.154469299103778 1.5618792629012432 1.8949009113677011 -2.9703650726907176 -0.023956127491759016 -2.9703650726907176 -2.117886163876414 1.8949009113677011 -2.117886163876414 -0.8032844546536558 2
1.2605909224393481 -0.10697010933160533 -4.692586234098607 3.212964299427658 1.0643729416512042 3.212964299427658 -1.7329025722018527 -4.692586234098607 -1.7329025722018527 3.859004967631638 2
-0.5245444098345782 1.220793184024749 1.1898951071864796 0.8610931806550421 -0.42155079905230375 0.8610931806550421 2.0169203312166424 1.1898951071864796 2.0169203312166424 -1.5503459417345105 1
0.7426894298310718 -0.6508200328553444 0.6707313373084787 -0.30369171049710686 1.1482899363103927 -0.30369171049710686 -3.5049029666834617 0.6707313373084787 -3.5049029666834617 -0.11071912695601971 3
2.3011360468034603 0.7912987573482395 -1.4742417908294192 1.6267150053988328 0.038670452803895694 1.6267150053988328 1.016324631458803 -1.4742417908294192 1.016324631458803 -1.8161269022998114 3
-1.8398135544221401 -1.5966776189863914 0.5948749134422792 -1.9550163716836924 -0.8362803748186612 -1.9550163716836924 1.505708132223374 0.5948749134422792 1.505708132223374 -0.28329048380675215 0
-1.5515347012841048 0.2694812687179463 -0.5770739416464219 0.9568196179532089 -2.8249996838813725 0.9568196179532089 1.0764225277708452 -0.5770739416464219 1.0764225277708452 -1.7861473633464953 1
-3.6141530337570664 0.878267167278152 -0.6967565752635654 -0.42739967317519667 0.9823574799992443 -0.42739967317519667 -2.269610309109744 -0.6967565752635654 -2.269610309109744 -0.8543270846478012 1
-2.3028436230414666 -0.3612337369174732 -0.199719439233086 -0.8925350545960044 1.4047603024194721 -0.8925350545960044 0.8164931249955516 -0.199719439233086 0.8164931249955516 -1.1669215938515278 0
2.278966055261356 2.694132559076267 0.36890925335901104 -1.251117292375522 -1.237514140828151 -1.251117292375522 3.7364257084416312 0.36890925335901104 3.7364257084416312 1.8830357201303363 1
-1.6729942240913962 0.5140005368461479 -0.16316052296936034 -0.7750979435417462 1.0757781226278087 -0.7750979435417462 -1.4445197692476663 -0.16316052296936034 -1.4445197692476663 -1.645878888060155 1
4.438186267819442 0.4741870261857386 0.981699449189176 2.13333429174651 1.4505124667012517 2.13333429174651 -1.385674785749254 0.981699449189176 -1.385674785749254 -1.1992692354217218 3
-2.729465932716317 -1.4151143720144317 1.7830392204602679 -2.470116660605287 0.47303346581141914 -2.470116660605287 0.8014154620401682 1.7830392204602679 0.8014154620401682 0.3429048858238477 0
1.6229448065833725 -2.1843582699635267 -0.7225273106185555 1.6728634850848487 0.9162133068181537 1.6728634850848487 0.2855169103135342 -0.7225273106185555 0.2855169103135342 0.2512554085997435 3
-0.3755890350215507 4.768251243660144 -1.1023176160944224 -2.8192490021476164 -0.09107682244390136 -2.8192490021476164 -5.033081037435933 -1.1023176160944224 -5.033081037435933 -2.358315626271021 2
-0.35320878622628626 -2.4443881488462935 -1.8712742363715502 1.995791623549669 1.7677265964630315 1.995791623549669 -1.544598850114499 -1.8712742363715502 -1.544598850114499 3.0648136053143444 3
0.9517099631240507 -0.8624683645580574 1.2102327643800643 -0.24109433579357742 -1.28065231510163 -0.24109433579357742 0.19532846000069604 1.2102327643800643 0.19532846000069604 0.12797506033992212 0
-0.8866135838970668 -1.3867389730999593 2.2821568209541097 -0.7289016442470018 0.30299215247418276 -0.7289016442470018 0.9931050752045474 2.2821568209541097 0.9931050752045474 -3.0137900767187378 0
0.19216803344418243 1.8284277203080617 1.0876333911810767 -1.0653830300512812 0.6256525847089165 -1.0653830300512812 2.2204351410621133 1.0876333911810767 2.2204351410621133 -1.1439849287095778 0
-2.4623910911306774 0.9180450814795902 -0.03549984817159291 0.9925076120998798 -2.792053649869629 0.9925076120998798 1.037962023002231 -0.03549984817159291 1.037962023002231 -2.1948062951432945 1
1.1798938590456833 1.9923615592615689 0.4439105937068243 -1.7958482439623151 -2.1639337479829033 -1.7958482439623151 -1.6430667740624827 0.4439105937068243 -1.6430667740624827 -2.5416413505407824 2
0.5228273653915767 1.3137553849646069 -4.410875791078898 -1.0737881918796202 0.0962488503359481 -1.0737881918796202 0.788346823638841 -4.410875791078898 0.788346823638841 -1.27553641050897 0
-1.9177022386897549 1.0192011150711198 -0.5428634154134937 -1.2299554313095096 -0.06094526042716386 -1.2299554313095096 0.04688381095260996 -0.5428634154134937 0.04688381095260996 -2.775418681167609 2
3.417200338254079 2.2402946225447926 -3.746433315732235 -3.2285032894681405 1.1449031464936368 -3.2285032894681405 0.27663215725518 -3.746433315732235 0.27663215725518 -0.4773096012956384 1
-0.9395078207399039 1.7496903352282076 -0.3744652866830702 2.2904070675559387 -2.641146740828516 2.2904070675559387 0.6360349484952875 -0.3744652866830702 0.6360349484952875 -0.530383525159888 1
-2.802690293849941 0.42306554465693125 1.7759265005727682 0.921825133615477 3.1580531149370707 0.921825133615477 4.640504142813777 1.7759265005727682 4.640504142813777 -2.7981226605016056 0
-1.5778200270328981 0.33523378567723516 -2.348466470529602 0.11806823035702818 1.1239449442802731 0.11806823035702818 -1.5356645798118316 -2.348466470529602 -1.5356645798118316 0.08899724814058452 1
2.5670823942730805 3.100837209626177 0.03664006562890565 -2.972884718971604 -2.876166030699846 -2.972884718971604 3.2177735466562254 0.03664006562890565 3.2177735466562254 -2.7704390977383584 2
1.359072220828208 -0.5612855034085593 -1.6932470689764383 1.8196897097885127 1.0044023713758021 1.8196897097885127 -0.876288349123343 -1.6932470689764383 -0.876288349123343 1.6920036983270896 3
1.1852472495344135 -0.04909101188171916 0.6645288111260367 0.01846858991473055 -0.019948960431238838 0.01846858991473055 2.0327258759121545 0.6645288111260367 2.0327258759121545 -1.1063658011990025 2
0.7262789101357736 1.6704648863164104 -1.1459997746782153 1.2944692221095533 1.7646337081846224 1.2944692221095533 -2.4299778532166574 -1.1459997746782153 -2.4299778532166574 1.5849610080848437 2
-0.9009873903682105 2.0404551274780625 0.39028452824765814 -2.7120583443671484 1.8229335845724646 -2.7120583443671484 -1.18343361027605 0.39028452824765814 -1.18343361027605 -1.3510211004220098 1
3.5792425583453573 -1.5279986365877507 0.791325886140688 -0.7043727793846011 -1.7280929680786967 -0.7043727793846011 1.4454334363706547 0.791325886140688 1.4454334363706547 1.3098551196321662 2
-0.33712781431842687 -1.667845332195851 -1.174487365106264 0.3225797862549452 -1.7157874735470005 0.3225797862549452 -2.896705823435143 -1.174487365106264 -2.896705823435143 1.8367655864181098 2
-1.7688326405008334 -0.9651370352707183 -0.4147386120045691 0.5068691319940792 -0.9234073936820968 0.5068691319940792 -0.5337433199206865 -0.4147386120045691 -0.5337433199206865 -2.41778276323904 0
-2.5832003443418676 1.9266940941671753 1.6425940029894206 2.0977093695543263 -2.3509737712395715 2.0977093695543263 1.706973801041208 1.6425940029894206 1.706973801041208 -0.49518154735482034 1
-1.1379242909358946 1.6181291366092352 2.28165206727346 1.2108895418520886 -0.2945827901484981 1.2108895418520886 0.875169635144269 2.28165206727346 0.875169635144269 0.004235719480518485 1
1.902389399947436 3.478045691326367 -1.6518587213092792 -2.837387560598047 3.6599939761262688 -2.837387560598047 0.8667760082504775 -1.6518587213092792 0.8667760082504775 -0.7986281552810343 0
-1.4402582833289994 2.809943916188354 -2.9106631575988438 2.833635580897698 0.1858016002643743 2.833635580897698 -2.0616099469663665 -2.9106631575988438 -2.0616099469663665 2.170643673528578 2
2.8871308649889893 -1.1491725990700274 3.637153590463198 1.17750840324503 -4.152067216706338 1.17750840324503 0.0821008789840989 3.637153590463198 0.0821008789840989 2.0292459485430174 2
1.601713946798386 -1.3537264026468299 -3.115041469715341 2.95556244399687 2.1905990611458384 2.95556244399687 2.2975200038801376 -3.115041469715341 2.2975200038801376 1.3319923425131572 3
-0.9996157575391293 0.3004445878861537 -3.7811860649116227 -2.205275331735769 0.1683084308954863 -2.205275331735769 0.575503226519813 -3.7811860649116227 0.575503226519813 0.6290811687115856 0
-2.957495284890105 -2.454953588460552 -2.7778653758624197 1.0011882108671237 1.213765989099092 1.0011882108671237 -0.8823748010037795 -2.7778653758624197 -0.8823748010037795 2.1700367325522865 3
0.07673361815770274 -1.2630508439763148 -1.075549380521474 -2.6367956601788842 3.5044954438739615 -2.6367956601788842 -0.7791291082227971 -1.075549380521474 -0.7791291082227971 -2.523396239085872 1
1.831516016246486 -0.1844909044846349 2.442205424793307 -1.2484806427318076 -3.8289132214121007 -1.2484806427318076 1.9211817598266911 2.442205424793307 1.9211817598266911 3.442793522213454 0
-0.6279310884874651 0.41141807356745874 -1.3250279349758927 1.7836871401923062 3.2836855245284515 1.7836871401923062 -0.18288445453495072 -1.3250279349758927 -0.18288445453495072 0.2752241660064896 2
0.8379993830578563 0.8901130140053599 -1.3015430580698997 1.5073743162878714 -1.5751755422575215 1.5073743162878714 -0.11951894959091813 -1.3015430580698997 -0.11951894959091813 -1.3726057289168554 1
1.0433930417725537 -0.013139932374276242 -1.6903595892299448 3.55670049697179 -1.4143122455172423 3.55670049697179 0.7712036655044493 -1.6903595892299448 0.7712036655044493 2.4471483452463287 3
1.0501403713318958 -1.721363796744421 -0.960283286934066 -1.2226947254940304 0.743532810447219 -1.2226947254940304 -2.792057225854098 -0.960283286934066 -2.792057225854098 0.19585089072013528 3
3.2352695913461123 1.698490374506901 -1.7024328741384218 0.1352600210146393 0.8806742904395763 0.1352600210146393 -0.21863333853443168 -1.7024328741384218 -0.21863333853443168 -0.6150461864322765 2
-1.0536084013612284 -0.5530659966154194 0.07384653022314147 0.504798960810561 -0.7296149889819207 0.504798960810561 -0.6398813424421155 0.07384653022314147 -0.6398813424421155 -3.2740944637124616 0
-2.757199496146125 1.5914416484637663 -0.599742157764318 0.3235154655417565 0.9220299368861046 0.3235154655417565 -1.9339812050406664 -0.599742157764318 -1.9339812050406664 -0.6243800185060215 1
-0.07900604295640223 -0.7439473266711136 0.810218540858261 -0.8606973525655657 -0.2848236367092949 -0.8606973525655657 0.664824292955032 0.810218540858261 0.664824292955032 -0.8628302232243861 0
3.261698004210228 -1.4230703946074952 -3.480905314281728 2.349055127968336 0.3529342967867152 2.349055127968336 -0.13535207369936186 -3.480905314281728 -0.13535207369936186 -0.6440858830637477 3
-0.8904991948847785 -2.2963732894892663 1.5579796279285705 -1.702228610049231 2.533406353213228 -1.702228610049231 2.3857855791690183 1.5579796279285705 2.3857855791690183 0.48686047549243094 3
2.3734923072770666 -0.6832314970661406 2.6282477084240297 -1.3093109100211011 -2.8164051008725357 -1.3093109100211011 1.1723227058425139 2.6282477084240297 1.1723227058425139 1.9081306942840008 0
3.243739960688318 1.7798493186801265 -0.47470948320168294 3.714606892770518 -0.9203671750611728 3.714606892770518 0.16106330165018556 -0.47470948320168294 0.16106330165018556 -0.4481328808410242 1
-0.36858603386247246 -2.27536645712331 4.223386338284671 -3.580804490066626 -1.674931725403821 -3.580804490066626 3.386324826701013 4.223386338284671 3.386324826701013 0.439438537311162 0
1.0388714713242926 -1.2798880175924405 -0.35161546584700154 0.008327952085191992 -0.1711894372737932 0.008327952085191992 0.6922720228213026 -0.35161546584700154 0.6922720228213026 1.4528275821882384 3
1.504224475567596 3.5915542789271115 -0.639213285855095 -1.193606511175176 0.22575570415976376 -1.193606511175176 0.5837916941965826 -0.639213285855095 0.5837916941965826 -1.3076587085844964 2
-1.1593949055471273 0.13752576187494403 -0.9920859093084909 0.029885240967834292 0.2539666190819436 0.029885240967834292 -1.9389155029366592 -0.9920859093084909 -1.9389155029366592 -0.8866853951684578 1
1.973210521241795 0.2404016829204625 1.3295243733191273 -1.0597794943369183 4.045339988044203 -1.0597794943369183 -0.040293867386791415 1.3295243733191273 -0.040293867386791415 2.6970746530349636 3
1.8399979612994906 -0.5343730583837161 -0.797175657065839 1.160322302236811 -1.3881095401196082 1.160322302236811 2.690551549770305 -0.797175657065839 2.690551549770305 -2.344630685768525 1
-2.252551041771323 2.689689976430426 -0.33613509768974237 -0.7330785302000031 -0.9641675124143555 -0.7330785302000031 -1.9963343844885286 -0.33613509768974237 -1.9963343844885286 -1.1907875945392368 2
1.3909641710704075 -3.7533246134952103 -0.3770804461911691 -0.7820800856111481 4.939754986229192 -0.7820800856111481 0.7488098412879316 -0.3770804461911691 0.7488098412879316 -0.8499962800363878 3
-0.9800595864703696 -0.24477737280829148 0.37831690955008557 1.4282200991246299 -1.32211189398451 1.4282200991246299 0.9634344882565696 0.37831690955008557 0.9634344882565696 4.610617938619642 3
-1.2967201179051977 -6.884613654411704 -0.10525880692547773 -0.5416999442065955 3.5634303134604015 -0.5416999442065955 2.505508979657768 -0.10525880692547773 2.505508979657768 -2.1279215572723555 3
-0.26917972652122835 0.035307794626466604 -0.27455473802552577 -0.3498211983248387 1.9097325601284756 -0.3498211983248387 3.818403165986049 -0.27455473802552577 3.818403165986049 -2.006505717182306 3
-1.3014544675316235 0.5804120994321471 -2.6943481916859406 -0.46252110861268747 1.0416676889976424 -0.46252110861268747 -2.3864647792051965 -2.6943481916859406 -2.3864647792051965 -2.4928021622289607 1
-1.162755472880084 -0.9215290589756886 -1.0699359000590691 -1.6314530545095767 2.217962310281811 -1.6314530545095767 -1.8712138775647158 -1.0699359000590691 -1.8712138775647158 0.13536772638956363 1
0.3995048889911428 -2.8475881837722214 -2.7851627892333024 -0.8852095277958545 0.831209392099497 -0.8852095277958545 -3.1047484558340814 -2.7851627892333024 -3.1047484558340814 2.467413420490404 3
0.7739550429686768 -1.8350571404934346 -0.2653806569812338 -0.9075029197908036 3.343218003263541 -0.9075029197908036 2.0262236444599067 -0.2653806569812338 2.0262236444599067 -1.3501130108171844 3
-2.987157799763447 -2.512352410781359 -3.618149590738606 1.8711934470982259 1.4831503763056537 1.8711934470982259 0.7840769830639136 -3.618149590738606 0.7840769830639136 2.828291582152585 3
1.814323694866651 2.967861986261313 0.3764052512097448 -3.253453173617375 -1.6394869039552953 -3.253453173617375 -1.4711457541420119 0.3764052512097448 -1.4711457541420119 -1.8259973096457056 2
2.1687831462793095 0.6770844712934129 0.6599815913525847 -0.011934217839790762 1.549671498078978 -0.011934217839790762 1.2728201166850792 0.6599815913525847 1.2728201166850792 -0.44853217926884315 2
0.28825452923339157 1.7166893618755292 0.1960759480082488 -1.6012899705156125 0.9766543037998225 -1.6012899705156125 -3.9626826267566586 0.1960759480082488 -3.9626826267566586 -1.020771091625425 2
0.8368484245850949 2.312521080562483 2.1593402345844463 2.7787153195968126 -0.22096629002710455 2.7787153195968126 1.5431598954060286 2.1593402345844463 1.5431598954060286 0.3272842487724028 1
-0.23831254922185252 -0.22439504650595898 0.07379173741519063 0.44800712933228515 3.1456393948812327 0.44800712933228515 -1.4089127029430346 0.07379173741519063 -1.4089127029430346 0.6037299965214775 2
0.5980511504502606 2.273527442041164 -1.7537498873435653 0.9980088050855622 -1.2520193026936877 0.9980088050855622 0.555256134276638 -1.7537498873435653 0.555256134276638 -0.5908088371616296 1
-0.4696320179047436 0.6306163079385805 0.6001322089765692 2.022221382467625 -1.313734208190554 2.022221382467625 -0.5480289566325212 0.6001322089765692 -0.5480289566325212 -2.7233618205170433 0
-1.1085723359140482 0.9215369774825487 -4.00647456269623 -1.469586624106309 0.8146489241331082 -1.469586624106309 -1.3115220437373747 -4.00647456269623 -1.3115220437373747 0.09356546595094328 0
0.10829953682906579 1.039258929218318 -0.020971430374280176 1.1503617450500192 0.9709564777967865 1.1503617450500192 1.0955091257890244 -0.020971430374280176 1.0955091257890244 3.265708940223032 3
0.5635046434086872 -2.4611370126953926 -1.051209916054733 1.0000602680814532 0.2010550564916357 1.0000602680814532 0.6001878528106701 -1.051209916054733 0.6001878528106701 1.4155226828702452 3
-3.444728168847363 -0.5517846807220259 2.5410682932839412 -0.2381895497209271 1.9012231052259962 -0.2381895497209271 0.8253053971603402 2.5410682932839412 0.8253053971603402 -1.7174961475455164 0
1.9123702313174333 -0.9316785877532447 -1.4921943492188974 -1.2417833108654213 -0.3020732377976786 -1.2417833108654213 -1.0195965501858684 -1.4921943492188974 -1.0195965501858684 0.06197820121958186 2
0.21178742420901808 1.7907816184633367 -1.3981929616732347 -0.44377146603820306 -0.2974204495038537 -0.44377146603820306 -1.035915539298868 -1.3981929616732347 -1.035915539298868 -0.28903752924141546 1
1.6174117054496833 -1.4213687956233512 -1.491282006232275 3.6412649572346605 2.4604457085085305 3.6412649572346605 2.0577184157971806 -1.491282006232275 2.0577184157971806 2.142711794160639 3
0.05958952337352996 2.7614870173175565 -4.093499029704402 -1.5418505565280225 -0.1736113079229913 -1.5418505565280225 -0.5585145858204672 -4.093499029704402 -0.5585145858204672 0.9143689108536712 0
3.7775177240020836 -1.4260858154021696 -0.12221458640473781 -0.48299451280675654 -0.671311158124805 -0.48299451280675654 -3.2056756306454166 -0.12221458640473781 -3.2056756306454166 -0.8274152701578821 3
2.7165538973952703 -2.4990040882109166 -1.5357068589990917 -1.118228839003463 -1.4526921582594012 -1.118228839003463 -0.20569637192349632 -1.5357068589990917 -0.20569637192349632 0.9544219147612744 2
0.8442392582732414 -0.6848916981213709 0.7303743225170993 -0.5106812734631683 -1.4445914196045417 -0.5106812734631683 -0.26396971846268147 0.7303743225170993 -0.26396971846268147 -1.0192504033748038 0
-1.3162539928274688 1.5651587031463123 -1.2265446624755503 1.338339936844747 0.05382141420540931 1.338339936844747 1.3651277865645246 -1.2265446624755503 1.3651277865645246 -2.666279907927512 0
-1.6082113105824964 -0.23562951474369132 0.6821237328965363 -0.31563735851207975 -1.1921056531289862 -0.31563735851207975 1.0066447123035402 0.6821237328965363 1.0066447123035402 -1.5559102106424685 0
1.9962020438871244 1.16802983636684 0.5491722031807837 0.19258012639931277 1.1804297479569625 0.19258012639931277 1.8684648115784057 0.5491722031807837 1.8684648115784057 -0.42477576786889637 2
-1.2859822282049596 2.7578627746632067 -2.4470542287043817 2.865631641454754 -1.675554054585604 2.865631641454754 -1.0114397206747687 -2.4470542287043817 -1.0114397206747687 1.6704518979725087 2
1.0694067542502879 -1.138615657998069 -1.796135423737379 1.7681473559137695 -1.3810608383529819 1.7681473559137695 0.7483056481911375 -1.796135423737379 0.7483056481911375 1.318079685437155 3
2.5227450705265486 1.057297732887935 1.772942682124424 -1.5160648858781967 0.9952772428653859 -1.5160648858781967 -2.9237681250329324 1.772942682124424 -2.9237681250329324 -2.941435872836122 3
-2.5361403343378273 0.5090438136238145 0.857733930570383 -0.8845060759489947 2.9145164882446237 -0.8845060759489947 0.5021799603126653 0.857733930570383 0.5021799603126653 -1.3491962477957613 0
-0.7820246658263637 -0.6165688712505875 0.9075470504104747 -2.012952297115852 -1.6030387182492523 -2.012952297115852 2.204006683738039 0.9075470504104747 2.204006683738039 1.619040147899582 0
-2.658845758199968 -2.710505774748511 1.2875124257621664 -3.712475407509285 -2.057770594780046 -3.712475407509285 2.6217120865211365 1.2875124257621664 2.6217120865211365 0.7788248129291795 0
1.8023365930149766 0.036691179176452926 3.299654681906391 -2.723471228599789 -0.01692099161839078 -2.723471228599789 0.48002247894853345 3.299654681906391 0.48002247894853345 -1.3070536855626376 2
-0.3079550814889279 1.1602056539400256 -0.30576472581131253 -1.1259737906212792 -0.27061710336177347 -1.1259737906212792 1.3657542252133825 -0.30576472581131253 1.3657542252133825 -0.6788656399581909 0
1.0677418015265168 -3.153188427196456 -3.120345689817841 2.3188855066280665 -0.7971342249109015 2.3188855066280665 1.9197687858287198 -3.120345689817841 1.9197687858287198 -2.3660920117392674 3
2.2256235646849465 1.6821637614205316 -0.25867624936865974 1.2776178627115775 -1.1594985940974851 1.2776178627115775 0.5310260575545169 -0.25867624936865974 0.5310260575545169 0.8433179594226947 2
-0.785530907694985 2.378033226034483 0.04476149024618814 -2.2073310455947883 0.7427698643269924 -2.2073310455947883 -0.1836478439833933 0.04476149024618814 -0.1836478439833933 -1.4810810388754354 1
-1.8022272913940511 1.4746703712689402 -0.8211345916535419 -1.0569069619883262 1.2838846659095875 -1.0569069619883262 -1.811616118839932 -0.8211345916535419 -1.811616118839932 -1.7837607588546631 1
-3.3914823446513327 -0.399039502938326 -2.3965101992357103 2.500958353414651 0.20447586170163978 2.500958353414651 -3.1724597913669346 -2.3965101992357103 -3.1724597913669346 -8.115089717222705 0
1.2709794296805228 -1.4870690415927317 -0.8864718371353292 2.1042184527149264 1.879064044827769 2.1042184527149264 -0.07981451589601607 -0.8864718371353292 -0.07981451589601607 0.15917586572283948 3
-3.251260079177422 -0.3712493384452472 -1.5306733929512055 -0.5425946026005862 -0.42293008035749113 -0.5425946026005862 -0.082731659461732 -1.5306733929512055 -0.082731659461732 -3.829652571274905 0
-0.13561232499420628 -1.6555237738379804 -0.6356184455361341 2.9681466253457196 -2.9850275762421656 2.9681466253457196 1.1844165393180695 -0.6356184455361341 1.1844165393180695 2.7752011307899997 3
1.6583477246810072 -0.7167401664428033 -0.5989407466159242 0.5025312725917574 0.6296275455696638 0.5025312725917574 -2.0911255692626476 -0.5989407466159242 -2.0911255692626476 1.0648268233209084 3
1.1908380544186579 2.0109344504530857 0.1613151771922312 -0.5865805907431435 2.652730268609007 -0.5865805907431435 -2.368007186995082 0.1613151771922312 -2.368007186995082 -0.028310468472262595 2
0.786460999576533 -0.18562430957200537 -0.9080639594884483 0.5037071441824008 0.8945303944776009 0.5037071441824008 -0.08968576416598717 -0.9080639594884483 -0.08968576416598717 1.3292873362679296 3
-1.632988312933646 -1.2458632825433722 -3.2423034905049883 -2.269277711692469 -1.8895784534065019 -2.269277711692469 -0.9968591492507439 -3.2423034905049883 -0.9968591492507439 0.9419137859343099 0
-0.20786210935446348 -1.4928909049285384 -2.7864786161477015 2.0658015113210393 1.7752180284410555 2.0658015113210393 0.963703198490576 -2.7864786161477015 0.963703198490576 3.7259653923753144 3
-6.364007510848105 -2.2558902672142196 -1.9102655456138722 -2.413311660561356 -0.11715118438135796 -2.413311660561356 1.2669181680051547 -1.9102655456138722 1.2669181680051547 -3.3640091956339844 0
-0.974628849799839 1.3435295278990664 0.6885408618314857 2.011227371630821 -1.9751531653053473 2.011227371630821 2.265246644766994 0.6885408618314857 2.265246644766994 -0.6376500829050332 1
-0.09862587978084236 -3.2849248456557145 -1.3016653953909874 2.053380982312965 -0.8507002437555935 2.053380982312965 0.552349027932508 -1.3016653953909874 0.552349027932508 2.2010751276781337 3
-3.1133411707937237 1.8132523327449772 0.44429069698340096 1.7236129755008442 -2.803796654077205 1.7236129755008442 1.0017817464054106 0.44429069698340096 1.0017817464054106 -2.0759524349538383 1
-1.2175257675059643 2.51217008572218 1.731758812153 -0.019752247504683407 1.6679524282979783 -0.019752247504683407 2.589058621093467 1.731758812153 2.589058621093467 -1.3552785012624513 0
-1.0337823212681456 1.572881777382908 -2.435874811333655 -1.299928018168268 -0.4204073133057582 -1.299928018168268 0.9520707936835189 -2.435874811333655 0.9520707936835189 0.7596266605343518 0
0.1983867068735723 1.6867858152524469 -1.4648505889397967 2.0616951029957984 -2.2467839987411304 2.0616951029957984 -0.936437362490863 -1.4648505889397967 -0.936437362490863 1.6751609584891791 2
-2.331519336044301 2.485768913121737 0.5406068272891382 2.2029643347505377 -2.4650170315094604 2.2029643347505377 1.3204579647204129 0.5406068272891382 1.3204579647204129 -1.9384205497612106 1
-1.3364613515458657 -0.5452883755436493 -1.1332738882953395 2.1538693347513775 2.2456324319131173 2.1538693347513775 -0.7235009436855263 -1.1332738882953395 -0.7235009436855263 -0.18878473755647318 2
1.6229832286767532 2.139047521350978 1.3555390270528478 -2.435083407555491 -1.518565789036347 -2.435083407555491 -0.0674775910592269 1.3555390270528478 -0.0674775910592269 -1.9763157637555504 2
-3.4380662401018878 -0.8102857205828582 0.07233011809854362 0.030045069571223104 2.5714345384992154 0.030045069571223104 1.2552523671135685 0.07233011809854362 1.2552523671135685 -2.1030323377850086 0
-1.4354453331025356 -2.7693545272435918 4.462538440594623 -5.433319387457979 -1.5331731404181892 -5.433319387457979 4.914349205053412 4.462538440594623 4.914349205053412 1.358966470408137 0
-2.1304911729719755 1.3493543262227021 0.21054840395588403 0.5520988672890699 -0.16351136428822644 0.5520988672890699 -0.3795883218596915 0.21054840395588403 -0.3795883218596915 -0.40262596612686397 1
0.6569064537573448 3.3291930052584395 1.2879924736298842 0.5183353367190446 1.463213740771543 0.5183353367190446 3.396189090395372 1.2879924736298842 3.396189090395372 -2.989767872176201 0
-3.8053305762597183 1.7242068112040547 4.169322471408839 0.05943569406307514 0.6215115170516965 0.05943569406307514 0.6622026457886747 4.169322471408839 0.6622026457886747 0.0599866948874892 1
0.2023361936403021 -1.331226545564248 1.6386589993065135 -1.146073455688417 -1.7023258165264659 -1.146073455688417 0.3674288317633859 1.6386589993065135 0.3674288317633859 -1.4567760967855867 0
2.325062055911234 -2.197858288768233 3.4382158317628018 1.106529636415262 4.007051866927901 1.106529636415262 -2.1328698336433862 3.4382158317628018 -2.1328698336433862 0.8978315778512287 2
1.2815551453159277 3.5580268263635744 -0.9898480656423368 -1.6198541006011884 -1.2829448492713786 -1.6198541006011884 0.27912664881694504 -0.9898480656423368 0.27912664881694504 -1.1222093977435557 1
3.0695760130510252 -1.3366623333321965 0.17470650422996448 1.1005607532356032 1.2779553455860007 1.1005607532356032 -0.632476055652621 0.17470650422996448 -0.632476055652621 0.13320582498153077 3
-0.20293231055108463 1.8958963066720607 1.0479246350421842 1.9427332291277222 -0.4067762985984401 1.9427332291277222 0.13016269902726585 1.0479246350421842 0.13016269902726585 0.2719920448030686 1
2.3287102662095633 1.497803968654455 0.4549463100731105 -0.2902674734871272 -0.07431160887503951 -0.2902674734871272 1.2462408853687204 0.4549463100731105 1.2462408853687204 -1.2090882187186598 2
2.2159853001757854 -1.3944452811402113 -0.273226501346179 0.2725105459302316 -0.3840454769876088 0.2725105459302316 -1.8188148820372314 -0.273226501346179 -1.8188148820372314 1.2887560636597364 2
-2.6254620483196054 1.474426548074485 -2.0733665087721747 1.545744263976737 -0.6839452528783807 1.545744263976737 -1.6942142837939063 -2.0733665087721747 -1.6942142837939063 0.3439498065430311 1
-2.9944374451401625 -0.13335883301060847 -1.6148314522212752 -0.7223586831481511 -2.684484807028414 -0.7223586831481511 0.9845205150497347 -1.6148314522212752 0.9845205150497347 0.6512035830165319 0
0.3921051642136346 -1.968010178627288 0.28907159640829594 -0.9308400978340599 1.1974034765690176 -0.9308400978340599 -1.4308379860947618 0.28907159640829594 -1.4308379860947618 -4.467747753510217 0
2.351684938320977 -2.1954363142018662 -2.32940375398943 2.3228119356352144 1.240619580194648 2.3228119356352144 -0.4705795715318386 -2.32940375398943 -0.4705795715318386 1.189531853841825 3
-2.393450391887085 1.8188788571675367 -4.194134181598702 4.150990814180608 -0.18802010255988555 4.150990814180608 0.43335713230911743 -4.194134181598702 0.43335713230911743 4.052022634950976 2
-1.0493157623756324 0.08883567032304407 -0.2754801884151643 -2.749806740343511 2.024113281507653 -2.749806740343511 1.0093496821089964 -0.2754801884151643 1.0093496821089964 -0.2732120663378321 0
-3.6672806358058443 -0.9733305754147819 -1.2107858630682542 0.5045865452045775 -0.13444892502097971 0.5045865452045775 2.4829058032290288 -1.2107858630682542 2.4829058032290288 -1.0670791761212992 0
3.0608510423806097 0.28571279568494323 4.958600298418378 -1.749942709527872 -0.8576818821471519 -1.749942709527872 2.737661997069158 4.958600298418378 2.737661997069158 0.2272907860373583 0
-1.126950052985443 -0.12620442459733017 0.7318401202113285 -2.1656646145477367 1.3109351174046542 -2.1656646145477367 -3.4109935646080296 0.7318401202113285 -3.4109935646080296 -1.066604355823957 2
2.1222983925983283 1.9336092394269762 -0.7449811570321127 -0.2949192150652886 -1.0511753149482335 -0.2949192150652886 -1.452057016543988 -0.7449811570321127 -1.452057016543988 -0.6896526015094202 2
0.12009406316729132 2.1365948225596734 -1.3850974541183665 -0.741349887471383 1.2199470248533977 -0.741349887471383 1.1104701864167006 -1.3850974541183665 1.1104701864167006 -1.6743509723498824 0
-0.56349869720508 -0.856845645754857 0.49745236046206265 -0.29100041761806694 -1.324199138223932 -0.29100041761806694 -2.8077767380707144 0.49745236046206265 -2.8077767380707144 0.714485904214746 2
-0.4225990327677147 0.4851830107442595 0.4458529929346515 -0.5770980327126372 1.2566527114623454 -0.5770980327126372 0.10484720164176364 0.4458529929346515 0.10484720164176364 -1.2809025718366789 2
4.066838767507489 1.7357798997492635 -3.5716031219919953 3.281030506817987 -1.9691001990251178 3.281030506817987 -0.5848583615882759 -3.5716031219919953 -0.5848583615882759 1.219066141663025 3
-1.034581135311595 2.9593081729279107 -0.15447540084022426 0.6726914532279422 -1.1585700635116072 0.6726914532279422 -0.24598501842845255 -0.15447540084022426 -0.24598501842845255 0.8694139153688278 1
0.3734979930137824 -2.1785583756129117 2.1383208213208595 0.9629547994861296 1.8606932112938082 0.9629547994861296 -1.2529060358435644 2.1383208213208595 -1.2529060358435644 -0.18050188937859024 2
0.9203922847456872 -0.8751111498896653 1.0330996571623048 0.05223669323227842 0.06334345839044031 0.05223669323227842 2.0992768403821347 1.0330996571623048 2.0992768403821347 -1.659758628422522 2
-0.3962590455878008 1.672760302172606 0.9608043175438439 -2.0788564499348006 1.5415424493447687 -2.0788564499348006 0.19587674049698411 0.9608043175438439 0.19587674049698411 0.9935388145704778 1
1.3638692486677866 -0.9261718249639512 1.855930440544531 0.05152884901064714 0.16660601169325018 0.05152884901064714 -0.8783027913656916 1.855930440544531 -0.8783027913656916 -3.95681039675659 0
-2.00838719831996 -1.6708752187526246 -1.9559693529248738 2.6474480311922495 -1.2131515949240415 2.6474480311922495 4.009030401607577 -1.9559693529248738 4.009030401607577 -1.1370159098468626 3
0.6681739529092863 -2.914916504283817 0.6850568737589653 -1.3174237510559825 2.1625676121764568 -1.3174237510559825 0.8975435723032262 0.6850568737589653 0.8975435723032262 0.639532286951974 3
2.3396580895557557 2.1706016615529187 -0.5392360867977424 -0.7884300488953777 3.0762012561116525 -0.7884300488953777 1.772367926858891 -0.5392360867977424 1.772367926858891 -0.8584959483016383 3
-3.5723802115017786 -1.9093721211624601 -1.2569752307927362 -2.2829297613637642 -0.4583426123635994 -2.2829297613637642 1.0337308929746543 -1.2569752307927362 1.0337308929746543 -1.1207513998149592 0
1.454746313562585 -1.161693351451694 -0.49393078211913644 -1.3190151612648209 -1.098736776991525 -1.3190151612648209 -3.780601963290903 -0.49393078211913644 -3.780601963290903 -0.8603363665359807 3
0.6439664950597468 2.315522460360806 -3.7586748102431473 -0.09238411590137796 -1.1340866387221267 -0.09238411590137796 0.8108889292053272 -3.7586748102431473 0.8108889292053272 -1.0863728203694991 0
-0.2127293468652387 -1.5832870121163203 -0.9610707289547114 0.851557345700344 2.24201881911982 0.851557345700344 2.5113156789914264 -0.9610707289547114 2.5113156789914264 -0.7085346941955228 3
-0.6561836304991739 1.0301549898963893 1.8142380248231817 -1.3799965780038428 0.7796761818831728 -1.3799965780038428 -1.2485761983842685 1.8142380248231817 -1.2485761983842685 -1.0694334842512137 1
-0.8599356401232838 -1.02598428432144 -0.4877933707367048 -0.14803524925215472 1.9637609188668055 -0.14803524925215472 -0.713842420654304 -0.4877933707367048 -0.713842420654304 0.41412590240041847 1
2.0537252806255086 1.6217404081179279 2.3269384253513143 1.3621731832288446 -3.5824320312376576 1.3621731832288446 2.233039883441992 2.3269384253513143 2.233039883441992 1.6177635473891598 2
-1.9146914383265807 -3.5343312889100678 -3.130409861270257 -0.5506684498145331 0.9267039280045142 -0.5506684498145331 -2.2850477091682064 -3.130409861270257 -2.2850477091682064 2.101737439084519 3
0.8611036311112082 -0.36808279145676015 0.8423222674912938 -0.32247410923727005 1.8527435912641046 -0.32247410923727005 0.32689088677275957 0.8423222674912938 0.32689088677275957 3.127605413109026 3
1.1129567599772157 -1.9231678643934682 -0.5555838386606633 -0.11102687324954874 0.48192951582285004 -0.11102687324954874 -4.261164736777103 -0.5555838386606633 -4.261164736777103 0.15025352207048737 3
0.424598468884837 4.483078647455519 -2.1143931201329402 -1.7123998374026321 1.7896511148828549 -1.7123998374026321 0.9653030137522147 -2.1143931201329402 0.9653030137522147 -0.24143829053219845 2