n: 500 f: 10 f_i: 4 f_red: 3 f_rep: 3 label_cnt: 4 noise: 0.01
500
10
4
-0.8089690773539637 0.7487317042897272 0.7487317042897272 -1.052863976998442 0.5933146618236997 0.18428499140127713 1.2401826147427455 0.2301114527687017 0.2301114527687017 0.2301114527687017 0
-0.778488907888853 -1.8526647544168755 -1.8526647544168755 -0.5485153631784472 2.2091169968456645 -0.36902682552251115 -0.08623319088423709 -1.7026882373255583 -1.7026882373255583 -1.7026882373255583 1
1.2084088741939694 0.8903246236126149 0.8903246236126149 -0.6622638532143458 -0.384807807828106 0.37952256100342047 0.2815299450910004 0.7897525981668541 0.7897525981668541 0.7897525981668541 3
-1.8971898561381781 0.7036127319683201 0.7036127319683201 0.7626853618742061 -1.2922993695097102 -0.8777666967413709 1.7357091921463716 1.0060248326890013 1.0060248326890013 1.0060248326890013 3
0.6275441552199215 -0.29856678127813074 -0.29856678127813074 -1.2137929015072855 0.6741863979318189 -0.7232622842163241 1.8502919275455234 0.4490220101957688 0.4490220101957688 0.4490220101957688 1
-0.6774486778609456 -0.01122379098677273 -0.01122379098677273 1.8998903394844096 -1.4300810026981516 0.007309519297690685 -1.4189130902966451 -0.04640356661579742 -0.04640356661579742 -0.04640356661579742 2
0.836503298938609 -2.4339695155067504 -2.4339695155067504 -0.9212243293741289 2.0989106363859156 -1.0998706664137075 0.6923334676792434 -1.1669629502308234 -1.1669629502308234 -1.1669629502308234 2
1.9241041746502943 -2.3210272301079993 -2.3210272301079993 -0.5115828551874203 1.3894391199771086 -0.9549361542393667 -0.026112824500790444 -0.8494961234748576 -0.8494961234748576 -0.8494961234748576 2
1.481485761716606 0.376701107745649 0.376701107745649 -0.29013292791998724 -1.62171161252054 -1.6452488764162667 2.941765476316853 2.2584243285837737 2.2584243285837737 2.2584243285837737 3
-0.25545411725370437 1.2888483014209537 1.2888483014209537 0.8367498709299976 -1.18228877633212 1.0357686348810693 -1.444757527335642 0.28605785589058597 0.28605785589058597 0.28605785589058597 3
1.284501975008578 -1.796322192052157 -1.796322192052157 -0.5989779621263408 1.6783661051289176 -0.17760521524995584 -0.7508919565608734 -1.245953600018576 -1.245953600018576 -1.245953600018576 2
1.2780653751405024 -3.3488286643704828 -3.3488286643704828 -1.259851008042604 2.9080755171836445 -1.4097937690314706 0.7473720697314106 -1.6636941422740172 -1.6636941422740172 -1.6636941422740172 2
-1.8521310461114835 2.2971177173444293 2.2971177173444293 0.9006431582502646 -1.2107992143289086 1.7590735112690494 -1.6631808938546877 0.14478407418644412 0.14478407418644412 0.14478407418644412 2
1.5072332255227892 -0.44198034665884556 -0.44198034665884556 -0.470920749999885 0.5089583489810119 0.2458163855847681 -0.651887021547991 -0.2627960056547086 -0.2627960056547086 -0.2627960056547086 1
-1.9950641537515197 2.0870540644295117 2.0870540644295117 -1.770265637737496 1.8375455654929782 2.501026798240424 -0.8576085450319542 -1.0031496336859258 -1.0031496336859258 -1.0031496336859258 0
-1.4131033787241853 1.4728196238261708 1.4728196238261708 -0.09597182121096796 -1.0897899156452822 -0.379491289808858 2.042036088703159 1.3500714840379946 1.3500714840379946 1.3500714840379946 3
-0.4171997720486249 -1.9027212378488314 -1.9027212378488314 2.383123868263773 -0.968316276513838 -1.228095224186075 -1.136017824197832 -0.6128072772409862 -0.6128072772409862 -0.6128072772409862 1
-1.6898451333867697 2.1728885100215556 2.1728885100215556 0.9715760650601922 -1.348521533350122 1.5407537280745134 -1.4772802701837344 0.277347626216164 0.277347626216164 0.277347626216164 2
1.5660627048153648 1.2763543036062628 1.2763543036062628 -1.829704216118681 -0.10011287313411199 -0.02748855245820364 2.105021470115716 1.532770378484677 1.532770378484677 1.532770378484677 3
-2.990097553763677 0.4090182556803541 0.4090182556803541 3.528685343454677 -3.0346919987161463 -0.7938987538732892 -0.6266212812189802 0.5750308356750042 0.5750308356750042 0.5750308356750042 3
-0.7434498926484927 0.9437398641944833 0.9437398641944833 2.964640321400239 -2.9107141737945055 0.4984711680375058 -2.4137638980928267 0.4909546074091046 0.4909546074091046 0.4909546074091046 3
-0.6617723814669898 -1.500049004423224 -1.500049004423224 -0.583754987175857 2.602658049415483 0.7599008977917583 -1.717723853193637 -2.367537596033754 -2.367537596033754 -2.367537596033754 2
1.8450131917558483 -2.0576404907174624 -2.0576404907174624 -0.590369028940351 1.1924257770852542 -1.025188595018513 0.3571318348636199 -0.5621458692693329 -0.5621458692693329 -0.5621458692693329 2
0.9827819152847912 -1.773710091625967 -1.773710091625967 -0.5809646162839015 1.4381350409419704 -0.6398093182347361 0.08438080523149172 -0.885245574092026 -0.885245574092026 -0.885245574092026 1
-1.2497230347583832 -1.2415488741136014 -1.2415488741136014 -0.36723109839942 2.560231129965636 1.0750029625782784 -2.115419447293516 -2.5556374251076504 -2.5556374251076504 -2.5556374251076504 2
2.0824030382163317 -0.1663721213962418 -0.1663721213962418 -1.1689113148738233 -0.3990791632720565 -1.4302819343486244 2.787368134196537 1.636488535428608 1.636488535428608 1.636488535428608 1
-0.9147282890148236 0.820186103489434 0.820186103489434 -1.518032629631624 1.252445209810714 0.629245749155464 0.9462695435211258 -0.17793311432858092 -0.17793311432858092 -0.17793311432858092 0
-1.737750539683023 1.4238688093587633 1.4238688093587633 2.2994902169661704 -2.1407051605198557 1.0036465662950023 -2.174558336788551 0.15128191750763248 0.15128191750763248 0.15128191750763248 2
-1.7069175075741319 0.5045158564251344 0.5045158564251344 1.537482786259978 -1.8001924922068693 -0.8123604724150154 0.8193241506279345 0.8754460156488567 0.8754460156488567 0.8754460156488567 3
1.2367052720355298 -1.1342191468352016 -1.1342191468352016 0.5549693412258339 -0.16099244579056426 -0.5364920845739076 -0.6092153803059288 -0.19888249740162173 -0.19888249740162173 -0.19888249740162173 0
2.1861804469467025 0.21863518399756487 0.21863518399756487 -2.0378416698466886 1.0998404830205857 0.3258659197225094 0.8094084536914402 0.354262286582707 0.354262286582707 0.354262286582707 1
-1.0775801707950698 1.0128836784524704 1.0128836784524704 -3.2685475150530308 3.1792750169523862 1.4489032611111476 1.16503742346188 -0.9383892403793549 -0.9383892403793549 -0.9383892403793549 0
1.3070767875156477 1.5360298073020964 1.5360298073020964 -1.6042335571883723 -1.059182144641693 -0.961036379857532 3.717638179283982 2.581221458083006 2.581221458083006 2.581221458083006 3
3.1503834187086923 -1.9403902372480346 -1.9403902372480346 -0.9368654246489326 0.9754972883369405 -1.0274426937896877 0.45485942692324044 -0.10905721238554293 -0.10905721238554293 -0.10905721238554293 2
-1.1386515014407363 1.7493852736678472 1.7493852736678472 -0.2661536496368437 -0.33787200347847357 1.0895848706866547 -0.1342564657989871 0.33435690103937543 0.33435690103937543 0.33435690103937543 2
-1.3298728098335386 -1.5281453414430317 -1.5281453414430317 2.274683479645493 -0.9756409276545795 -1.2883585374598896 -0.4949737496669395 -0.46590289461903217 -0.46590289461903217 -0.46590289461903217 1
-1.0812340893112702 -1.2670268300633292 -1.2670268300633292 2.448692417450287 -1.247363017780444 -0.9765169936812446 -1.0235801005541196 -0.41606916305466485 -0.41606916305466485 -0.41606916305466485 1
-0.8883994996903791 1.580820246103834 1.580820246103834 -0.28058094663725325 -1.2707992820654455 -0.49937775222270486 2.359614594226661 1.6954006388496385 1.6954006388496385 1.6954006388496385 0
-1.7222247328075038 1.4468125514098888 1.4468125514098888 -3.087978395081348 3.6549432602285923 2.745061347327873 -0.7059316240726157 -1.8747410348459503 -1.8747410348459503 -1.8747410348459503 0
-0.19498468388464252 0.04638538484165955 0.04638538484165955 0.1674882181637166 -0.5146950826826738 -0.5995730733638459 0.9383087481822421 0.5519647747502165 0.5519647747502165 0.5519647747502165 3
-0.556373408411839 0.49906030367423004 0.49906030367423004 2.77480131660339 -3.294332307055877 -0.9051431462695411 -0.2690560083748077 1.3853668142209454 1.3853668142209454 1.3853668142209454 0
2.338829258514494 -0.252594318088472 -0.252594318088472 1.2272586398533303 -2.1778391588885544 -0.9471267859366008 -0.07348836495071098 1.3890415935328821 1.3890415935328821 1.3890415935328821 0
0.7786548824484842 -0.8034834028125386 -0.8034834028125386 -2.755183724691713 3.318091088112667 0.6367639243990578 0.44056929749554274 -1.3669848129066065 -1.3669848129066065 -1.3669848129066065 1
0.43934839109903945 -1.6578791003983377 -1.6578791003983377 -0.24107793199741465 0.8213266209563914 -1.2333874690337276 0.9939689861715277 -0.35588962998725737 -0.35588962998725737 -0.35588962998725737 1
-2.4821923072328618 -0.7644804078454834 -0.7644804078454834 2.4879653841044482 -2.154940239691275 -2.2859053844897548 1.7742947929398638 0.8704364573716432 0.8704364573716432 0.8704364573716432 3
0.5908179008732835 0.6313572318649432 0.6313572318649432 0.9405430247768827 -1.8852210817352788 -0.4531603550884559 0.3184140146164701 1.265836034695296 1.265836034695296 1.265836034695296 3
-1.3319468460122101 1.334725061228844 1.334725061228844 -0.8571466583616522 0.5916536819473303 1.0390881576554936 0.17596898266025685 -0.12143756084167902 -0.12143756084167902 -0.12143756084167902 0
0.30189299129957536 2.599405659149544 2.599405659149544 -1.4172678654323818 -0.27002692531942507 1.5643111214219674 0.3078775938982129 1.022237771651489 1.022237771651489 1.022237771651489 3
0.4990663912487352 0.8392547352493489 0.8392547352493489 -0.7260274367020121 -0.09436367600111317 0.3256249891234346 0.533489939644576 0.584537103776069 0.584537103776069 0.584537103776069 3
0.6474284408259969 1.7199269938097537 1.7199269938097537 -0.6377144750557114 -1.6154904233238274 -0.5707724998753018 2.5492519640526883 2.296763530927482 2.296763530927482 2.296763530927482 3
0.7532481234180386 3.353755331154697 3.353755331154697 -3.4478407692706754 1.9180064833876593 3.5197681506949703 -0.8732271762435808 -0.08974632285788053 -0.08974632285788053 -0.08974632285788053 3
-1.137820036924854 -1.946170511652712 -1.946170511652712 0.6903943248049935 0.2140345962321123 -2.0972875179831725 1.8039552775678664 -0.20742481134777696 -0.20742481134777696 -0.20742481134777696 1
0.10964459022358364 1.3959454012135775 1.3959454012135775 -2.0158742571256636 0.43989868935250964 0.02389038684285962 2.554922893950004 1.173400981483027 1.173400981483027 1.173400981483027 3
0.21530094334161098 -0.18474428637653606 -0.18474428637653606 0.047648160555124906 0.4015749694234969 0.5252382187617417 -1.0902434090705524 -0.592347150616086 -0.592347150616086 -0.592347150616086 2
0.2126703386515585 -0.700215542312681 -0.700215542312681 2.9797464380445198 -1.8085737165165043 0.31856110994732106 -3.4828441948258226 -0.6472646409873457 -0.6472646409873457 -0.6472646409873457 1
-1.999130127710017 2.8488578891777014 2.8488578891777014 -0.297971281418253 -0.45814619229630815 2.0302271385975303 -0.7255797180782873 0.2812260190892967 0.2812260190892967 0.2812260190892967 2
0.47125016275078146 -2.761731386340605 -2.761731386340605 0.6738093494323861 0.9684063186269801 -1.3459806028800538 -0.344375120508396 -1.2225904103788419 -1.2225904103788419 -1.2225904103788419 1
0.5168104652339156 1.889044945119006 1.889044945119006 -2.4904857091026686 0.5216023378284669 0.4183142756613114 2.544680744041154 1.3591647815316055 1.3591647815316055 1.3591647815316055 3
1.888241841828771 -1.1552340288875986 -1.1552340288875986 1.3946807516968671 -1.3891153427700254 -1.0194625121633747 -0.6321943011032503 0.47819411945330736 0.47819411945330736 0.47819411945330736 0
0.07065435696332134 2.5409979798597266 2.5409979798597266 -0.7669698358974935 -1.3286934731958278 0.6052061750605123 1.3889724969980657 1.8336414870050286 1.8336414870050286 1.8336414870050286 3
-0.6826016821328305 0.28412543334302676 0.28412543334302676 2.2535179942309687 -2.059634238371819 -0.06673879417500614 -1.3722175986888179 0.33279634117394213 0.33279634117394213 0.33279634117394213 2
-0.8626589062025907 0.12697393008794378 0.12697393008794378 1.2655650205784856 -1.213748693987231 -0.405858257477011 -0.07971373748156974 0.35730602016498325 0.35730602016498325 0.35730602016498325 3
1.301581840570591 -3.196663855043332 -3.196663855043332 -1.1863181216108047 2.9376651567725363 -1.0331446381535585 0.1615192032498538 -1.849534466354441 -1.849534466354441 -1.849534466354441 2
-3.5343555281643475 3.9664551444224165 3.9664551444224165 1.047193511367313 -1.3213318199032669 3.3803470738134487 -2.9636177570694775 -0.2018539476282265 -0.2018539476282265 -0.2018539476282265 2
-0.5089812972680288 0.5254258042411271 0.5254258042411271 1.528227138530172 -1.81404860226022 -0.23444966605140868 -0.3704402542780961 0.7042435283936236 0.7042435283936236 0.7042435283936236 0
-0.49374863527329715 2.1453608582352217 2.1453608582352217 -1.2361170108124568 -0.3641431341732604 0.621222925515476 1.5794806672700392 1.2409153567626867 1.2409153567626867 1.2409153567626867 3
0.23869277696095836 0.5687880675014576 0.5687880675014576 -1.243590938223664 0.1674518562096674 -0.48575781408404123 2.1701220342948133 0.949920641620548 0.949920641620548 0.949920641620548 3
1.3835384235469943 -2.4641607779911716 -2.4641607779911716 -0.8558935179431612 2.5452403961539725 -0.09691826832913844 -1.1691771393341126 -1.9530762084719615 -1.9530762084719615 -1.9530762084719615 2
-1.7205479540952888 -1.319968458826923 -1.319968458826923 0.9987944172151713 0.06341079600892197 -1.2920346837074614 0.7719110716047021 -0.4824097751178031 -0.4824097751178031 -0.4824097751178031 1
-0.19551167191535912 -1.7123991593597432 -1.7123991593597432 1.7460525814545864 -0.36558824913013144 -0.7725843814219926 -1.2920336721269727 -0.8389758376625414 -0.8389758376625414 -0.8389758376625414 1
-1.7995303171214958 1.5565521404718212 1.5565521404718212 1.8155493697467686 -1.668946238276269 1.2422879803266111 -2.0746952848185107 0.0013318854833799547 0.0013318854833799547 0.0013318854833799547 2
2.614039752401876 -1.7086873368521893 -1.7086873368521893 -0.9825781000629433 1.5936471077936782 -0.05599070465620225 -0.8557967923489198 -0.9308369531582666 -0.9308369531582666 -0.9308369531582666 1
-0.22531505460712886 0.03376949294259446 0.03376949294259446 0.004927138898131863 -0.6803839858705518 -1.1096091689527823 1.9188136648372547 0.9838546804983429 0.9838546804983429 0.9838546804983429 0
-2.7436609356392165 -0.002401270195014349 -0.002401270195014349 2.936191913976365 -2.1412236662588855 -0.6841504674919081 -0.6711612500431289 0.09976084037218341 0.09976084037218341 0.09976084037218341 1
0.6179426982476022 2.4809701891652867 2.4809701891652867 -2.2055539054380717 0.3049952752948395 1.3720074336750552 1.1185220939524536 1.1065963558227994 1.1065963558227994 1.1065963558227994 3
1.6308274448429214 -2.249949727599133 -2.249949727599133 -0.7106873320235809 1.9789701692412316 -0.34947376216273524 -0.7650195418524598 -1.4348740156676192 -1.4348740156676192 -1.4348740156676192 2
-1.479227960089565 -0.27985545972334624 -0.27985545972334624 0.9096107554803656 -1.0546241168534 -1.5277936252558282 1.9217970890103633 0.7894119770545229 0.7894119770545229 0.7894119770545229 3
1.0983028833564579 -1.100001017630493 -1.100001017630493 -0.6590346677233906 1.4180785855912683 0.2526734226608144 -0.89088446418724 -1.0304735793196038 -1.0304735793196038 -1.0304735793196038 0
1.1205340128067598 0.37950616493287426 0.37950616493287426 0.39706293457532077 -2.1710261741109855 -1.7387063703701333 2.6177439519583263 2.303382008198927 2.303382008198927 2.303382008198927 3
0.1875923294068247 -0.07671723426688537 -0.07671723426688537 -1.1630341069822028 -0.0774709866496357 -1.7139770650275856 3.710488949588905 1.4475557633398282 1.4475557633398282 1.4475557633398282 0
-1.9909428472803017 2.339045841246003 2.339045841246003 -2.08067343804441 1.799094399595607 2.3872603580024925 -0.2393548715374867 -0.683208786796031 -0.683208786796031 -0.683208786796031 0
-0.504597263956265 -2.5033477487571147 -2.5033477487571147 1.685578982762226 -0.35181751904695346 -2.125673582976232 0.5216295807752571 -0.45123221541156333 -0.45123221541156333 -0.45123221541156333 1
-0.8471731868242385 -0.10230106907827263 -0.10230106907827263 0.4424858051751655 0.2467983457674756 0.4226106499895085 -0.9612462845726965 -0.6856817538274579 -0.6856817538274579 -0.6856817538274579 0
1.2877023514424069 1.6969164918881794 1.6969164918881794 -1.9560470656732587 0.2789861430243954 0.8620259008222965 1.0764720959995298 1.0326384667592765 1.0326384667592765 1.0326384667592765 3
-0.28831469096153084 0.5875121194163383 0.5875121194163383 -0.24825145572127277 -0.11894666649033536 0.18810867319267305 0.36101393522598024 0.2878835208488883 0.2878835208488883 0.2878835208488883 2
0.6303121936273375 -0.23936364467124782 -0.23936364467124782 0.1499643385610372 0.46293829753915483 0.8815584752223019 -1.892150936211102 -0.8446295143254668 -0.8446295143254668 -0.8446295143254668 2
-2.7814085952215164 1.1416863832193684 1.1416863832193684 2.26837149035814 -2.4363161320232303 -0.4115422747317455 0.22955227714024018 0.8780968105741078 0.8780968105741078 0.8780968105741078 3
0.09539195306962012 -0.10413542017960808 -0.10413542017960808 2.956074409828415 -3.2902046512254333 -1.2082057378332178 -0.46997867543160754 1.2844318642684638 1.2844318642684638 1.2844318642684638 3
-1.0983727817223359 -1.3469841063497636 -1.3469841063497636 4.167268004625628 -2.2484462096293427 -0.3276240842566356 -3.551529142201304 -0.944120389202065 -0.944120389202065 -0.944120389202065 1
-0.9637535499125607 0.9892567571988508 0.9892567571988508 0.8519947977681877 -0.7207182316460568 0.9958312913737872 -1.4556493620218731 -0.1628054047417684 -0.1628054047417684 -0.1628054047417684 2
0.9030323656579176 -0.1916616705968619 -0.1916616705968619 1.512357293301354 -2.017535559216739 -0.9217784465829415 -0.007417639916349472 1.0433706675425412 1.0433706675425412 1.0433706675425412 3
1.0772543992926478 -1.1344163700476326 -1.1344163700476326 1.2866261911409256 -0.8048801434665636 -0.6229952042321024 -1.0245511731273957 -0.10250191475124215 -0.10250191475124215 -0.10250191475124215 0
0.8452792848912438 1.0718714484610878 1.0718714484610878 -0.17067449525873088 -1.2217244169014396 -0.16776314557435407 1.000140760878723 1.403519258521782 1.403519258521782 1.403519258521782 3
-2.3131179818100085 2.4448509430701844 2.4448509430701844 -1.2501305643265692 1.3646279866606204 2.83361338811997 -1.5160008793308144 -1.0100963723040208 -1.0100963723040208 -1.0100963723040208 0
-0.13352357962600214 0.1669596863423921 0.1669596863423921 0.4089018351427817 0.2698645874631762 1.1484458800932937 -2.103108037276968 -0.8931331074238995 -0.8931331074238995 -0.8931331074238995 2
-0.7168170901843023 -1.8596262303806506 -1.8596262303806506 -0.69125122471808 3.3513506257001753 1.2299051284933877 -2.657683254262329 -3.1662840237251837 -3.1662840237251837 -3.1662840237251837 2
0.4427986583355348 -1.7700641439069686 -1.7700641439069686 -0.5323266904925323 1.3181035808072963 -1.017171362936392 0.7889940135363047 -0.684899222685771 -0.684899222685771 -0.684899222685771 1
-0.5641089360614016 1.9700879413773733 1.9700879413773733 -1.713698694041335 -0.06837386579776272 0.14641097335598838 2.6497874949621467 1.4466863412397355 1.4466863412397355 1.4466863412397355 3
-1.4802135422993354 1.883284082261961 1.883284082261961 -1.8856894213727655 1.3539425620728807 1.5501576007197309 0.5733210601639962 -0.19327167790316163 -0.19327167790316163 -0.19327167790316163 0
-1.316540593799623 0.7883750879264009 0.7883750879264009 -1.9332562445317738 2.456804831586841 1.6948138054151616 -0.4359580897094013 -1.3316334489383188 -1.3316334489383188 -1.3316334489383188 0
1.5025274938972817 -0.05937266665766461 -0.05937266665766461 0.23511071052648153 -1.51074416892293 -1.381894859904237 1.7647233701168474 1.6509037021467206 1.6509037021467206 1.6509037021467206 3
0.8134596239871782 -0.466164016009908 -0.466164016009908 0.6648591069068861 -0.5618649223441675 -0.25027212176097935 -0.6173589323504663 0.06888890263915712 0.06888890263915712 0.06888890263915712 0
-0.18116493195539052 0.373830438810821 0.373830438810821 1.3459321502042476 -1.7074316695062899 -0.37553464741039516 -0.1618774900323221 0.7650731653868699 0.7650731653868699 0.7650731653868699 2
-2.4215514034406143 0.48606058797494733 0.48606058797494733 1.7392511112065665 -1.2947347593894494 -0.12874188611276463 -0.35092455860406435 0.04820493972560445 0.04820493972560445 0.04820493972560445 1
0.458879236429535 -1.3961803778175237 -1.3961803778175237 -0.06170411039811445 0.9896658735448325 -0.3419325043924561 -0.4589557107786125 -0.8997232571222602 -0.8997232571222602 -0.8997232571222602 2
0.5764611914747353 2.640275734819888 2.640275734819888 -3.759050738976112 1.003234218012774 0.5628096581731509 3.848494775491995 1.854753476678216 1.854753476678216 1.854753476678216 3
-2.5175935895748935 -0.1652924131056055 -0.1652924131056055 3.7348640940865825 -2.4152180497576317 -0.15384809160969445 -2.36486204894499 -0.4091434350414859 -0.4091434350414859 -0.4091434350414859 1
0.9437786182393479 0.2294243992002265 0.2294243992002265 0.23065623169343394 -0.7559103448329942 -0.07094184856329326 -0.10123233425347689 0.5705246315763244 0.5705246315763244 0.5705246315763244 0
0.038754840895603326 -1.1176247111528976 -1.1176247111528976 2.360262872134923 -1.3860021256948982 -0.5516131697227503 -1.7870400008348852 -0.3530972646901866 -0.3530972646901866 -0.3530972646901866 2
2.8032360473498725 0.15742204252472802 0.15742204252472802 -2.690540558616031 1.5154575648352027 0.29857245154483114 1.2130283467989789 0.4390232465756658 0.4390232465756658 0.4390232465756658 3
-2.3034693962810726 2.672238814143144 2.672238814143144 1.362322510698228 -1.8681650787115265 1.6866673279057653 -1.5583753812139425 0.4821681342649321 0.4821681342649321 0.4821681342649321 2
2.279670131128249 -0.6868723246567461 -0.6868723246567461 2.11217931865168 -2.8146246447565204 -1.3935030614085508 -0.3391013719538726 1.4403293471173508 1.4403293471173508 1.4403293471173508 0
1.0747518957509667 -0.8517233891026146 -0.8517233891026146 -1.007389106836886 0.7475693672952621 -0.9119153103143269 1.5155282320768797 0.23579141768034284 0.23579141768034284 0.23579141768034284 2
-0.43835597514317315 0.02433083852618312 0.02433083852618312 -1.2900246504872936 2.0149009168879353 1.202542310462596 -0.85531487673647 -1.3102033999678315 -1.3102033999678315 -1.3102033999678315 0
1.8602601973701813 -1.3223659714314933 -1.3223659714314933 -0.36805505009459116 0.43268526676475405 -0.8335757965681413 0.37283367488344465 -0.01017384493951775 -0.01017384493951775 -0.01017384493951775 2
1.8727613659221123 1.3799495009482463 1.3799495009482463 -2.5346423018824282 0.20333675528226447 -0.21216452027044233 2.9940195729783468 1.8271904360575948 1.8271904360575948 1.8271904360575948 3
1.6942600122456057 0.5971273636650037 0.5971273636650037 -1.1865871867084596 0.18031572675529395 0.35912613826436784 0.4330688219992096 0.6200527801346977 0.6200527801346977 0.6200527801346977 3
1.849653369638983 -1.1891939094505721 -1.1891939094505721 1.1967662172972997 -0.9637364565359269 -0.6951234270383917 -1.0293970394551926 0.12130470514883472 0.12130470514883472 0.12130470514883472 0
1.0648386108293866 -1.4273130561476184 -1.4273130561476184 2.8618209233713046 -2.339744346806859 -1.3016308542393176 -1.3713045396097907 0.36864581854614425 0.36864581854614425 0.36864581854614425 0
-0.7632552801151173 -0.2889182313739008 -0.2889182313739008 -0.00489302044776135 -0.5464391755361153 -1.642427233952663 2.699630925562444 1.0095302815674252 1.0095302815674252 1.0095302815674252 1
-0.8840488431934566 -0.271611373353589 -0.271611373353589 -0.418629842130264 0.5169494689623411 -0.586152746467609 1.308381768016833 -0.009221948256103096 -0.009221948256103096 -0.009221948256103096 1
1.1628746786234843 -0.7548372262744194 -0.7548372262744194 -0.1919664085809039 0.9627694828280663 0.7083183502811031 -1.799615433811459 -1.0586039415640855 -1.0586039415640855 -1.0586039415640855 2
0.008392760120066178 -1.1663093087256038 -1.1663093087256038 -1.5399130078027006 2.15886574473232 -0.4152079655985749 1.115617437374216 -0.8659659355708208 -0.8659659355708208 -0.8659659355708208 0
2.0216914363938563 -0.4624596277967058 -0.4624596277967058 -0.8160609031574717 -0.00680918822383858 -0.8012866443885569 1.2551382825388901 0.790834276950296 0.790834276950296 0.790834276950296 1
0.806397183429538 -1.4977472142110484 -1.4977472142110484 0.998604661161055 -0.5593686051205631 -1.2882426327519187 0.11886182653129618 0.05698211268454316 0.05698211268454316 0.05698211268454316 2
-0.8821403762785479 -0.18657359756188296 -0.18657359756188296 0.7118875713250918 -1.008331123427843 -1.2988711878183212 1.6423407042763833 0.82098688138836 0.82098688138836 0.82098688138836 3
1.4217729213134715 -1.597995660743008 -1.597995660743008 0.4150054727208422 0.4190682273795028 -0.40598163407394583 -1.0791658704736031 -0.7219474837953321 -0.7219474837953321 -0.7219474837953321 0
0.16831770709491822 -1.5580418775224456 -1.5580418775224456 1.3458765439741234 0.06552512963952961 -0.24564980871806533 -1.8138414760265817 -1.1045547019619413 -1.1045547019619413 -1.1045547019619413 0
-1.2598055267333146 1.998652795874684 1.998652795874684 -0.6434625695281101 -0.11008367469514735 1.23358440553062 0.13176601809560218 0.37491228308686403 0.37491228308686403 0.37491228308686403 2
1.0140038622588734 0.5992986965969369 0.5992986965969369 -2.876510303651121 2.434593502080909 1.2423669381005467 0.46895550788624385 -0.5217788471311471 -0.5217788471311471 -0.5217788471311471 1
1.5933414011925944 2.607251752118372 2.607251752118372 -3.91916261576357 2.025788109615655 2.378750414577016 0.7133246667458875 0.4358265445150022 0.4358265445150022 0.4358265445150022 3
-0.36871519335021996 3.1040865807504145 3.1040865807504145 -1.969677206985487 -0.4102362282540869 1.0024861250363337 2.1876594295535914 1.7827585429382877 1.7827585429382877 1.7827585429382877 3
-1.2394309697546453 1.1933273523862657 1.1933273523862657 1.1856512236281405 -1.29170840877839 0.7223961255717929 -1.0684853510663561 0.23329589150121136 0.23329589150121136 0.23329589150121136 2
1.4265825240293413 1.8127353619324373 1.8127353619324373 -2.2927313883194347 -0.16326851593985114 -0.04507918791033437 2.9165917495457805 1.9834701235361905 1.9834701235361905 1.9834701235361905 3
0.40801830857065124 -0.4093853342171614 -0.4093853342171614 -0.8578930878329929 0.9354111724534937 -0.10296513809959963 0.4936038990309446 -0.25586683927294146 -0.25586683927294146 -0.25586683927294146 1
-1.4203968445153612 1.6165042576954407 1.6165042576954407 0.4920230175371236 -1.3700451963191334 0.18548669079970553 0.7255187633891522 1.019120002698262 1.019120002698262 1.019120002698262 3
-0.4663569242878619 -0.3196795583780827 -0.3196795583780827 -1.6002648625574052 2.064669067406747 0.3493625950679658 0.5833608238479695 -0.8937335810370115 -0.8937335810370115 -0.8937335810370115 0
0.919973802374757 -0.029107686645759245 -0.029107686645759245 0.18097047579469508 -0.11063606922294822 0.4779747842650668 -1.1549048748551083 -0.18989766685503276 -0.18989766685503276 -0.18989766685503276 2
0.29199863981313445 -2.0575421351672842 -2.0575421351672842 -0.5082487970476776 1.9908246930243778 -0.42932000580422364 -0.3836329822304143 -1.5381759787547449 -1.5381759787547449 -1.5381759787547449 2
0.6443930228207941 -0.7339458131109102 -0.7339458131109102 -1.0589759564352492 0.6670439869891998 -1.1455306387984443 2.1192277866098785 0.43632989972836056 0.43632989972836056 0.43632989972836056 3
0.9817432194641242 -1.9771134495287592 -1.9771134495287592 -0.6742473976039863 1.617058651064841 -0.7827697683341521 0.2552961873420745 -0.9574987741072175 -0.9574987741072175 -0.9574987741072175 2
1.6825620461511819 -1.1820503248375318 -1.1820503248375318 1.465075844382968 -1.3431476331012222 -0.9914849304197578 -0.7123887073294058 0.3749068786252482 0.3749068786252482 0.3749068786252482 0
-0.38364129555413107 -1.1818108625599972 -1.1818108625599972 1.5430498561937138 -0.4751883396251265 -0.5423088554124423 -1.0988970903986275 -0.6120138942876111 -0.6120138942876111 -0.6120138942876111 3
2.3297173662869226 0.3164637838372897 0.3164637838372897 0.21285893779364087 -1.2898357832833924 -0.12467941426285206 -0.22168406497930193 1.0925666214042407 1.0925666214042407 1.0925666214042407 2
-1.833414547495253 1.937442198869586 1.937442198869586 -1.1957409564805135 1.0748098991902777 1.957565585459751 -0.5544871039247758 -0.5547474297763603 -0.5547474297763603 -0.5547474297763603 0
-1.147234549558121 -1.9434268321040569 -1.9434268321040569 1.8397128897151602 -0.5342252272288793 -1.7033543947197778 0.21941600664179584 -0.46957140643210576 -0.46957140643210576 -0.46957140643210576 1
-1.787185001468646 1.867149225134659 1.867149225134659 1.154062136947026 -1.1040471746528608 1.6781373418258416 -2.050054388359132 -0.15287066801973953 -0.15287066801973953 -0.15287066801973953 2
-1.5563460929966708 -0.018802689929312777 -0.018802689929312777 -0.34252848253107016 0.3209673526400274 -0.7485270516013667 1.8349364238580073 0.19807013492557926 0.19807013492557926 0.19807013492557926 1
-0.928241579211917 0.17654414022848475 0.17654414022848475 2.6314532048449473 -2.2477072448000515 -0.12172645720294073 -1.611695339687262 0.2430353339093502 0.2430353339093502 0.2430353339093502 2
-2.945232918123054 -0.16476688341032142 -0.16476688341032142 2.245770980821917 -1.4943892872863256 -0.9474030910100605 0.2544946745908887 0.06923113918170849 0.06923113918170849 0.06923113918170849 1
-1.8145421417837237 -1.5041623583663721 -1.5041623583663721 2.7704244050294475 -1.1214884045046147 -1.0444253658339435 -1.1867491574058495 -0.7604546563935893 -0.7604546563935893 -0.7604546563935893 1
-1.8937014819639224 2.0816567818431237 2.0816567818431237 -3.1015416643548983 3.1644713758234344 2.7994714867264956 -0.3024800668293113 -1.3662778298207 -1.3662778298207 -1.3662778298207 0
0.35718677829756507 2.8622759401795608 2.8622759401795608 -1.4666767504483744 -0.03145232530193687 2.274162086156702 -0.6631393418519957 0.6361548849073959 0.6361548849073959 0.6361548849073959 3
-2.108632972353614 2.0658490860842686 2.0658490860842686 1.1248749396305873 -1.274062426172122 1.5057704101846536 -1.5321267953467756 0.1017750820338328 0.1017750820338328 0.1017750820338328 2
-2.2800909634706406 -0.5983237551134144 -0.5983237551134144 2.8771251769091575 -2.0090298711014025 -1.194674829796706 -0.2871283364883419 0.12187898815136673 0.12187898815136673 0.12187898815136673 3
1.5222681472158173 0.11486456809701884 0.11486456809701884 -2.1266804791227405 1.3344601510798402 0.09735356029540183 1.3266349113889584 0.26895025009911244 0.26895025009911244 0.26895025009911244 1
2.2707030863903572 -0.5127621130055071 -0.5127621130055071 -0.8139556385938516 0.5407002447446214 0.09930598004345405 -0.3369738594285403 -0.010425046631465606 -0.010425046631465606 -0.010425046631465606 0
0.8738035034958513 0.7976148055135628 0.7976148055135628 0.18445507099494995 -1.5121373417111905 -0.5200233326042458 1.101252136218949 1.5014529579098201 1.5014529579098201 1.5014529579098201 3
-1.3083011887291622 1.7803409613863235 1.7803409613863235 0.5535883751083538 -0.9484819727772416 1.213975737535218 -0.9489270409415365 0.27235066000609537 0.27235066000609537 0.27235066000609537 2
-1.0024636333015873 0.8455491998535036 0.8455491998535036 1.0075285334699988 -0.9653004382284123 0.6004714777724213 -1.0149612808583812 0.06350937594466806 0.06350937594466806 0.06350937594466806 2
1.4969320138608415 -1.2485308699329747 -1.2485308699329747 0.40621808960712585 0.03684939046837532 -0.46960645784793553 -0.7347694203972832 -0.30874829521714625 -0.30874829521714625 -0.30874829521714625 0
0.2411094961647514 -0.8781109686470887 -0.8781109686470887 -0.2708151462442807 0.8750861586673488 -0.1601270209620401 -0.18266865916065633 -0.6493081361996098 -0.6493081361996098 -0.6493081361996098 2
2.784245550717996 -1.2014235142887268 -1.2014235142887268 -0.5955275798294128 -0.4681210472763364 -1.9156761596016527 2.2582712490232826 1.336457850842136 1.336457850842136 1.336457850842136 3
-1.544929365618593 1.1937557304719006 1.1937557304719006 -1.8847761260327598 2.3280832258769983 2.035369086198116 -0.710624289710337 -1.3152757880797201 -1.3152757880797201 -1.3152757880797201 0
-0.5183349541378834 -0.6168635549287534 -0.6168635549287534 2.2375966049136573 -1.3573514968167844 -0.22036471610077926 -1.77244494267743 -0.34428276047601974 -0.34428276047601974 -0.34428276047601974 1
0.4127940117453617 1.2154082323726902 1.2154082323726902 0.4254166262632957 -1.5216948298449977 0.17089201740902268 0.14254551371064617 1.1600954471457452 1.1600954471457452 1.1600954471457452 3
-0.8748756209554998 -1.940285739293751 -1.940285739293751 3.319145049090304 -1.6202222626681053 -1.2492489994216633 -1.7907793586614078 -0.6786677594704299 -0.6786677594704299 -0.6786677594704299 1
-0.8207741907870435 1.4468111061978541 1.4468111061978541 0.28707118173405843 -0.8670204780569832 0.7346297668443464 -0.26875704018299473 0.5062083715066215 0.5062083715066215 0.5062083715066215 2
-0.6245050623306483 0.748675184969531 0.748675184969531 0.1777410348068927 -1.1923505619169297 -0.8312373156468416 1.9009067302545528 1.3158149825525207 1.3158149825525207 1.3158149825525207 0
1.1917033744019083 -0.43434976873641884 -0.43434976873641884 1.2277500503535885 -1.1668749049562568 -0.19751304754462226 -1.2168885686155924 0.20588973276954856 0.20588973276954856 0.20588973276954856 3
-0.24909963012119762 -1.908870125126352 -1.908870125126352 -0.4496127369842968 1.986705463511543 -0.40436164065282615 -0.25623251537748193 -1.5663540152842346 -1.5663540152842346 -1.5663540152842346 2
-1.1525017173393273 0.1750864345220674 0.1750864345220674 0.7823049034210635 -1.2414577995224005 -1.1741505375186216 1.6880568775115394 0.9828882071475397 0.9828882071475397 0.9828882071475397 3
-0.9998966310762818 -1.7099060874162397 -1.7099060874162397 -0.03179032073815058 0.9427553085554748 -1.5358012444276394 1.589641481592787 -0.5174237025258083 -0.5174237025258083 -0.5174237025258083 1
-0.7237077023550555 1.108389492145542 1.108389492145542 2.738010064349686 -3.112690687243021 0.12579519281899804 -1.4959567349495373 0.9755996591236349 0.9755996591236349 0.9755996591236349 3
-0.09663686184962794 -0.10208091460905644 -0.10208091460905644 0.3769006607957032 -1.24991216933648 -1.6235687631297235 2.3532271092175545 1.3918576612166567 1.3918576612166567 1.3918576612166567 0
-0.778968137192168 0.960336948501676 0.960336948501676 -0.9372637097820773 0.11294988022232288 -0.0843354320231764 1.7381353071596317 0.6966662722141059 0.6966662722141059 0.6966662722141059 0
0.1268507987729527 2.2696415670949586 2.2696415670949586 -0.42865050182408393 -1.894497216564547 -0.17945709953295835 2.221926723701344 2.3361378892261886 2.3361378892261886 2.3361378892261886 3
0.23213145913743427 -1.7065303322280048 -1.7065303322280048 2.0394943284738645 -0.8772330811168929 -0.9531289145448603 -1.3123571843349902 -0.5225313500330108 -0.5225313500330108 -0.5225313500330108 0
-0.3668990888583743 0.6212134194506076 0.6212134194506076 -1.4504764914630583 0.32028538632066317 -0.7469857435691858 2.9357354262651736 1.0504386219627646 1.0504386219627646 1.0504386219627646 0
-2.1631593978689017 -4.831523018728678 -4.831523018728678 1.5568578958712236 2.788271852007811 -1.5963511031900395 -1.558247977482469 -3.6431545518324833 -3.6431545518324833 -3.6431545518324833 1
-0.7991992984186378 3.4965479351854305 3.4965479351854305 -0.9050527914999146 -1.0016452536991094 1.883619065699481 0.22018908725872388 1.322134038177518 1.322134038177518 1.322134038177518 3
0.8202783792129331 1.1307888120699021 1.1307888120699021 -0.2412375959772405 -0.928657371709527 0.26440551021824077 0.382511382467975 1.051646498237213 1.051646498237213 1.051646498237213 3
-2.1114025863329724 3.141101420861459 3.141101420861459 -1.4823326731786537 0.473949380427775 2.2411072540128885 0.11084883675987767 0.23537357061906547 0.23537357061906547 0.23537357061906547 2
1.471497316557086 -2.2230193202458253 -2.2230193202458253 -0.9586937533938205 1.9479832386801967 -0.771676611987466 0.19256602917323962 -1.0891405755140173 -1.0891405755140173 -1.0891405755140173 2
-0.8767792629651543 -0.8425470478219608 -0.8425470478219608 -0.1073370247380403 2.2317582354547696 1.6745654571786144 -3.122291302932728 -2.594499904330807 -2.594499904330807 -2.594499904330807 2
-1.0463300802617193 0.6050728345465715 0.6050728345465715 -1.3888819000043524 1.624390297235955 1.0064906582510886 0.08725345291177034 -0.7549545100876561 -0.7549545100876561 -0.7549545100876561 0
0.5511672502209284 1.9479449369143311 1.9479449369143311 -0.9168295393416512 -0.508613525120393 1.0514560296555169 0.2477337673454697 0.9806112542455592 0.9806112542455592 0.9806112542455592 3
-1.5639296709192958 0.36824377226893845 0.36824377226893845 1.4102504503808326 -1.0689244087914778 0.022626057693226703 -0.5972965413883367 0.010917756145624862 0.010917756145624862 0.010917756145624862 1
3.2718401668171655 -1.2022670580201527 -1.2022670580201527 -1.5270075856327268 0.5720981031276671 -1.326844707518746 1.9283490815971236 0.8552640975123749 0.8552640975123749 0.8552640975123749 1
0.5391022571693271 -2.4446134145812177 -2.4446134145812177 -0.8654456632458596 2.8379445829791017 -0.037536585973316466 -1.072536383394841 -2.2277689037160027 -2.2277689037160027 -2.2277689037160027 2
-2.030029174896865 -0.09134975912954402 -0.09134975912954402 2.4655459155841246 -1.747666502335527 -0.49244399492453167 -0.8200889379555847 0.0004985742359377806 0.0004985742359377806 0.0004985742359377806 1
1.5558318139623855 -0.5537214133057917 -0.5537214133057917 -0.1102335123037182 0.11618201604992029 -0.013242911160238924 -0.6003524596869299 -0.08836747048686928 -0.08836747048686928 -0.08836747048686928 0
-0.666423074924674 1.6886160803535168 1.6886160803535168 -0.45428296503779947 -0.7014539883807069 0.41239750467094627 1.0083332495764434 1.0126324079072062 1.0126324079072062 1.0126324079072062 3
0.5269953258965823 -1.9698206690087576 -1.9698206690087576 -1.7545582134816466 2.6645819322688444 -0.8298938306868026 1.3078181014102777 -1.1279740733101928 -1.1279740733101928 -1.1279740733101928 1
2.4465232697721317 -2.983571657139086 -2.983571657139086 -1.222772456035877 3.317348735421003 0.37041673021929616 -2.23810416225039 -2.6090476093662405 -2.6090476093662405 -2.6090476093662405 0
-0.3644373109018304 -0.7041050619457119 -0.7041050619457119 0.9609339928728278 -0.27168117841469863 -0.3150341710318671 -0.6738297381210515 -0.40679251587327003 -0.40679251587327003 -0.40679251587327003 1
-2.094815249274016 -1.2053321045921899 -1.2053321045921899 5.007540794250351 -3.1197700193025364 -0.8215549817920933 -3.1018303419687703 -0.5662831041731164 -0.5662831041731164 -0.5662831041731164 1
-0.5481726728971937 0.31109107516555834 0.31109107516555834 0.8065066464107836 -0.4415014653625434 0.5896927920682651 -1.3050089595790766 -0.32726112363761534 -0.32726112363761534 -0.32726112363761534 2
2.3300269017086155 -1.8104673571115024 -1.8104673571115024 -0.41975139215442325 0.7728475748729298 -0.8526987132108385 0.005302700559225659 -0.3318195978045662 -0.3318195978045662 -0.3318195978045662 2
-2.6468361243563447 0.3337482080114442 0.3337482080114442 1.3622005459812714 -1.0223233222501962 -0.5458018400396877 0.5897218231774988 0.18801019950425574 0.18801019950425574 0.18801019950425574 1
0.5571003241088831 -0.12352648423328927 -0.12352648423328927 2.1266071591975435 -2.8523090496905117 -1.4551996866204162 0.5051453069948959 1.551209225818339 1.551209225818339 1.551209225818339 3
0.07563218132687866 -1.663289357706929 -1.663289357706929 -0.3299644695984763 1.4199877852770575 -0.6092813991119065 0.09524789924615296 -1.042009346812626 -1.042009346812626 -1.042009346812626 2
1.554318736340852 -3.4138133115350326 -3.4138133115350326 -1.4175457429932534 3.999595832809283 0.11059873117033046 -1.7660609227767976 -3.051742346076556 -3.051742346076556 -3.051742346076556 2
-0.9202780917277386 3.9426541148861087 3.9426541148861087 -1.5684097274570878 -0.7399756879952062 1.9774145909211638 0.940542168795955 1.5726426336344022 1.5726426336344022 1.5726426336344022 3
0.5317545401138608 -2.473093082133547 -2.473093082133547 -0.7866949283589836 2.5840903758943776 -0.3695258777535806 -0.6006354032701684 -1.9467955168876376 -1.9467955168876376 -1.9467955168876376 2
0.3462396002277144 0.491039864161833 0.491039864161833 0.2633992452413699 0.3028893379498364 1.703868671047951 -2.7828917051667355 -0.9678232847126867 -0.9678232847126867 -0.9678232847126867 2
-1.8091822416008307 -2.2989301317751165 -2.2989301317751165 4.801904007496333 -2.6815973212766604 -1.8610038958984652 -2.030488051953989 -0.5996595691888239 -0.5996595691888239 -0.5996595691888239 1
-0.6578335745575079 -1.3805510178620268 -1.3805510178620268 1.708050205122496 -0.517373476625878 -0.8046764416348106 -0.8781414615800038 -0.6256414082766394 -0.6256414082766394 -0.6256414082766394 1
-1.2704864539658542 -2.091388941735941 -2.091388941735941 -0.549957695764615 2.229878279619818 -0.9225203780485263 0.7720779790061408 -1.5640441172343036 -1.5640441172343036 -1.5640441172343036 1
-0.45978904320402236 -0.9328800622632205 -0.9328800622632205 0.37888295765718033 -0.24451724619573334 -1.4374061266387106 1.5295834151040886 0.3239512396954292 0.3239512396954292 0.3239512396954292 3
0.9626927661393925 -0.42827370033261236 -0.42827370033261236 0.23937942075009702 -0.00793947083958868 0.16051861823235364 -0.9626661406435307 -0.2646973960634894 -0.2646973960634894 -0.2646973960634894 0
-2.3100705175397573 -1.2725279137703926 -1.2725279137703926 3.061148068274956 -1.8129015557925923 -1.6297533860339548 -0.17929998880186437 -0.11845798945631829 -0.11845798945631829 -0.11845798945631829 1
-0.7707329203431745 0.46840233717078783 0.46840233717078783 1.170050976612194 -1.0506014557872572 0.2558303995461007 -0.8851185377468684 0.09687373465788668 0.09687373465788668 0.09687373465788668 2
0.06748633165191453 1.1188158770276162 1.1188158770276162 1.2920966856731655 -2.6025433596765417 -0.6403267402273791 0.7981102812852199 1.785991840075543 1.785991840075543 1.785991840075543 3
0.7843260163706003 0.8441597059288606 0.8441597059288606 0.5311350591262661 -0.520290282864807 1.511846110923872 -2.5203840627376484 -0.3076910770767858 -0.3076910770767858 -0.3076910770767858 2
-3.552565620353428 4.401979372273681 4.401979372273681 -0.14461320950971995 -0.28142476940117156 4.001068951292672 -2.72370402680238 -0.4594109397332057 -0.4594109397332057 -0.4594109397332057 2
1.0794663009175602 -0.5990851744884091 -0.5990851744884091 -0.7779264854859066 0.35899542814287 -0.8370245926716392 1.3819521749848132 0.4300888489547643 0.4300888489547643 0.4300888489547643 1
-0.3507899731204882 -0.22279434594060032 -0.22279434594060032 0.2475064772826869 0.24090115838171577 0.21657320764716467 -0.6468134200670862 -0.4891961332297841 -0.4891961332297841 -0.4891961332297841 0
1.6356728143069483 -0.6861445573923223 -0.6861445573923223 1.6492329988035122 -1.886935501100351 -0.8923939816345974 -0.6673889925089646 0.7615357893671928 0.7615357893671928 0.7615357893671928 0
0.6718931605071286 -1.3882779503813651 -1.3882779503813651 -0.16126675303579538 0.9473894952967596 -0.42741767727831775 -0.27399044406037254 -0.7623755291957023 -0.7623755291957023 -0.7623755291957023 2
-0.18710983148575133 -1.0533214932366621 -1.0533214932366621 -1.4401265266629664 2.1963007590728 -0.15380344534773377 0.7184567923292768 -1.0434894338212586 -1.0434894338212586 -1.0434894338212586 1
1.3453585226445648 -0.8820518977502214 -0.8820518977502214 -0.49645509341279476 1.0396667933066188 0.3203869292382048 -1.0327971722023523 -0.8001465704783572 -0.8001465704783572 -0.8001465704783572 2
-0.7802658535452167 1.0053979061225997 1.0053979061225997 0.01752993173681676 -1.0246696803111046 -0.4927116830794408 1.6787589751586995 1.1943904754737917 1.1943904754737917 1.1943904754737917 0
-0.036404747114030966 -2.209207506651184 -2.209207506651184 -0.095379912367103 1.5216668242736588 -0.9770117697802773 0.157138866137158 -1.239958197026071 -1.239958197026071 -1.239958197026071 1
2.4228092885917105 -1.9437518875816178 -1.9437518875816178 -0.7234859680077513 0.8802402179842228 -1.2446227391454883 0.7924032563744365 -0.10077034554214344 -0.10077034554214344 -0.10077034554214344 2
-0.7343743841953465 1.904338023703639 1.904338023703639 0.027987294818145932 -1.2060730669825541 0.5607789441106047 0.5362825176687527 1.1054611430071024 1.1054611430071024 1.1054611430071024 3
-0.5241178980668042 1.9136263558172222 1.9136263558172222 -0.609322515854143 -0.6445219977622858 0.6850273270960847 0.808128595942052 1.0056586679808532 1.0056586679808532 1.0056586679808532 3
-1.003772998535495 -0.34763870816535847 -0.34763870816535847 0.7492840213968489 -0.32556021885315534 -0.4806361214738479 0.1574773718190674 -0.11257661721370966 -0.11257661721370966 -0.11257661721370966 1
-2.7309274418323866 -0.0547217021832237 -0.0547217021832237 2.4049521428260188 -1.502768039083068 -0.48193829815962014 -0.6180830128241599 -0.17700004005132564 -0.17700004005132564 -0.17700004005132564 1
-0.7161020598804908 0.5514896695393292 0.5514896695393292 1.3781280089092163 -1.388317228863615 0.16001223326517547 -0.8463074756924777 0.2972178556405887 0.2972178556405887 0.2972178556405887 0
-0.17653163129678662 0.20432842011681107 0.20432842011681107 1.1567026199888757 -1.3030835658489208 -0.2468710025319433 -0.3439869871658715 0.47029727187580483 0.47029727187580483 0.47029727187580483 2
0.9130763106657854 -1.7794936814582096 -1.7794936814582096 -0.37252482594016195 1.206379481363206 -0.7594872523010555 0.12568504584058937 -0.7832181511165147 -0.7832181511165147 -0.7832181511165147 2
-0.6437207722407516 2.4477643770030335 2.4477643770030335 -0.756605878441637 -0.8577854112954136 0.8682811278708769 1.0230084439726215 1.3031122151186103 1.3031122151186103 1.3031122151186103 3
-2.439921501202456 3.423097405686592 3.423097405686592 -2.0472762981815396 1.1556234867500677 2.7819587888327053 -0.06783616843306706 -0.1301753235987377 -0.1301753235987377 -0.1301753235987377 0
2.3376610708273393 -2.2662449065508756 -2.2662449065508756 -0.8540941649266671 1.5406639766627561 -0.9039017978659669 0.11937495710762458 -0.7562587059229022 -0.7562587059229022 -0.7562587059229022 2
1.5929953246841198 -1.8336442396613182 -1.8336442396613182 0.38245213640816855 0.11669246109803044 -1.1764304954029474 0.03185861513495192 -0.19746720058563585 -0.19746720058563585 -0.19746720058563585 0
-0.21855522041871922 0.6100562169444113 0.6100562169444113 0.016894250292745154 -1.5649142553223556 -1.6300743384105867 3.183244418182366 2.0144304613009667 2.0144304613009667 2.0144304613009667 0
2.215931968442069 -1.1759480871105927 -1.1759480871105927 -2.1466768659022484 2.515678824419286 0.3752862882319468 -0.175061649030275 -1.026923879372224 -1.026923879372224 -1.026923879372224 1
-1.0822505355671732 1.8340322923854133 1.8340322923854133 1.396339717278058 -1.6176135420819397 1.5037070397515695 -2.123877639609543 0.1945399831814224 0.1945399831814224 0.1945399831814224 3
-0.8995096753653229 0.7981090470116736 0.7981090470116736 -1.2827573102716396 0.9780860666261466 0.4974906126191122 0.9569841845905565 -0.054204663961987774 -0.054204663961987774 -0.054204663961987774 0
-3.1062644595381195 -1.4384611022295102 -1.4384611022295102 5.728863984045403 -3.4215899734998088 -1.1415195414538397 -3.1075719392008128 -0.7207141904125713 -0.7207141904125713 -0.7207141904125713 1
-0.2533467144209468 -0.4267047244760501 -0.4267047244760501 -0.639745144981054 0.7581615230833669 -0.42891593464289585 0.9853675892615086 -0.14238611283199223 -0.14238611283199223 -0.14238611283199223 1
0.9971546037975811 -0.34403792173648384 -0.34403792173648384 0.2504895147202067 -0.26595578244069085 -0.0863545395765379 -0.507188585651341 0.0523725117083993 0.0523725117083993 0.0523725117083993 0
-0.9509970053086848 -1.0045413114291635 -1.0045413114291635 0.8886012593014772 -0.5802350606273241 -1.6104788989263346 1.4565432662142717 0.3185155909367428 0.3185155909367428 0.3185155909367428 3
-1.914268762857179 1.9902240186591384 1.9902240186591384 -2.4303125178339093 2.573981664112473 2.6496891365019755 -0.6562666298492774 -1.2653427826459354 -1.2653427826459354 -1.2653427826459354 0
-1.229600282634395 1.2487035666780928 1.2487035666780928 -1.5521940543646833 1.3328746797720084 1.1738828207808307 0.43198620826569945 -0.35750836797903807 -0.35750836797903807 -0.35750836797903807 0
0.25664626308838845 -0.4120461260538898 -0.4120461260538898 -0.13477348488328247 0.9954258985629919 0.891473271204837 -1.7228464153564542 -1.1487645942649518 -1.1487645942649518 -1.1487645942649518 2
0.823492405932632 2.088413523872623 2.088413523872623 -1.6368765586419687 -0.00508282516337577 1.1933358291232825 0.6368947406733134 1.0007222081087204 1.0007222081087204 1.0007222081087204 3
1.3207010856066632 -1.265133215708845 -1.265133215708845 -1.303799767954811 1.27313114096189 -0.9753793261374827 1.5190851266684309 -0.057850446214519 -0.057850446214519 -0.057850446214519 2
1.099317688786439 -0.7267051857118165 -0.7267051857118165 -0.06504224909184855 0.520394019298717 0.20350835071185716 -1.0266620746558917 -0.5771460817588624 -0.5771460817588624 -0.5771460817588624 2
-1.8275293761711977 1.7755360974985264 1.7755360974985264 1.730786495551941 -1.5997457014474241 1.5376591985277541 -2.3388879053196607 -0.07426523967270446 -0.07426523967270446 -0.07426523967270446 2
0.9230296816309008 -3.0881725361431527 -3.0881725361431527 2.338255136061799 -0.08870654452427074 -0.9856098895230945 -2.6174739332554644 -1.5950700494598575 -1.5950700494598575 -1.5950700494598575 0
-0.09278828070230782 -0.16775852568648264 -0.16775852568648264 0.3279049324172712 -0.021454644555978786 0.12311707983312549 -0.5703060125127795 -0.271378215891712 -0.271378215891712 -0.271378215891712 2
0.7084381398035933 1.6324220246077918 1.6324220246077918 -0.8326149525566903 -0.02645397278688233 1.5341255741389932 -0.8813516255368345 0.2887371965256717 0.2887371965256717 0.2887371965256717 3
-1.7033876645578352 2.000289271621682 2.000289271621682 -1.933860958209402 1.6097368882902328 1.942472960204479 0.08597086864999504 -0.5071007136098497 -0.5071007136098497 -0.5071007136098497 0
-1.37969165675494 1.4807192573028898 1.4807192573028898 0.6185808203681828 -0.7135590145822422 1.1989614402799174 -1.173162920542154 -0.01535799689668104 -0.01535799689668104 -0.01535799689668104 2
-2.09962292100305 1.5953663914474623 1.5953663914474623 1.2609519160401204 -2.1046233089673962 -0.27393910274316907 0.9950718195714411 1.2929816317570528 1.2929816317570528 1.2929816317570528 3
1.0325149340077349 0.9976263715367616 0.9976263715367616 -0.3767101808057134 -1.3471122979813805 -0.6574794194616694 1.8935507193850638 1.8155101375898974 1.8155101375898974 1.8155101375898974 3
2.4262243954781546 -2.6916154337992193 -2.6916154337992193 1.3136798318163219 -0.12207868038947811 -1.1212650759023872 -1.5916611409879757 -0.7546630288153393 -0.7546630288153393 -0.7546630288153393 0
0.9755682342304223 1.1996598372593967 1.1996598372593967 -0.6302682565861999 -0.7121016349513962 0.24877709684929006 0.7401989318551523 1.1424806949191977 1.1424806949191977 1.1424806949191977 3
1.9165467298948387 -0.24952166645851626 -0.24952166645851626 -0.28901320091957783 -1.0243618425950387 -1.4102219893364842 2.0168703035868343 1.5668559053307023 1.5668559053307023 1.5668559053307023 3
2.9658883555944415 -1.7113571214967118 -1.7113571214967118 -0.49754523048579063 0.6740565119862363 -0.6593184957398713 -0.315827092600818 -0.24098340473963323 -0.24098340473963323 -0.24098340473963323 2
0.2972275668816242 -0.44535342973650627 -0.44535342973650627 4.034067463889461 -4.384203197640273 -1.8414941043938309 -0.5680960438842091 1.685864471464315 1.685864471464315 1.685864471464315 0
0.8756466710172903 1.314819862317946 1.314819862317946 -2.309061389327344 0.784075257040284 0.4158867454744157 1.9226147088433674 0.9284000254107929 0.9284000254107929 0.9284000254107929 3
2.6770843659751584 -1.1156162328560622 -1.1156162328560622 -0.47517772610517717 0.5054609537659692 -0.17033576993368316 -0.6703677043834825 -0.19739286715250803 -0.19739286715250803 -0.19739286715250803 2
-0.39657624559597293 -0.8846997631565676 -0.8846997631565676 -1.3989934119980776 2.4566842292866378 0.44771362977438794 -0.1568853475628389 -1.4877168099289528 -1.4877168099289528 -1.4877168099289528 0
-1.2872511567336717 0.9937446085444479 0.9937446085444479 -2.848705647617955 3.27114212058913 2.03019050668283 -0.11565414926263373 -1.511596796431206 -1.511596796431206 -1.511596796431206 0
-1.7366835113936316 -1.1748377498191065 -1.1748377498191065 2.127041411604352 -1.1246461559921201 -1.4065696420996359 0.1551688331126304 -0.14696785489295283 -0.14696785489295283 -0.14696785489295283 1
1.6718261069701532 -2.313272042517623 -2.313272042517623 -0.6847609425309791 1.2920245123945509 -1.4517658364488084 1.0011142624363012 -0.47371786541582384 -0.47371786541582384 -0.47371786541582384 1
1.45242196803872 -1.08891597135328 -1.08891597135328 -0.30388052086738176 0.5129885656932879 -0.48296365006106173 -0.015609823107087917 -0.21690822285862602 -0.21690822285862602 -0.21690822285862602 2
0.5994668736208566 -0.8138411712181695 -0.8138411712181695 2.1111956686740614 -1.7130831507057098 -0.6850816846166526 -1.2638802587073938 0.19674218485339198 0.19674218485339198 0.19674218485339198 0
1.6461708075064754 -1.043461444260603 -1.043461444260603 0.5075004534156713 -0.23356664177228192 -0.3833989994298274 -0.8468202171748965 -0.14049903823761745 -0.14049903823761745 -0.14049903823761745 0
0.1960917273755124 -2.1951827732859406 -2.1951827732859406 -0.8881185190284998 2.728158154457553 -0.044830788918216166 -0.7952287841821447 -2.08103616207685 -2.08103616207685 -2.08103616207685 2
0.12378983393187348 -0.4409233720004728 -0.4409233720004728 -0.7147370399323896 0.09752966221975734 -1.3928026330453636 2.5674442089368563 0.8254523508808885 0.8254523508808885 0.8254523508808885 0
-0.6350179867629819 2.0811962877949255 2.0811962877949255 -0.2437478394212195 -0.7319067197889931 1.232415811921089 -0.2606693907150277 0.6654340519944073 0.6654340519944073 0.6654340519944073 3
1.5277375787637288 -1.3152081383189742 -1.3152081383189742 0.5419633571072159 0.016685671919371314 -0.39852754573890237 -1.0167668782915493 -0.41729836690317623 -0.41729836690317623 -0.41729836690317623 0
1.1788119395570726 1.4576315694554376 1.4576315694554376 -1.44583602796312 0.2348544457061632 1.0855546847669457 0.14374964631956955 0.6119825488159407 0.6119825488159407 0.6119825488159407 3
1.4213503640962517 0.3397939327045084 0.3397939327045084 -0.23937515952813146 -0.8464871904937268 -0.4562772210883654 0.9020509022968358 1.1231958554322161 1.1231958554322161 1.1231958554322161 3
-0.3330960819540649 1.0369379395548397 1.0369379395548397 2.0734774532134845 -2.4814954494896453 0.29221053023551047 -1.3666456014648247 0.8085114088253839 0.8085114088253839 0.8085114088253839 3
-1.4004759092949566 1.7684376258798478 1.7684376258798478 -0.7584290406789469 0.43360398561220603 1.520686329458376 -0.3878482729717859 -0.157534521020698 -0.157534521020698 -0.157534521020698 2
2.5875532537741073 -0.8196746591403951 -0.8196746591403951 -2.5212200149758925 2.516971425643435 0.5654782135226954 -0.014582590963435171 -0.7868767188800029 -0.7868767188800029 -0.7868767188800029 1
1.701376811539712 0.5395521206085796 0.5395521206085796 -1.0126613697873663 -0.662249601766072 -0.7924642313862537 2.1726981970794794 1.6348654970979495 1.6348654970979495 1.6348654970979495 3
2.765581259287215 -0.739450445365389 -0.739450445365389 -2.5483802299965896 2.1953378693705985 0.2320279372307226 0.5839716194705011 -0.35723111234632293 -0.35723111234632293 -0.35723111234632293 1
0.8611434638027857 2.6545842039882777 2.6545842039882777 -2.4640268818855064 0.06249772989971314 1.0148283844462744 1.9964583003894316 1.6459909360973302 1.6459909360973302 1.6459909360973302 3
-2.0444741073459607 2.1160071339992177 2.1160071339992177 -1.4062140715192046 1.4878902826371319 2.4690613779896524 -1.0684375571383988 -0.9290645510148313 -0.9290645510148313 -0.9290645510148313 0
0.011554597705514258 1.6667168282842137 1.6667168282842137 -0.27398374914181334 -0.7824022067263369 0.8284220042753837 0.012419682040908708 0.8179408578429243 0.8179408578429243 0.8179408578429243 3
-0.044715322842676763 2.136382368952044 2.136382368952044 -2.0208802639284276 0.15730912130540364 0.5732586394202362 2.1960859577717793 1.335897402151105 1.335897402151105 1.335897402151105 3
2.0069339097856957 -1.6044331027391001 -1.6044331027391001 -1.7237894515785255 2.5372797919330017 0.2607071329012974 -0.5854332217408817 -1.355229514303671 -1.355229514303671 -1.355229514303671 1
0.5574592761661227 0.02237786906456629 0.02237786906456629 1.8258035959903864 -2.0314746742525127 -0.37782241123613036 -0.9470580175057717 0.6801004467183352 0.6801004467183352 0.6801004467183352 3
0.6533490145868259 -1.065202666940124 -1.065202666940124 1.1076095706520108 -0.38569180660081825 -0.32076596782702516 -1.2478399601462253 -0.4475183165709659 -0.4475183165709659 -0.4475183165709659 0
-0.5155178911477156 -0.21705688068878592 -0.21705688068878592 0.021591207486608484 1.2182765693776827 1.3555469552875614 -2.3273283363986947 -1.5910123433371035 -1.5910123433371035 -1.5910123433371035 2
-2.0710221824688135 2.54462576743411 2.54462576743411 0.4674120581629864 -0.9271694744959971 1.8640238725975369 -1.2677520471226917 0.18700947459230363 0.18700947459230363 0.18700947459230363 2
2.466537958238371 -1.4078427773205586 -1.4078427773205586 -0.8679970885248507 0.9688200690981514 -0.5074217010556532 0.04777365375575038 -0.26185352218327806 -0.26185352218327806 -0.26185352218327806 1
1.1643877199630546 -1.4772316871886397 -1.4772316871886397 -0.4539818618656948 1.4743925041572123 0.10475355693541015 -1.0897862900881257 -1.2201941876739923 -1.2201941876739923 -1.2201941876739923 2
-0.21105466024612074 1.0229724780864713 1.0229724780864713 2.0211230848894735 -3.5316942561558533 -1.3689776937726712 1.4140555285630536 2.3441900791123857 2.3441900791123857 2.3441900791123857 3
2.058295194409288 -2.0932767178135983 -2.0932767178135983 0.9596445874760253 -0.11178925396478856 -0.8988330247990772 -1.1782158140913679 -0.5192987659466347 -0.5192987659466347 -0.5192987659466347 0
-0.04004180893436249 2.8556862871519626 2.8556862871519626 -3.1835837487351664 0.45692982223479306 0.5058149909625121 3.7568191773474746 1.9882529474665376 1.9882529474665376 1.9882529474665376 3
-0.6928156198845941 0.24616977264999107 0.24616977264999107 1.281319511682269 -0.906247105892043 0.34721892781870367 -1.3006759121402083 -0.16796392083576667 -0.16796392083576667 -0.16796392083576667 2
0.26791456385056744 -1.2561538868994353 -1.2561538868994353 -0.1778923259991861 0.16448684101632483 -1.66994730669774 1.9904492906472848 0.38493152253744084 0.38493152253744084 0.38493152253744084 1
-1.586773317210033 0.6906110497862312 0.6906110497862312 1.6810986278861741 -1.4884224868260574 0.19288842634177292 -0.8687252860987833 0.18051358423599093 0.18051358423599093 0.18051358423599093 0
1.7483331622877678 -0.44857112163002844 -0.44857112163002844 0.6222291366601037 -0.7721516397395763 -0.15483757834835937 -0.9226627978115113 0.2586309038216254 0.2586309038216254 0.2586309038216254 0
-3.394340006787153 0.4255557801496749 0.4255557801496749 2.514454833737176 -2.6370933871445867 -1.72209215433974 1.8394258154703818 1.2389961331897759 1.2389961331897759 1.2389961331897759 3
-0.1877164954916427 -0.6104383505380038 -0.6104383505380038 -1.7435258798495725 2.0213801482767275 -0.19637818842552693 1.347841749187066 -0.6066369862348848 -0.6066369862348848 -0.6066369862348848 0
1.7260430865384193 -1.3768470812677216 -1.3768470812677216 -0.35500714005340767 0.9467453773962826 -0.16220747980094583 -0.7693205221597494 -0.7130266393504952 -0.7130266393504952 -0.7130266393504952 1
1.3195391405112726 0.03840537809658984 0.03840537809658984 -0.051257110095166425 -1.764110030517502 -2.11019591354631 3.3192726161116473 2.3344244277818786 2.3344244277818786 2.3344244277818786 1
-1.1224478516114942 2.8243059337166434 2.8243059337166434 -1.229519829512371 -0.2463027577529614 1.4884084564672344 0.7351482022503977 0.9210517875345076 0.9210517875345076 0.9210517875345076 2
1.2618315721983415 -0.8892698892491191 -0.8892698892491191 -0.23884504911527535 0.9067257574529273 0.41178704078466 -1.38186540664816 -0.8922159821765151 -0.8922159821765151 -0.8922159821765151 2
-1.7572438150629681 -1.4255177602244706 -1.4255177602244706 -0.4937987203996933 1.583896522077912 -1.123313066854943 1.6320755137193104 -0.8755222518178277 -0.8755222518178277 -0.8755222518178277 1
-1.7011514589590873 1.546208242150879 1.546208242150879 -1.5047660167939978 1.7389131560528832 2.068806979601574 -0.7932782784755723 -1.0200769445049245 -1.0200769445049245 -1.0200769445049245 0
-0.3964335286805777 0.7050902974035065 0.7050902974035065 -0.7445520920519448 -0.493466661932767 -0.9473335389586692 2.7638120805919923 1.3658767925616655 1.3658767925616655 1.3658767925616655 0
0.09228430701840007 -2.8183630478268222 -2.8183630478268222 3.1566844950367736 -0.9771798122746372 -1.2701257575852725 -2.4434714573580054 -1.2411492770245236 -1.2411492770245236 -1.2411492770245236 1
-0.3084343133703701 -0.008995662278397987 -0.008995662278397987 0.858115534171695 -0.47295842296175383 0.26479284375290124 -1.0796960972361576 -0.26453186259630485 -0.26453186259630485 -0.26453186259630485 2
-0.47773804113256424 -1.5265693404335452 -1.5265693404335452 0.4839359461440182 0.06471147221153417 -1.68173870608099 1.4372404533166536 -0.017080284384964423 -0.017080284384964423 -0.017080284384964423 1
1.9455540928574118 -1.189718759256363 -1.189718759256363 -0.9118299249791617 0.5093108910037918 -1.2176099503067155 1.5303293382075345 0.4456436883776894 0.4456436883776894 0.4456436883776894 1
-0.18360698092609695 -0.10709787944683247 -0.10709787944683247 1.5117492859996098 -1.3847527485174664 -0.34634815970329863 -0.6837070451587853 0.29143562814537183 0.29143562814537183 0.29143562814537183 2
-3.132477618985698 3.3681160280960123 3.3681160280960123 2.4622213364939225 -2.7891434598661693 2.3489535751945683 -2.8927351801168735 0.4026955035358186 0.4026955035358186 0.4026955035358186 2
-0.5600378058558699 0.3810659119122115 0.3810659119122115 -0.1447477213330567 -0.6778782267694465 -0.9691727390408776 2.119675849312623 1.0806825605737196 1.0806825605737196 1.0806825605737196 3
4.071218590732865 0.21227211974074156 0.21227211974074156 -2.856861427495168 1.3782962535416146 0.5556388156218137 0.6955994393516899 0.6000680788162381 0.6000680788162381 0.6000680788162381 1
1.094858127989244 -0.3201969357311385 -0.3201969357311385 -0.1742723231112071 0.6504119706283348 0.8424332861417551 -1.7171484120927527 -0.782827811290422 -0.782827811290422 -0.782827811290422 2
-1.3165497634806256 1.799824264357056 1.799824264357056 0.5792333719959045 -1.128211997320916 0.9939636464148469 -0.5869379587514427 0.4920554006023849 0.4920554006023849 0.4920554006023849 2
0.7208231832899816 -2.0751490941168287 -2.0751490941168287 0.49872390851647164 1.115800017692576 -0.24130145082084362 -1.6139138222992342 -1.5199924585377218 -1.5199924585377218 -1.5199924585377218 0
-0.40134408277351596 -1.2849188386939518 -1.2849188386939518 4.553690754647481 -2.828585419909501 -0.2766074479622381 -4.049678821734939 -0.7016735257309322 -0.7016735257309322 -0.7016735257309322 1
-1.124552574244702 1.3015049295150274 1.3015049295150274 -1.503925634189348 0.9644002865070898 0.7947908185087549 1.0413658526372334 0.07346655218842701 0.07346655218842701 0.07346655218842701 0
-0.0050397889898883275 -1.7312419615138714 -1.7312419615138714 -0.6458392181230298 2.5803135585455643 0.6261692989023342 -1.742820632997859 -2.2865563905789856 -2.2865563905789856 -2.2865563905789856 2
0.33442423990516235 -1.4500244744487887 -1.4500244744487887 -0.4103006387910604 1.7032671580566912 0.15524033209868135 -1.018987380496545 -1.4707912622359804 -1.4707912622359804 -1.4707912622359804 2
-0.19453959480864147 -1.9476112913405461 -1.9476112913405461 -0.06593517435915199 1.0737447349492288 -1.331049227286833 0.9415593919246766 -0.7078794146767865 -0.7078794146767865 -0.7078794146767865 1
3.6369762951879836 -1.3549486925936325 -1.3549486925936325 -0.6743560834474602 -0.4665972001968137 -1.8276679595605108 1.8908964410626594 1.3429019105134854 1.3429019105134854 1.3429019105134854 1
-1.0570030714196141 1.052406352004335 1.052406352004335 -1.3611537688629953 0.996000308077098 0.7100312405765872 0.8775578591637585 -0.056248133101249355 -0.056248133101249355 -0.056248133101249355 0
-3.622991801065729 -0.3955656673436788 -0.3955656673436788 4.421196064122405 -2.9982173828397753 -0.998928103743496 -1.4441894867218588 -0.11014531003139807 -0.11014531003139807 -0.11014531003139807 1
2.0193165888195166 -0.8937660692275038 -0.8937660692275038 -0.15799586007621438 -0.24530811635997218 -0.9048666238096632 0.5913227129026584 0.5281527743419124 0.5281527743419124 0.5281527743419124 2
-1.1601659175463548 0.1796009441288715 0.1796009441288715 1.0284568646336791 -1.3160996311027253 -0.9540171851205328 1.125972228128552 0.8047596067972678 0.8047596067972678 0.8047596067972678 3
0.032352504272173954 1.031767976528399 1.031767976528399 1.3278452806465002 -1.5284595391833302 0.9317365729351543 -1.9095541885746452 0.25821566036448 0.25821566036448 0.25821566036448 3
2.793186516459432 -2.424676548512195 -2.424676548512195 -1.0032274714163787 1.744294707030757 -0.7974428621220518 -0.14336638666798995 -0.8894722884540872 -0.8894722884540872 -0.8894722884540872 2
-0.7481596181248584 1.3354983942895846 1.3354983942895846 -0.7533147273806414 0.2238573628350471 0.8935758934546616 0.21489489407730056 0.18596832759398857 0.18596832759398857 0.18596832759398857 2
-1.0032831067112749 0.9510129573785917 0.9510129573785917 4.163038546953838 -3.281549397355667 1.4293540774826565 -4.8796124391533615 -0.32434641078428966 -0.32434641078428966 -0.32434641078428966 0
-1.839664687277458 2.61678735924884 2.61678735924884 -0.9155357669822152 0.461444098655039 2.3634062048810125 -0.9783442633235359 -0.25334456390765453 -0.25334456390765453 -0.25334456390765453 2
-1.9009430891247046 0.17550270567672488 0.17550270567672488 1.8036516701344998 -1.8089144193722753 -1.0351341076198284 0.7835910747994155 0.7321541620570812 0.7321541620570812 0.7321541620570812 3
1.4420176103508993 -0.9379938381306093 -0.9379938381306093 -1.24893071525836 1.1324067822811148 -0.587997437322109 1.0337023102864624 -0.059989695877785874 -0.059989695877785874 -0.059989695877785874 1
1.2485327084805915 1.899177386910436 1.899177386910436 -2.1492054300825747 0.21818407841375653 0.7794091980671544 1.5216147743795674 1.2742780941957395 1.2742780941957395 1.2742780941957395 3
1.121628237317414 -2.723300617786465 -2.723300617786465 1.9450767965589189 -0.9873886403813003 -2.2885852661454495 0.0926971059856958 -0.031774758036661875 -0.031774758036661875 -0.031774758036661875 2
-1.44744734882207 0.23428704375032738 0.23428704375032738 0.643800955565039 -1.234523605532913 -1.4085585610707394 2.294195428720215 1.1588649765601697 1.1588649765601697 1.1588649765601697 3
-1.7857315655569965 -2.3185825796215784 -2.3185825796215784 1.0495802653811312 0.38937579349784757 -2.1916917116975236 1.541622180801498 -0.629792242368251 -0.629792242368251 -0.629792242368251 1
0.8281972977153982 -2.4361326947514703 -2.4361326947514703 -0.7096416833222732 1.858528304400787 -1.1936338172925074 0.6777125442250838 -1.067572925717186 -1.067572925717186 -1.067572925717186 2
0.6754521265485847 2.860427951385979 2.860427951385979 -2.4519895659368873 0.3406029670945834 1.6697751425304346 1.0768346557559234 1.1927640466031681 1.1927640466031681 1.1927640466031681 3
-1.7563539576818847 1.8507657260115926 1.8507657260115926 1.275772533246818 -1.9068171410124477 0.5886391023576213 -0.34763206622815446 0.8468306492506446 0.8468306492506446 0.8468306492506446 3
3.1933874267391653 -3.064189993062536 -3.064189993062536 -1.3406580117137301 1.751623006494245 -1.9721794328071454 1.55731023401336 -0.34334031794405484 -0.34334031794405484 -0.34334031794405484 2
2.759344585082688 -0.9669290632107528 -0.9669290632107528 0.120976511798741 -0.49300856558639916 -0.6579370494386536 -0.2511703003455553 0.46494706341703906 0.46494706341703906 0.46494706341703906 0
-1.7990708287218586 2.200859406769026 2.200859406769026 -0.669377684472898 -0.934296748010615 -0.05007595875154817 2.5497601149186275 1.5879554676850516 1.5879554676850516 1.5879554676850516 3
-0.06590093117553386 0.25399982904970564 0.25399982904970564 0.3138022467669703 0.5835538326680545 1.6650048432903857 -2.8410267153155777 -1.2712111647350222 -1.2712111647350222 -1.2712111647350222 2
2.3503374225545723 -2.878814628627068 -2.878814628627068 -0.9610551298621297 2.4926192896956225 -0.45036125964066626 -0.9860075515253734 -1.7629953340009419 -1.7629953340009419 -1.7629953340009419 1
-0.32362620541580844 -0.4013963471816602 -0.4013963471816602 0.14253265812429255 0.24354958389028059 -0.16618695268421102 -0.05440746183281575 -0.31145987160326216 -0.31145987160326216 -0.31145987160326216 1
-1.1408667952266929 1.0824641373088721 1.0824641373088721 -2.7331133718313216 2.7356408712824303 1.5550233855431155 0.6164139394363328 -0.940967471459948 -0.940967471459948 -0.940967471459948 0
1.2865194540104141 -2.1518410562020605 -2.1518410562020605 -0.8029673933956141 1.8392349250221747 -0.716654055343415 0.06298579340007815 -1.1102180316132544 -1.1102180316132544 -1.1102180316132544 1
-2.4216314206142906 1.4406552740936112 1.4406552740936112 2.945058216139052 -2.9706171732625832 0.2818699043258027 -1.3393932313979233 0.68951309584212 0.68951309584212 0.68951309584212 3
0.7429730054899903 0.5086964257489415 0.5086964257489415 -1.7591529768959004 0.5561044220326752 -0.4224308759795391 2.3354573626559056 0.9327706833189201 0.9327706833189201 0.9327706833189201 1
3.304766144727469 1.7303143950957778 1.7303143950957778 -3.3966993643168775 0.6627622248925695 0.5354330691799304 2.395736210086671 1.8094672069129725 1.8094672069129725 1.8094672069129725 1
-1.4317698394967635 1.8523241521876104 1.8523241521876104 -1.574444288552096 0.8806841746658692 1.2159240802954756 0.8474258102276983 0.12297107265830458 0.12297107265830458 0.12297107265830458 0
0.9996628839357985 1.1583755271518315 1.1583755271518315 0.485882476665994 -1.0549013772251543 1.1795819807358323 -1.751762119295659 0.3538641728630009 0.3538641728630009 0.3538641728630009 2
0.3613620741975577 -1.257027100569887 -1.257027100569887 0.5336166120169453 0.6908656305548151 0.15382801557187012 -1.6504271178737726 -1.1965512202097368 -1.1965512202097368 -1.1965512202097368 0
-1.0155502093456361 1.244384410891726 1.244384410891726 -1.2898703551544977 0.5544109105557762 0.41880357058136636 1.4329308970630485 0.41163823790119997 0.41163823790119997 0.41163823790119997 0
2.193997672764278 -0.8776707773391424 -0.8776707773391424 -0.6493836627131312 0.6434419720758577 -0.0829080233201436 -0.40768054537890885 -0.20073825239575763 -0.20073825239575763 -0.20073825239575763 0
-3.198819559017958 -0.5507772732858718 -0.5507772732858718 5.262266681565738 -3.623821600774659 -0.8494844024139782 -2.5718461409960973 -0.20389787316110525 -0.20389787316110525 -0.20389787316110525 1
0.9685042643359918 -0.83455115816948 -0.83455115816948 -0.14554970570346462 0.9600357555414242 0.5573633701326018 -1.6013211924493258 -1.047762644708532 -1.047762644708532 -1.047762644708532 2
1.5123373431622018 1.158459109919245 1.158459109919245 -0.6816158865639333 -2.1022462002565234 -1.7764317610978388 4.023018483944904 3.102082517405153 3.102082517405153 3.102082517405153 1
-1.9773406163712148 0.0786431971390027 0.0786431971390027 0.32770243166102014 -0.14990942839365096 -0.6356959377049317 1.2594211132222726 0.12659884190926468 0.12659884190926468 0.12659884190926468 1
1.0867347903681286 1.364883434375455 1.364883434375455 -1.0269390272484287 -0.8254882650427982 -0.17135643474799792 1.856478991930819 1.6823554409642492 1.6823554409642492 1.6823554409642492 3
-0.7023352262747115 -0.6961996018160219 -0.6961996018160219 0.3122657004791467 -0.009701796782042194 -0.9391428956227901 0.9687274704973565 0.020767114468726797 0.020767114468726797 0.020767114468726797 1
-2.827113176202137 0.2033431597578912 0.2033431597578912 1.9371094962564097 -0.8447372257597558 0.23190236204489081 -1.2290340746342834 -0.6497988837341842 -0.6497988837341842 -0.6497988837341842 0
2.446303252138323 -2.6915618693348753 -2.6915618693348753 -0.07106787489959394 0.625660682409477 -1.8254177360312693 0.7012170806569943 -0.22324632738586073 -0.22324632738586073 -0.22324632738586073 1
0.20200567113622592 1.585030907801563 1.585030907801563 0.309502765335267 -1.5925576486147377 0.33562061177624314 0.26569001637067124 1.2939380712761666 1.2939380712761666 1.2939380712761666 3
-1.6305082055095532 1.5355222153508643 1.5355222153508643 0.5754610699989771 -1.5655009228377348 -0.22385459969623142 1.32755934772106 1.263748154723396 1.263748154723396 1.263748154723396 3
1.8065117143466827 1.007652999442311 1.007652999442311 -2.0043435195038204 0.7823492890758839 0.8339565478265836 0.5690719174301833 0.5407216610854033 0.5407216610854033 0.5407216610854033 3
-1.3914178162295987 1.3483356705094918 1.3483356705094918 -1.4824461055792384 1.3589264304676185 1.3740371448329847 0.1450340779436563 -0.4848663273617246 -0.4848663273617246 -0.4848663273617246 0
1.521412597142205 -2.557292842185828 -2.557292842185828 1.1528160537558896 0.5350968641948834 -0.5647062994634124 -2.1090777591393515 -1.4040761791568956 -1.4040761791568956 -1.4040761791568956 0
-1.1751083045850605 1.5914796928969461 1.5914796928969461 -1.8012169508270015 0.972202718404027 0.7988546162142331 1.4903627735565497 0.3077105538877578 0.3077105538877578 0.3077105538877578 0
1.1394381767754136 0.8058924859579536 0.8058924859579536 -0.3306103489801245 -1.1726344955748305 -0.5494124254248719 1.518457408833078 1.5672402427016965 1.5672402427016965 1.5672402427016965 3
-0.5117542289121568 0.4832529962259011 0.4832529962259011 -1.5081712434029566 0.9258175229815451 -0.15518933198680515 1.9270107535319148 0.3313909107088745 0.3313909107088745 0.3313909107088745 0
-2.2311613088435274 2.3339637533108544 2.3339637533108544 0.9045418136273837 -1.047394768694778 1.8870402953851275 -1.7757671286214385 -0.04358585567709488 -0.04358585567709488 -0.04358585567709488 2
-1.4236881156534222 -0.10991978201925168 -0.10991978201925168 2.709268197732063 -1.8070487175035006 0.012899627343056238 -1.9993504980723449 -0.2874844635938257 -0.2874844635938257 -0.2874844635938257 1
1.1881250705618183 -0.1475450231955222 -0.1475450231955222 -1.4594796624362814 1.1254717720253018 0.13478338907520554 0.6076338629583689 -0.053826359757182335 -0.053826359757182335 -0.053826359757182335 1
-0.845633550021601 -0.8021962753222884 -0.8021962753222884 2.475619049102044 -1.483008219395542 -0.5198352430766398 -1.5284632506938178 -0.3198978626031108 -0.3198978626031108 -0.3198978626031108 0
-0.242346009721206 1.7844951064109245 1.7844951064109245 0.8612876549033271 -1.9849106110388561 0.5460003032946312 -0.2999612134886509 1.214227109320389 1.214227109320389 1.214227109320389 3
1.33645864123526 3.8259518004953024 3.8259518004953024 -3.4170017728939155 0.7159027274838023 2.6616911787997304 0.7471674468026082 1.314187485836466 1.314187485836466 1.314187485836466 3
-0.07069462482333178 -1.7830253113052548 -1.7830253113052548 4.001635456070846 -2.0367668838617288 -0.35416680024445296 -3.8927983899916407 -1.0614327700685244 -1.0614327700685244 -1.0614327700685244 1
1.038207449093302 -1.0150320572481775 -1.0150320572481775 -1.2395082089984022 1.6621725094194948 -0.060668822216600436 0.17467266659742664 -0.7291050135320909 -0.7291050135320909 -0.7291050135320909 1
-0.12144894613739021 -2.696441095247603 -2.696441095247603 -1.198420189141799 3.63555935228125 0.06481028282511382 -1.0151255266215202 -2.7772713890524225 -2.7772713890524225 -2.7772713890524225 2
-0.00012814262597649062 -1.9299164858983064 -1.9299164858983064 -0.52198778878183 1.8584033524444892 -0.6108778505457575 0.08093082099483018 -1.3335752618315058 -1.3335752618315058 -1.3335752618315058 1
0.8662099786821226 0.7615109155552006 0.7615109155552006 0.2537161535068114 -1.5872275161069491 -0.5986292526530154 1.1524880319241542 1.5425405260457514 1.5425405260457514 1.5425405260457514 3
0.43624301786821396 -1.1437012605802916 -1.1437012605802916 2.1596208976485127 -1.9073531254123957 -1.4767015501134004 -0.18054801423399902 0.562926096924864 0.562926096924864 0.562926096924864 2
-0.21606106397152236 -1.9240376182800274 -1.9240376182800274 0.043426343625020514 1.0314527291603155 -1.2250555231043614 0.6971134383792339 -0.7789745087993445 -0.7789745087993445 -0.7789745087993445 1
-1.538973961336391 2.0449112121661015 2.0449112121661015 -1.4238389076290496 0.6081606630575458 1.2230535624797823 0.871562203353052 0.28342932537216914 0.28342932537216914 0.28342932537216914 0
0.574441753370875 -4.2075344407965805 -4.2075344407965805 4.50425011617233 -1.5748280309442428 -2.146092932348161 -3.151984226374887 -1.5189349481091217 -1.5189349481091217 -1.5189349481091217 1
1.6423351898579575 -0.3554240184756058 -0.3554240184756058 -0.45250343742470317 -0.6282184150356558 -1.3029939228088652 1.9521163150340828 1.2760796250707531 1.2760796250707531 1.2760796250707531 1
1.6623014595873864 -1.1553942371289574 -1.1553942371289574 -1.7898826348752335 2.131325741123927 0.022675928680973685 0.2534210578692775 -0.8105689712638711 -0.8105689712638711 -0.8105689712638711 3
-1.0765809008868326 1.4734426870367017 1.4734426870367017 0.8950735525464556 -1.4047522654428608 0.6374391202929891 -0.5272988248321764 0.6002999128587652 0.6002999128587652 0.6002999128587652 2
0.16737876072341962 -1.2725826943680982 -1.2725826943680982 3.0028854789756076 -2.1677964500016262 -1.0562404838053763 -1.6008561100102996 0.05116913653525222 0.05116913653525222 0.05116913653525222 0
-0.4608974319119725 1.9713151628892716 1.9713151628892716 -0.7278469255395027 -0.5856066919460847 0.730056210552289 0.8565948296005188 1.0274315723223673 1.0274315723223673 1.0274315723223673 3
1.8248217464180176 0.6496562308493039 0.6496562308493039 -1.4371390484895468 -0.1611815693330465 -0.3705388971702725 1.8642629933430002 1.3530391108216953 1.3530391108216953 1.3530391108216953 3
1.3508578037440315 2.617414422147691 2.617414422147691 -3.352114770754324 0.7722511546155708 1.0982135213885722 2.4491667156178663 1.5965301116998583 1.5965301116998583 1.5965301116998583 3
1.1868265632541408 0.30849182390569985 0.30849182390569985 0.23400622305976182 -1.0467077735892343 -0.28535252607905626 0.25964511034603344 0.9111590493789559 0.9111590493789559 0.9111590493789559 3
0.775351131676856 -3.085528497407237 -3.085528497407237 -1.1203597402821799 3.2875961204574278 -0.49595519848134967 -0.6017279794481776 -2.377239005950386 -2.377239005950386 -2.377239005950386 2
-0.023520357399569147 0.39695720998370687 0.39695720998370687 0.5124656333844512 -0.8001810625571179 0.014040402776801401 -0.15351862274599082 0.4042977185735618 0.4042977185735618 0.4042977185735618 1
-1.3364504145174734 0.9893350804224531 0.9893350804224531 1.2076177541933015 -1.1486015976915849 0.6323836859117424 -1.05990804380092 0.09481466576729686 0.09481466576729686 0.09481466576729686 2
-0.8052340993872349 0.35437872499637135 0.35437872499637135 1.0468356741764726 -0.7388928277347889 0.39123809370883306 -1.0847285241199411 -0.1563649183031335 -0.1563649183031335 -0.1563649183031335 2
-0.6352132904708787 1.3747826836331285 1.3747826836331285 0.7325769364592111 -1.6529518695554213 0.10424424637465657 0.3337724978262384 1.1041061192523274 1.1041061192523274 1.1041061192523274 2
-0.16611549589191998 -0.47473992023099365 -0.47473992023099365 1.202521638890978 -0.6047005068056764 -0.07713792001003568 -1.1457330593183608 -0.32816780484764607 -0.32816780484764607 -0.32816780484764607 1
0.6459944125931141 -1.4482361299738207 -1.4482361299738207 3.1245498356086028 -2.4645131407009226 -1.3732540048390822 -1.3928287631437648 0.3183478865053943 0.3183478865053943 0.3183478865053943 0
-2.794499200014407 -2.9133074305762454 -2.9133074305762454 5.685125453684343 -2.8333821760976043 -2.2670868491065006 -2.2979511917996085 -1.0191302922677128 -1.0191302922677128 -1.0191302922677128 1
-0.3343291209508906 0.06031915252294917 0.06031915252294917 -1.8735468985854595 1.5191459120552016 -0.25388193631906514 2.0526515061119195 0.03562204717108622 0.03562204717108622 0.03562204717108622 0
-1.8815837951280368 2.2597734843089903 2.2597734843089903 -1.7842203832054933 1.3893318433842192 2.0913179068097296 -0.06385497887352187 -0.43230638276320416 -0.43230638276320416 -0.43230638276320416 0
0.5147315954756282 0.9709439221289717 0.9709439221289717 1.4009319925694959 -1.3384810593722467 1.471800769696726 -3.012829111245735 -0.1515170023670241 -0.1515170023670241 -0.1515170023670241 1
-1.0804586742195037 2.3025330697133644 2.3025330697133644 -0.07746926859684612 -1.4322589206349092 0.4742420494576456 1.11852208723083 1.4591419603377371 1.4591419603377371 1.4591419603377371 3
0.6538480101088351 1.0368497111946458 1.0368497111946458 0.3127609064494597 -2.018591968493028 -0.8933984056805896 1.8348757600992323 2.020802342350606 2.020802342350606 2.020802342350606 3
0.35113778994427347 -1.1044454208065102 -1.1044454208065102 1.1952861506905772 -0.3047566368058473 -0.2799727850442682 -1.3522731430045898 -0.6001858529727773 -0.6001858529727773 -0.6001858529727773 0
-0.6352293798187725 0.23527588432765922 0.23527588432765922 1.6359470046761675 -1.5720777338659948 -0.1936589241428878 -0.704441170323233 0.3627390387120254 0.3627390387120254 0.3627390387120254 0
-0.8550856293989965 -0.12417181985825576 -0.12417181985825576 -0.6789576271079006 1.4259780367528052 0.6989494792076761 -0.5282143928748024 -1.0572886615562476 -1.0572886615562476 -1.0572886615562476 3
-1.2912049449202612 0.8996602347531353 0.8996602347531353 -2.262769484619309 2.657769553888391 1.7337059497823888 -0.1607490794039501 -1.281641228294244 -1.281641228294244 -1.281641228294244 0
-1.5440704654448925 1.5322369603939958 1.5322369603939958 -1.6994978721100629 1.6213739783766383 1.6789881467409251 -0.027051212104997946 -0.6492790447920761 -0.6492790447920761 -0.6492790447920761 0
2.275726497353414 -1.2539749918312806 -1.2539749918312806 0.834604800668817 -0.7524226658983899 -0.7440830269820392 -0.7879988336054969 0.19337287249512225 0.19337287249512225 0.19337287249512225 0
2.3058107871269535 -1.3231389687669703 -1.3231389687669703 2.2229907841041747 -2.3690425336482486 -1.4585765829138824 -0.7745180532487974 0.9075456380484764 0.9075456380484764 0.9075456380484764 0
-1.0553967508689999 0.5178732779452222 0.5178732779452222 0.9823276322185722 -0.8458309288684805 0.2526976918931366 -0.6342195219811444 0.050744876508391004 0.050744876508391004 0.050744876508391004 0
-0.8856142389050248 1.6841753542218192 1.6841753542218192 -0.2323423551483811 -0.906905379148542 0.2811514224949438 1.0898111048575274 1.0854936076056667 1.0854936076056667 1.0854936076056667 3
2.8084184280509987 -3.178364806371532 -3.178364806371532 1.3632576241827967 0.16078493493414436 -1.1327973500535988 -2.0348545356293277 -1.09802187061678 -1.09802187061678 -1.09802187061678 0
-0.5142936865519367 -0.8428044007654398 -0.8428044007654398 2.2379338588476876 -1.1154676797846164 -0.16902224878743854 -2.0186825471707053 -0.6063672928372629 -0.6063672928372629 -0.6063672928372629 2
-1.2479939389598638 1.659744119152645 1.659744119152645 -1.3023612803196492 0.508224006622671 0.8173414515494968 1.1187168213782779 0.37817758465565265 0.37817758465565265 0.37817758465565265 0
0.40838390513286726 1.7459783547097336 1.7459783547097336 -0.3014964995844425 -1.2825324877548878 0.3224120072070892 0.8535172298789482 1.4661754982571351 1.4661754982571351 1.4661754982571351 3
1.8993132988526997 -1.7417832658852619 -1.7417832658852619 -0.7581804609528549 1.4001489585948832 -0.44739519921214305 -0.25993995428544603 -0.787129833830485 -0.787129833830485 -0.787129833830485 2
0.18984116544101948 -2.6482874615473833 -2.6482874615473833 2.124852576619917 -0.41230163357401195 -1.4971373284755216 -1.1290042435667464 -0.9312945291209508 -0.9312945291209508 -0.9312945291209508 1
-1.0168525310921754 1.6689101144398406 1.6689101144398406 0.7753999164510973 -1.7555443356935978 0.24255957670132666 0.35445319843902157 1.1551668083645814 1.1551668083645814 1.1551668083645814 2
-1.429366720480847 1.4147239484626235 1.4147239484626235 0.5474839706819272 -0.9455544571185756 0.6233366924971059 -0.19089909172663033 0.427756591998321 0.427756591998321 0.427756591998321 1
-1.916154808917566 -0.9738172707636668 -0.9738172707636668 3.0777535421941367 -1.8811611232888157 -1.0904134067790852 -0.9636980690888146 -0.21311453082481197 -0.21311453082481197 -0.21311453082481197 1
-1.458832883446419 -0.10137723759673278 -0.10137723759673278 1.2754152976035913 -0.7938253084839195 -0.3603587671687102 -0.2017458321775989 -0.07030378799945763 -0.07030378799945763 -0.07030378799945763 1
-1.541147926132313 1.4010839475214163 1.4010839475214163 2.6407041218350273 -2.613124231657147 0.7950316516695137 -2.15924714116969 0.4048456194561516 0.4048456194561516 0.4048456194561516 2
-0.3513792340937957 0.11578676857888992 0.11578676857888992 -0.34613788922371125 -0.21882245955358814 -0.8113580557766951 1.7890695841497863 0.7240927699297046 0.7240927699297046 0.7240927699297046 0
-1.1809746914339183 1.757133142462279 1.757133142462279 -0.8050744680522086 -0.3373108896226611 0.3517155819653732 1.5482431078609848 0.958570898044276 0.958570898044276 0.958570898044276 0
-1.7907313077885694 -1.2298117490137537 -1.2298117490137537 2.4237471165993973 -1.2214135222269014 -1.260799854458522 -0.35610764014230856 -0.3228185781172037 -0.3228185781172037 -0.3228185781172037 1
1.0569686227871764 -1.7040019889912617 -1.7040019889912617 -0.18050573787195304 0.6612659586427767 -1.1664492275452107 0.6731738883947354 -0.281801561732603 -0.281801561732603 -0.281801561732603 1
-0.23897108816125545 -0.17614234665949202 -0.17614234665949202 2.6413374181813167 -2.625066895148252 -0.8685699027655821 -0.7639241514373704 0.7836932493496283 0.7836932493496283 0.7836932493496283 0
1.868833467721308 -1.648506444517833 -1.648506444517833 1.9405295337725406 -1.4659944377796468 -1.121938062211191 -1.2471836982751936 0.1407933241083698 0.1407933241083698 0.1407933241083698 0
-1.4077593982187768 -1.3969996484722103 -1.3969996484722103 2.7709153628165137 -1.4416275196481965 -1.1881354695108712 -0.9555544140849707 -0.4116159567646367 -0.4116159567646367 -0.4116159567646367 1
1.5563597432819853 -2.686446432331572 -2.686446432331572 1.872441671736766 -1.0140746728618 -2.1639485305157002 -0.1202655951539785 0.006007726939342779 0.006007726939342779 0.006007726939342779 2
-0.3934089603362717 0.37791413716512345 0.37791413716512345 0.305341289256454 -1.2378563948826726 -1.1524825269214904 2.0246077394626028 1.3307379644313917 1.3307379644313917 1.3307379644313917 0
-1.9358576151077378 3.1152049275048768 3.1152049275048768 0.07702228251343093 -1.2083525456312918 1.7892326647660954 -0.4520541625877492 0.8064581215469844 0.8064581215469844 0.8064581215469844 2
-3.3584898062842585 -2.2461602929613633 -2.2461602929613633 4.399416452780364 -2.2089219104067244 -2.3484956350642614 -0.53374514525604 -0.5749069668599925 -0.5749069668599925 -0.5749069668599925 1
-1.1953952638374732 1.3364252682893356 1.3364252682893356 -2.050379674018738 1.6081515685819783 1.0700608184834108 1.063595204607421 -0.2114657320270808 -0.2114657320270808 -0.2114657320270808 0
1.2236473151299498 1.5565119697417211 1.5565119697417211 -1.5379780134300756 -0.6605733135635865 -0.263837089932033 2.5316813447128776 1.9453871156073121 1.9453871156073121 1.9453871156073121 3
0.953814547556618 -1.0547369742030046 -1.0547369742030046 -0.315280183276245 1.1930871534381262 0.36404830926540493 -1.2934538802917879 -1.100413958997421 -1.100413958997421 -1.100413958997421 2
-2.1981875492218466 3.1085716649510386 3.1085716649510386 -2.1305114583303295 1.2586795830319375 2.4922640000646377 0.21141420208961126 -0.10526420991565169 -0.10526420991565169 -0.10526420991565169 0
-0.7275224517539515 0.42781032450358514 0.42781032450358514 -0.5878247133943153 0.39085031789770386 0.07552603567893564 0.8019174428929965 0.08501730460988578 0.08501730460988578 0.08501730460988578 1
1.6718582002807583 -1.9645670039077459 -1.9645670039077459 -1.175663285456424 1.8515336651337981 -0.7443414660200505 0.4636468872385665 -0.8286925241974642 -0.8286925241974642 -0.8286925241974642 1
2.002624023101593 -3.7122711608424113 -3.7122711608424113 -0.18021270187934063 2.2674160678463995 -1.1157452701865798 -1.0238042173039363 -1.9838983225405757 -1.9838983225405757 -1.9838983225405757 1
-0.4415173129602251 0.23008320699872653 0.23008320699872653 0.6971199439555691 -0.7374554034301191 -0.08275730101719797 -0.17293909770016302 0.23086918035031462 0.23086918035031462 0.23086918035031462 2
-0.8289727164984858 2.2913541603752514 2.2913541603752514 -0.1834691211304995 -0.9473672522764508 1.189085676905644 -0.04884371095192419 0.8566655523301191 0.8566655523301191 0.8566655523301191 3
-0.8886504159984644 0.34257359512310137 0.34257359512310137 -2.5369679127581812 3.0296974179650356 1.330445492582536 0.25841880235644654 -1.3560151112750967 -1.3560151112750967 -1.3560151112750967 0
0.8687550647260274 -0.7775564565678419 -0.7775564565678419 2.392333193929454 -2.3517175221297593 -1.112271578767275 -0.8083301011945414 0.7221147621766678 0.7221147621766678 0.7221147621766678 3
0.4243585130965295 -1.0523243258737163 -1.0523243258737163 -0.2539954071422797 1.3692061868744785 0.4666219761066496 -1.4033736143534907 -1.3360768910195964 -1.3360768910195964 -1.3360768910195964 2
0.14332567327149004 0.9240117517144693 0.9240117517144693 -2.4305493660166833 0.8020666353105139 -0.6407618996873352 3.6604421993909617 1.3034948052786945 1.3034948052786945 1.3034948052786945 3
-1.1524925291830446 -0.17123076457836028 -0.17123076457836028 1.7828432019107257 -1.2916368313565374 -0.3981160425535053 -0.6621389935848699 0.027113790333906304 0.027113790333906304 0.027113790333906304 1
-0.4918549060907068 -0.8119657374051248 -0.8119657374051248 0.8567289160078957 -0.17940787956081827 -0.5305791574697836 -0.27940037810246543 -0.35779812149277346 -0.35779812149277346 -0.35779812149277346 1
-2.168780991621581 2.788169142019836 2.788169142019836 0.42433080173939436 -1.0902100535225918 1.857075957744387 -1.029257137737265 0.3952540263924602 0.3952540263924602 0.3952540263924602 2
0.6589003804750475 -1.0983563643429388 -1.0983563643429388 -1.0178552610978797 1.3534417631412892 -0.5442464173591566 0.8219810929893843 -0.4547790618009193 -0.4547790618009193 -0.4547790618009193 1
0.4524332375446046 -1.9526129013532985 -1.9526129013532985 2.720838261478812 -1.3290058298716894 -0.9804179012235568 -2.03765495919093 -0.6128304157600192 -0.6128304157600192 -0.6128304157600192 0
-1.901559658246675 0.532050483055187 0.532050483055187 2.1284042742619698 -2.082117303728914 -0.5047676184344113 -0.11315201264464236 0.6160480550272912 0.6160480550272912 0.6160480550272912 3
-0.8429212676159611 0.6000565828639997 0.6000565828639997 1.3290309608822757 -1.252563482050581 0.312760414404406 -1.0011229933155474 0.16405390738113457 0.16405390738113457 0.16405390738113457 2
-0.5229940752209168 -2.1049785591386065 -2.1049785591386065 5.02921404689206 -2.79598641065971 -0.8260919200421168 -4.070909241483099 -0.9780086842391696 -0.9780086842391696 -0.9780086842391696 1
0.6862848005409776 0.5803099566491792 0.5803099566491792 2.4773595818882987 -3.626921567838538 -1.1029144632111103 0.10290029334739548 1.9692731244061892 1.9692731244061892 1.9692731244061892 3
-0.8390594283056367 -0.7398742298815928 -0.7398742298815928 2.460198317103079 -1.6294790638213397 -0.6747450449919081 -1.2147391444676008 -0.11803766083402822 -0.11803766083402822 -0.11803766083402822 0
0.2797278010644524 -0.8572091488296951 -0.8572091488296951 0.155299369014473 0.05943535074961548 -0.7999881589667706 0.5472735363429393 0.003100225216012547 0.003100225216012547 0.003100225216012547 2
-0.8473221101895703 1.5440363273391302 1.5440363273391302 0.1402950664655223 -0.9877113260848693 0.47627408066571897 0.35550535844665965 0.8155190393926747 0.8155190393926747 0.8155190393926747 3
-0.11762626301634094 -1.4157753590537407 -1.4157753590537407 1.1398531669309853 0.2911904811539989 -0.10771052831532275 -1.7179041369428885 -1.1927734258963587 -1.1927734258963587 -1.1927734258963587 0
0.7841948106948232 0.6529805484816331 0.6529805484816331 -1.5539967696491104 0.5561744043410528 0.08377162018262466 1.4175102319730208 0.6371481488245286 0.6371481488245286 0.6371481488245286 1
-0.32067615738780775 -2.7294170039140706 -2.7294170039140706 3.33937963581692 -1.236901406977438 -1.4978899181118117 -2.0632009135053946 -1.0486529680950558 -1.0486529680950558 -1.0486529680950558 1
-1.2621304126504147 0.12602098564692354 0.12602098564692354 0.8316469860686089 -1.317479091540652 -1.3494318689809346 1.9287324708403775 1.0694787654386602 1.0694787654386602 1.0694787654386602 3
0.045097654856282476 -1.0899694057133167 -1.0899694057133167 -1.8721952864376723 2.3873554700317383 -0.38231424688558013 1.3760812000581644 -0.8409712371975502 -0.8409712371975502 -0.8409712371975502 0
-1.3677406214591348 1.0505554552927927 1.0505554552927927 -2.3165362899609887 2.69378384559871 1.8976145669852167 -0.2685925076938698 -1.3132566374140386 -1.3132566374140386 -1.3132566374140386 0
-1.7823808216331176 -0.8354109455379599 -0.8354109455379599 1.8148618243604842 -1.2973270537992616 -1.6288903760393696 1.0280586104876936 0.34173693389239806 0.34173693389239806 0.34173693389239806 3
0.18666142227004046 -0.7848624931743573 -0.7848624931743573 -0.7851378862167473 0.47933202650502604 -1.361986806722787 2.3173667782832625 0.479735649144416 0.479735649144416 0.479735649144416 0
-2.4547220400157457 -0.17531625264623518 -0.17531625264623518 2.9729522979328102 -1.9596069472153261 -0.46207470522859956 -1.2533092372772991 -0.18418341299949795 -0.18418341299949795 -0.18418341299949795 1
2.519270680144982 -1.484777219592001 -1.484777219592001 -1.4538216665904162 1.722695962424566 -0.21613654916538472 -0.029270990748468728 -0.6370042309905471 -0.6370042309905471 -0.6370042309905471 1
1.6604198406174646 -0.9238180661323739 -0.9238180661323739 1.1007786813109899 -1.0312571162793656 -0.6383567486864574 -0.8201481171328668 0.26185685604641795 0.26185685604641795 0.26185685604641795 0
1.3599511078699233 -1.9901035379901795 -1.9901035379901795 -0.18751773834757032 1.4077102254669782 -0.28394060449125325 -1.0588710092422846 -1.277813506609482 -1.277813506609482 -1.277813506609482 1
0.8394977051697841 0.9456994777306346 0.9456994777306346 -0.036211339292605546 -0.8822553977697115 0.3558579831709792 -0.07076115051361964 0.8137495186937691 0.8137495186937691 0.8137495186937691 3
-0.038278509185366794 0.18106788970513765 0.18106788970513765 2.3329285687008223 -2.5880027793029408 -0.6150222657331329 -0.7268419528541896 0.9241133872287108 0.9241133872287108 0.9241133872287108 0
2.2011014275413587 -0.16998852348333648 -0.16998852348333648 -0.07393722487979956 -0.759683735017787 -0.4554110962645031 0.24604410726988446 0.8685250589440774 0.8685250589440774 0.8685250589440774 0
-1.635195186212497 1.3218406036624761 1.3218406036624761 -0.8930181521822654 1.2445552266024302 1.8376686563148692 -1.0747198796483262 -0.9526722904649957 -0.9526722904649957 -0.9526722904649957 0
1.1372308331425027 -1.8795397005594494 -1.8795397005594494 0.9137986116648363 -0.3548751329617532 -1.4765775669674814 0.16431836137046574 -0.05018447204454774 -0.05018447204454774 -0.05018447204454774 2
2.184933094361547 -1.4457942862033797 -1.4457942862033797 0.14712537028197517 0.3497047801870765 -0.28570021149711416 -1.1131300591636692 -0.49374482565977285 -0.49374482565977285 -0.49374482565977285 0
0.5727886515121385 -1.5931149020688133 -1.5931149020688133 0.035596470644348406 -0.07562532073174899 -2.092238396813632 2.2219144114249705 0.5527660407017441 0.5527660407017441 0.5527660407017441 0
1.1512182369277268 1.9451525115183559 1.9451525115183559 -2.8869344429949115 1.1729470393207095 1.2814663054042248 1.333386945510615 0.7687437164908678 0.7687437164908678 0.7687437164908678 3
-1.4273695547816128 0.159942751193221 0.159942751193221 3.297017360596909 -2.443577802485943 0.20878903104735083 -2.6111978541801206 -0.15912748239967908 -0.15912748239967908 -0.15912748239967908 1
1.892247193851873 -2.258283492048569 -2.258283492048569 0.46824123590172184 -0.2362846798639766 -2.0760456784846726 1.1029250086700702 0.31043145763690044 0.31043145763690044 0.31043145763690044 1
1.089889350641693 0.015021766832331807 0.015021766832331807 -2.16383403848408 1.942135067239862 0.6357107309961688 0.4767169455293323 -0.44411991380700555 -0.44411991380700555 -0.44411991380700555 1
1.4351836520057426 -0.20720781385757747 -0.20720781385757747 0.49676331261814066 -1.1188770898269111 -0.6660246279109636 0.2672804617314217 0.8580779961293843 0.8580779961293843 0.8580779961293843 3
1.7836967744150793 -0.04181886430255555 -0.04181886430255555 -2.1736425728630273 1.1287473925508595 -0.38475065765558886 2.005039447441262 0.6295746441016433 0.6295746441016433 0.6295746441016433 1
-3.10599489477832 3.47310501746757 3.47310501746757 1.4500605352055598 -1.6819881097648062 2.8613975320237133 -2.859969297631771 -0.04433468891943516 -0.04433468891943516 -0.04433468891943516 2
0.4501945563313684 0.025319336035294793 0.025319336035294793 2.1339941780729585 -3.000724339597281 -1.5123829744534165 0.7217098778032531 1.7164607328058228 1.7164607328058228 1.7164607328058228 3
0.8473266266722573 1.5965044593691058 1.5965044593691058 -0.9191792218615552 -0.8500450572944056 0.15469954841455427 1.437689026667718 1.5475752296698808 1.5475752296698808 1.5475752296698808 3
-0.1958138423062551 1.3353083593065642 1.3353083593065642 0.5610551699090705 -1.1304454453699566 0.8391514349398501 -0.8727681160205847 0.5036272192196176 0.5036272192196176 0.5036272192196176 3
1.1150399794881365 -1.5885043793780638 -1.5885043793780638 -0.6305710049760377 1.8537224696560444 0.2696058227257545 -1.2903255984273931 -1.5064709672331666 -1.5064709672331666 -1.5064709672331666 2
-1.0928093983877736 0.8473638189078836 0.8473638189078836 0.8775276447156204 -1.4488260571640734 -0.36693266212579034 0.7253135144383458 0.9133001561733264 0.9133001561733264 0.9133001561733264 3