Taken from https://archive.ics.uci.edu/ml/datasets/HIV-1+protease+cleavage
The smaller version in the folder (possibly meant to be used as the train subset)
746
-8
2
1 1 1 1 1 1 1 1
3 3 3 13 9 17 14 15 1
3 3 3 7 13 14 12 1 1
3 3 3 7 19 19 3 6 1
3 3 13 9 17 14 15 12 1
3 3 13 9 17 19 16 9 1
3 3 7 13 14 12 1 5 1
3 3 19 19 19 16 10 8 1
3 3 4 5 3 17 3 7 2
3 8 17 1 16 2 10 4 1
3 8 13 16 1 15 20 16 1
3 18 4 15 3 4 8 19 1
3 17 3 7 19 15 4 20 2
3 17 8 9 14 6 9 18 2
3 17 17 5 3 17 6 9 2
3 17 20 9 10 20 18 1 2
3 17 20 9 10 4 18 1 2
3 17 20 9 10 4 18 13 2
3 9 4 5 3 17 3 7 2
3 1 4 5 3 17 3 7 2
3 13 9 17 14 15 12 7 1
3 13 9 17 19 16 9 16 1
3 13 13 6 4 19 18 1 1
3 13 4 5 3 17 3 7 2
3 13 4 5 4 4 15 2 2
3 5 5 19 19 18 6 20 1
3 5 20 16 3 4 5 4 1
3 7 13 14 12 1 5 18 1
3 7 4 16 15 3 5 4 1
3 16 13 12 6 6 4 3 1
3 15 16 10 2 6 4 5 2
3 15 16 10 2 6 4 15 2
3 15 20 9 10 4 16 5 2
3 15 4 5 3 17 3 7 2
3 14 3 5 3 17 3 7 2
3 14 1 5 3 17 3 7 2
3 14 6 5 3 17 3 7 2
3 14 5 7 3 17 3 5 2
3 14 16 5 3 17 3 7 1
3 14 16 5 9 17 3 5 2
3 14 16 5 9 6 3 5 2
3 14 16 5 9 15 3 5 2
3 14 16 5 9 4 3 5 2
3 14 16 10 2 17 3 5 2
3 14 16 10 2 6 4 5 2
3 14 14 5 3 17 3 7 2
3 14 19 5 3 17 3 7 1
3 14 4 3 3 17 3 7 2
3 14 4 9 3 17 3 7 2
3 14 4 6 3 17 3 7 2
3 14 4 5 3 3 3 7 1
3 14 4 5 3 18 3 7 1
3 14 4 5 3 17 3 3 2
3 14 4 5 3 17 3 17 2
3 14 4 5 3 17 3 1 2
3 14 4 5 3 17 3 13 2
3 14 4 5 3 17 3 7 2
3 14 4 5 3 17 3 2 2
3 14 4 5 3 17 3 14 2
3 14 4 5 3 17 18 7 1
3 14 4 5 3 17 17 7 2
3 14 4 5 3 17 9 7 2
3 14 4 5 3 17 1 7 2
3 14 4 5 3 17 14 7 2
3 14 4 5 3 17 19 7 2
3 14 4 5 3 1 3 7 1
3 14 4 5 3 5 3 7 2
3 14 4 5 3 16 3 7 1
3 14 4 5 3 15 3 7 1
3 14 4 5 3 4 3 7 2
3 14 4 5 9 3 3 5 2
3 14 4 5 9 18 3 5 2
3 14 4 5 9 17 3 5 2
3 14 4 5 9 17 3 7 2
3 14 4 5 9 6 3 5 2
3 14 4 5 9 16 3 5 2
3 14 4 5 9 15 3 5 2
3 14 4 5 9 20 3 5 2
3 14 4 5 9 4 3 5 2
3 14 4 5 1 17 3 7 2
3 14 4 5 6 17 3 7 2
3 14 4 5 5 17 3 7 2
3 14 4 5 7 17 3 7 2
3 14 4 5 16 17 3 7 2
3 14 4 5 4 17 3 7 2
3 14 4 7 3 17 3 7 2
3 14 4 16 3 17 3 7 2
3 14 4 4 3 17 3 7 1
3 14 4 10 3 17 3 7 2
3 14 4 10 2 17 3 5 2
3 19 6 5 2 4 6 2 1
3 19 19 19 16 10 8 16 1
3 19 4 16 8 3 13 13 1
3 20 3 7 7 3 20 3 2
3 20 6 7 7 6 20 3 2
3 20 6 7 7 15 14 1 2
3 20 6 10 10 6 20 3 2
3 20 16 14 16 20 18 1 1
3 20 4 5 3 17 3 7 2
3 20 4 5 20 4 3 5 2
3 4 8 19 15 13 16 4 1
3 11 6 14 1 8 14 5 1
3 11 14 16 14 8 13 1 1
3 11 4 3 11 14 16 14 1
3 10 13 20 20 15 3 16 1
8 3 3 13 9 17 19 16 1
8 3 13 13 6 4 19 18 1
8 3 10 13 20 20 15 3 1
8 17 1 16 2 10 4 2 1
8 17 5 3 3 3 7 13 1
8 13 1 20 18 4 15 3 1
8 13 16 1 15 20 16 8 1
8 13 2 4 16 20 9 4 1
8 16 18 1 14 20 2 1 1
8 16 6 2 8 19 3 5 1
8 16 15 7 7 13 19 14 1
8 14 17 20 1 19 19 13 1
8 19 3 5 5 19 19 18 1
8 19 15 13 16 4 3 8 1
8 10 15 19 10 19 20 7 1
18 3 6 16 20 17 9 13 2
18 8 14 17 20 1 19 19 1
18 18 5 9 9 17 3 18 2
18 1 16 1 7 16 3 11 1
18 1 14 20 2 1 19 14 1
18 1 19 20 18 10 1 6 1
18 6 20 3 19 4 16 8 1
18 13 4 5 4 4 15 2 2
18 5 4 5 5 19 3 17 2
18 16 10 14 1 10 19 5 1
18 15 6 5 6 17 6 8 2
18 15 16 10 2 6 4 15 2
18 14 8 13 2 4 16 20 1
18 19 3 18 3 17 17 18 2
18 19 19 20 19 3 3 19 1
18 20 4 5 17 17 7 19 2
18 4 15 3 4 8 19 15 1
18 4 15 3 11 6 14 1 1
18 10 1 6 5 15 6 16 1
17 17 6 7 5 3 10 15 2
17 1 16 2 10 4 2 4 1
17 13 4 10 5 3 11 4 2
17 5 3 3 3 7 13 14 1
17 5 17 9 2 17 1 1 2
17 5 17 5 3 17 16 14 2
17 5 6 5 2 4 13 14 2
17 14 15 12 7 18 19 19 1
17 14 4 5 3 17 3 7 2
17 19 5 3 18 4 15 3 1
17 19 16 9 16 20 15 3 1
17 20 3 3 3 13 9 17 1
17 20 1 19 19 13 10 2 1
17 20 20 3 5 4 8 18 2
9 3 4 19 5 3 7 20 2
9 17 14 15 12 7 18 19 1
9 17 19 16 9 16 20 15 1
9 1 14 8 17 5 3 3 1
9 12 4 16 1 5 4 13 1
9 16 20 15 3 20 16 14 1
9 15 3 10 2 5 14 17 2
9 15 4 16 1 5 4 13 1
9 14 19 1 4 17 20 20 2
9 19 4 16 1 5 4 13 1
9 4 12 17 19 5 3 18 1
9 4 16 16 1 5 4 13 1
9 4 4 16 1 5 4 13 1
1 3 5 20 16 3 4 5 1
1 3 7 4 16 15 3 5 1
1 3 4 19 5 3 7 20 2
1 3 4 11 5 3 7 20 2
1 18 3 5 5 17 14 16 2
1 18 3 10 9 19 4 2 2
1 17 7 9 9 2 4 5 2
1 9 3 7 3 17 3 5 2
1 9 6 1 4 19 10 5 2
1 1 16 10 2 4 15 12 2
1 1 14 6 16 4 3 5 1
1 1 4 10 3 20 14 19 2
1 6 5 15 6 16 19 14 1
1 13 4 5 4 4 15 2 2
1 5 3 3 2 15 9 19 2
1 5 18 16 10 14 1 10 1
1 5 16 7 2 3 5 4 2
1 5 20 7 4 15 17 5 2
1 5 20 7 4 20 15 5 1
1 5 4 3 9 3 16 5 2
1 5 4 5 15 17 1 5 2
1 7 16 3 11 4 3 11 1
1 16 1 7 16 3 11 4 1
1 16 2 10 4 2 4 12 1
1 16 11 4 8 3 3 13 1
1 15 3 16 9 5 1 13 2
1 15 18 9 2 7 10 5 2
1 15 16 10 2 6 4 15 2
1 15 20 16 8 10 15 19 1
1 15 4 16 9 5 1 13 2
1 15 4 16 10 17 17 9 2
1 14 8 17 5 3 3 3 1
1 14 6 16 4 3 5 4 1
1 14 20 2 1 19 14 16 1
1 19 1 3 5 20 16 3 1
1 19 1 3 7 4 16 15 1
1 19 1 1 14 6 16 4 1
1 19 1 5 20 7 4 20 1
1 19 1 20 11 7 4 12 1
1 19 1 4 10 15 5 19 1
1 19 12 5 4 17 3 5 2
1 19 14 16 5 8 16 6 1
1 19 19 13 10 2 16 8 1
1 19 20 18 10 1 6 5 1
1 20 18 4 15 3 11 6 1
1 20 11 7 4 12 19 5 1
1 4 3 5 19 3 5 4 1
1 4 9 19 4 16 1 5 1
1 4 9 4 16 16 1 5 1
1 4 16 4 4 16 1 13 1
1 4 15 4 4 16 1 13 1
1 4 10 15 5 19 3 5 1
1 11 6 5 3 17 12 1 2
1 11 6 5 1 17 12 1 2
1 11 4 7 20 17 3 5 2
1 10 19 5 1 16 11 4 1
12 3 4 19 5 3 7 20 2
12 17 19 5 3 18 4 15 1
12 1 5 18 16 10 14 1 1
12 6 6 4 3 8 17 1 1
12 5 4 17 3 5 10 5 2
12 7 18 19 19 20 19 3 1
12 10 1 9 2 20 10 1 2
6 6 4 3 8 17 1 16 1
6 5 15 6 16 19 14 11 1
6 16 19 14 11 11 8 16 1
6 16 4 3 5 4 2 13 1
6 2 8 19 3 5 5 19 1
6 20 3 19 4 16 8 3 1
6 20 18 8 14 17 20 1 1
6 4 3 8 17 1 16 2 1
6 4 19 18 1 16 1 7 1
13 18 6 9 2 4 20 17 2
13 18 14 8 13 2 4 16 1
13 17 5 10 2 5 20 19 2
13 17 20 3 3 3 13 9 1
13 9 17 14 15 12 7 18 1
13 9 17 19 16 9 16 20 1
13 1 19 1 3 5 20 16 1
13 1 19 1 3 7 4 16 1
13 1 19 1 1 14 6 16 1
13 1 19 1 5 20 7 4 1
13 1 19 1 20 11 7 4 1
13 1 19 1 4 10 15 5 1
13 1 20 18 4 15 3 11 1
13 12 6 6 4 3 8 17 1
13 6 4 19 18 1 16 1 1
13 13 6 4 19 18 1 16 1
13 13 5 4 4 15 2 13 1
13 5 4 5 3 15 5 19 2
13 7 7 5 5 3 13 3 2
13 16 1 15 20 16 8 10 1
13 16 4 3 8 13 16 1 1
13 2 4 16 20 9 4 12 1
13 15 16 10 2 6 4 15 2
13 15 20 9 2 6 15 15 1
13 14 12 1 5 18 16 10 1
13 19 1 4 9 19 4 16 1
13 19 1 4 9 4 16 16 1
13 19 1 4 16 4 4 16 1
13 19 1 4 15 4 4 16 1
13 19 14 16 5 20 13 18 1
13 19 14 4 16 4 4 16 1
13 19 14 4 15 4 4 16 1
13 20 13 13 5 4 4 15 1
13 20 13 4 13 4 4 15 1
13 20 13 4 5 13 4 15 1
13 20 20 15 3 16 13 12 1
13 4 9 1 14 8 17 5 1
13 4 13 4 4 15 2 13 1
13 4 5 13 4 15 2 13 1
13 10 2 16 8 3 10 13 1
5 3 3 3 7 13 14 12 1
5 3 18 4 15 3 4 8 1
5 3 4 19 5 3 7 20 2
5 8 16 6 2 8 19 3 1
5 18 16 10 14 1 10 19 1
5 17 8 5 5 19 6 2 2
5 17 4 16 6 4 20 18 2
5 1 16 11 4 8 3 3 1
5 13 4 5 4 4 15 2 2
5 5 19 19 18 6 20 3 1
5 2 4 16 1 17 9 19 2
5 15 6 16 19 14 11 11 1
5 15 16 10 2 6 4 15 2
5 15 4 5 20 5 16 6 1
5 19 19 18 6 20 3 19 1
5 20 13 18 14 8 13 2 1
5 20 7 4 20 15 5 4 1
5 20 16 3 4 5 4 2 1
5 11 7 1 10 17 5 12 2
7 18 19 19 20 19 3 3 1
7 13 14 12 1 5 18 16 1
7 13 19 14 16 5 20 13 1
7 7 13 19 14 16 5 20 1
7 16 3 11 4 3 11 14 1
7 15 16 10 2 6 4 15 2
7 14 4 5 3 17 3 7 2
7 19 6 20 18 8 14 17 1
7 4 12 19 5 4 2 13 1
7 4 16 15 3 5 4 2 1
7 4 20 15 5 4 2 13 1
16 3 4 19 5 3 7 20 2
16 3 11 4 3 11 14 16 1
16 8 3 13 13 6 4 19 1
16 8 3 10 13 20 20 15 1
16 8 10 15 19 10 19 20 1
16 18 1 14 20 2 1 19 1
16 9 16 20 15 3 20 16 1
16 1 7 16 3 11 4 3 1
16 1 15 20 16 8 10 15 1
16 6 2 8 19 3 5 5 1
16 13 12 6 6 4 3 8 1
16 5 8 16 6 2 8 19 1
16 5 20 13 18 14 8 13 1
16 2 10 4 2 4 12 9 1
16 15 7 7 13 19 14 16 1
16 15 16 10 2 6 4 15 2
16 14 8 13 1 20 18 4 1
16 14 16 20 18 1 19 20 1
16 19 14 11 11 8 16 18 1
16 19 4 7 6 3 5 4 2
16 20 18 1 19 20 18 10 1
16 20 9 4 12 17 19 5 1
16 20 15 3 20 16 14 16 1
16 4 3 8 13 16 1 15 1
16 11 4 8 3 3 13 9 1
16 10 8 16 15 7 7 13 1
16 10 14 1 10 19 5 1 1
2 3 3 19 9 3 7 20 2
2 3 3 19 5 3 7 20 2
2 3 3 11 5 3 7 20 2
2 3 1 19 9 3 7 20 2
2 3 1 19 5 3 7 20 2
2 3 1 11 5 3 7 20 2
2 3 12 19 9 3 7 20 2
2 3 12 19 5 3 7 20 2
2 3 6 5 2 6 6 19 2
2 3 6 5 4 12 20 2 1
2 3 5 19 9 3 7 20 2
2 3 5 19 5 3 7 20 2
2 3 5 11 5 3 7 20 2
2 3 19 19 5 3 7 20 2
2 3 19 11 5 3 7 20 2
2 3 4 3 5 3 7 20 2
2 3 4 17 5 3 7 20 2
2 3 4 1 5 3 7 20 2
2 3 4 12 5 3 7 20 2
2 3 4 6 9 3 7 20 2
2 3 4 6 5 3 7 20 2
2 3 4 5 3 3 7 20 2
2 3 4 5 9 3 7 20 2
2 3 4 5 1 3 7 20 2
2 3 4 5 5 3 7 20 2
2 3 4 14 5 3 7 20 2
2 3 4 19 3 3 7 20 2
2 3 4 19 17 3 7 20 2
2 3 4 19 9 3 7 20 2
2 3 4 19 1 3 7 20 2
2 3 4 19 5 3 5 20 2
2 3 4 19 5 3 7 20 2
2 3 4 19 5 3 16 20 2
2 3 4 19 5 3 10 20 2
2 3 4 19 5 1 7 20 2
2 3 4 19 5 12 7 20 2
2 3 4 19 5 5 7 20 2
2 3 4 19 5 19 7 20 2
2 3 4 19 15 3 7 20 2
2 3 4 19 14 3 7 20 2
2 3 4 19 4 3 7 20 2
2 3 4 4 5 3 7 20 2
2 3 4 11 3 3 7 20 2
2 3 4 11 9 3 7 20 2
2 3 4 11 1 3 7 20 2
2 3 4 11 5 3 7 20 2
2 3 4 11 4 3 7 20 2
2 3 11 19 5 3 7 20 2
2 8 19 3 5 5 19 19 1
2 18 4 19 5 3 7 20 2
2 9 3 3 3 15 15 14 2
2 9 6 9 17 17 17 2 2
2 9 4 19 5 3 7 20 2
2 1 5 19 5 3 7 20 2
2 1 16 9 9 15 19 14 2
2 1 16 9 5 15 19 14 2
2 1 16 9 2 15 19 14 2
2 1 16 9 4 15 19 14 2
2 1 16 5 5 15 19 14 2
2 1 16 10 5 15 19 14 2
2 1 19 14 16 5 8 16 1
2 1 4 19 5 3 7 20 2
2 1 4 11 5 3 7 20 2
2 12 4 19 5 3 7 20 2
2 12 4 11 5 3 7 20 2
2 6 4 1 3 17 20 9 2
2 13 4 5 4 4 15 2 2
2 5 6 7 3 4 4 16 2
2 7 4 1 4 5 18 3 2
2 16 8 3 10 13 20 20 1
2 16 4 19 5 3 7 20 2
2 2 4 19 5 3 7 20 2
2 15 16 9 5 15 19 14 2
2 15 16 10 2 6 4 15 2
2 15 4 5 2 4 7 12 2
2 14 3 19 5 3 7 20 2
2 14 1 19 5 3 7 20 2
2 14 12 19 5 3 7 20 2
2 14 5 19 5 3 7 20 2
2 14 16 9 5 15 19 14 2
2 14 16 9 2 4 3 15 2
2 14 4 3 5 3 7 20 2
2 14 4 1 5 3 7 20 2
2 14 4 5 3 17 3 7 2
2 14 4 5 5 3 7 20 2
2 14 4 19 5 3 7 20 2
2 14 4 11 5 3 7 20 2
2 19 4 19 5 3 7 20 2
2 19 4 11 5 3 7 20 2
2 20 5 5 20 17 3 2 2
2 20 4 19 5 3 7 20 2
2 20 4 11 5 3 7 20 2
2 4 12 9 18 3 19 4 1
2 4 6 5 2 6 15 3 2
2 4 16 20 9 4 12 17 1
2 10 4 1 19 1 5 10 1
2 10 4 2 4 12 9 18 1
15 3 6 10 5 3 5 15 2
15 3 16 9 5 1 13 6 1
15 3 16 13 12 6 6 4 1
15 3 20 16 14 16 20 18 1
15 3 4 8 19 15 13 16 1
15 3 11 6 14 1 8 14 1
15 1 16 9 5 15 19 14 2
15 12 7 18 19 19 20 19 1
15 6 16 19 14 11 11 8 1
15 6 20 5 2 13 14 2 2
15 6 20 5 11 15 14 2 2
15 13 16 4 3 8 13 16 1
15 5 19 3 5 4 2 13 1
15 7 6 9 17 17 12 1 2
15 7 7 13 19 14 16 5 1
15 19 10 19 20 7 19 6 1
15 20 16 8 10 15 19 10 1
14 8 17 5 3 3 3 7 1
14 8 13 1 20 18 4 15 1
14 8 13 2 4 16 20 9 1
14 17 3 9 14 4 9 18 2
14 17 20 1 19 19 13 10 1
14 1 10 19 5 1 16 11 1
14 12 1 5 18 16 10 14 1
14 6 16 4 3 5 4 2 1
14 13 6 5 9 5 18 1 2
14 13 4 5 9 5 18 1 2
14 16 5 8 16 6 2 8 1
14 16 5 20 13 18 14 8 1
14 16 14 8 13 1 20 18 1
14 16 20 18 1 19 20 18 1
14 15 3 16 9 5 1 13 2
14 15 12 7 18 19 19 20 1
14 15 16 10 2 6 3 5 2
14 15 16 10 2 6 4 15 2
14 15 4 5 9 5 17 13 2
14 15 4 16 9 5 1 13 2
14 14 3 16 9 5 1 13 2
14 14 4 5 3 17 3 7 2
14 14 4 16 9 5 1 13 2
14 20 2 1 19 14 16 5 1
14 4 16 4 4 16 1 13 1
14 4 15 4 4 16 1 13 1
14 11 11 8 16 18 1 14 1
19 3 3 19 19 19 16 10 1
19 3 5 5 19 19 18 6 1
19 8 16 9 2 15 6 20 2
19 18 3 10 10 3 18 19 2
19 18 3 10 10 20 18 19 2
19 18 8 10 10 8 18 19 2
19 18 8 10 10 20 18 19 2
19 18 17 10 10 17 18 19 2
19 18 17 10 10 20 18 19 2
19 18 1 16 1 7 16 3 1
19 18 1 10 10 20 18 19 2
19 18 6 20 3 19 4 16 1
19 18 6 10 10 20 18 19 2
19 18 5 10 10 20 18 19 2
19 18 16 10 2 6 4 15 2
19 18 20 10 10 3 18 19 2
19 18 20 10 10 8 18 19 2
19 18 20 10 10 17 18 19 2
19 18 20 10 10 1 18 19 2
19 18 20 10 10 6 18 19 2
19 18 20 10 10 5 18 19 2
19 18 20 10 10 20 18 15 2
19 18 20 10 10 20 18 19 2
19 18 20 10 10 20 9 19 2
19 18 20 10 10 20 1 19 2
19 18 20 10 10 20 5 19 2
19 18 20 10 10 20 15 19 2
19 17 17 10 2 6 7 6 2
19 9 6 1 7 17 19 3 2
19 9 16 9 1 15 6 20 2
19 9 16 9 5 15 6 20 2
19 9 16 9 2 5 6 20 2
19 9 16 9 2 2 6 20 2
19 9 16 9 2 15 18 20 2
19 9 16 9 2 15 6 6 2
19 9 16 9 2 15 6 20 2
19 9 16 9 2 15 4 20 2
19 9 16 19 2 15 6 20 2
19 9 16 10 2 15 6 20 2
19 9 20 9 2 15 6 20 2
19 9 20 10 10 20 18 19 2
19 9 4 9 4 4 16 1 2
19 9 10 9 2 15 6 20 2
19 1 3 9 7 20 14 1 2
19 1 3 5 20 16 3 4 1
19 1 3 7 4 16 15 3 1
19 1 3 10 5 6 15 1 2
19 1 1 14 6 16 4 3 1
19 1 6 9 5 17 20 19 2
19 1 6 9 4 4 16 1 2
19 1 6 7 9 17 19 16 2
19 1 6 7 9 15 19 3 2
19 1 6 16 9 17 19 1 2
19 1 6 10 5 4 17 16 2
19 1 6 10 20 4 15 19 2
19 1 6 10 10 19 4 19 2
19 1 5 9 20 17 10 1 2
19 1 5 20 7 4 20 15 1
19 1 5 10 10 4 20 17 2
19 1 7 11 9 17 3 2 2
19 1 16 9 3 3 9 19 2
19 1 16 9 4 4 16 1 2
19 1 16 7 5 4 10 19 2
19 1 16 7 4 7 9 1 2
19 1 16 10 9 4 17 20 2
19 1 16 10 9 4 15 1 2
19 1 16 10 5 4 20 19 2
19 1 19 10 4 17 10 15 2
19 1 20 9 15 4 15 5 2
19 1 20 11 7 4 12 19 1
19 1 20 10 10 20 18 19 2
19 1 20 10 10 20 1 19 2
19 1 4 9 3 4 20 15 2
19 1 4 9 12 4 16 1 2
19 1 4 9 15 4 16 1 2
19 1 4 9 19 4 16 1 1
19 1 4 9 20 17 17 14 2
19 1 4 9 4 17 7 2 2
19 1 4 9 4 17 16 1 2
19 1 4 9 4 17 20 19 2
19 1 4 9 4 16 16 1 1
19 1 4 9 4 15 16 1 2
19 1 4 9 4 4 16 1 2
19 1 4 9 4 4 15 1 2
19 1 4 9 4 4 20 1 2
19 1 4 9 10 19 14 17 2
19 1 4 9 10 20 5 4 1
19 1 4 12 9 6 19 14 2
19 1 4 12 4 17 10 20 2
19 1 4 5 9 4 19 19 2
19 1 4 7 9 15 20 18 2
19 1 4 7 2 20 7 19 2
19 1 4 16 4 4 16 1 1
19 1 4 15 4 4 16 1 1
19 1 4 10 12 4 19 20 2
19 1 4 10 5 3 20 18 2
19 1 4 10 15 5 19 3 1
19 6 20 18 8 14 17 20 1
19 13 3 9 5 3 18 20 2
19 13 18 5 6 3 17 6 2
19 13 5 5 3 20 4 4 1
19 13 16 10 2 6 4 15 2
19 13 4 5 4 4 15 2 2
19 13 10 2 16 8 3 10 1
19 5 3 18 4 15 3 4 1
19 5 1 16 11 4 8 3 1
19 5 16 5 2 4 3 13 2
19 5 16 5 14 17 20 16 2
19 5 20 10 10 20 18 19 2
19 16 9 16 20 15 3 20 1
19 16 16 10 2 6 4 15 2
19 16 10 8 16 15 7 7 1
19 15 3 9 2 5 14 3 2
19 15 3 10 2 6 4 15 2
19 15 8 10 2 6 4 15 2
19 15 6 10 2 6 4 15 2
19 15 13 16 4 3 8 13 1
19 15 13 10 2 6 4 15 1
19 15 5 10 2 6 4 15 2
19 15 16 9 2 6 4 15 2
19 15 16 7 2 6 4 15 2
19 15 16 2 2 6 4 15 1
19 15 16 19 2 6 4 15 1
19 15 16 10 3 6 4 15 2
19 15 16 10 18 6 4 15 1
19 15 16 10 13 6 4 15 1
19 15 16 10 5 6 4 15 2
19 15 16 10 2 3 4 15 2
19 15 16 10 2 6 18 15 2
19 15 16 10 2 6 17 15 2
19 15 16 10 2 6 9 15 2
19 15 16 10 2 6 6 15 2
19 15 16 10 2 6 5 15 2
19 15 16 10 2 6 4 17 2
19 15 16 10 2 6 4 5 2
19 15 16 10 2 6 4 2 2
19 15 16 10 2 6 4 15 2
19 15 16 10 2 13 4 15 1
19 15 16 10 2 5 4 15 2
19 15 16 10 2 16 4 15 2
19 15 16 10 2 20 4 15 2
19 15 16 10 2 4 4 15 2
19 15 16 10 20 6 4 15 2
19 15 16 10 10 6 18 15 2
19 15 16 10 10 6 4 15 2
19 15 16 10 10 16 15 19 2
19 15 16 10 10 20 18 15 2
19 15 16 10 10 20 4 15 2
19 15 15 10 2 6 4 15 1
19 15 20 10 2 6 4 15 2
19 15 20 10 10 6 18 15 2
19 15 20 10 10 6 4 15 2
19 15 20 10 10 20 18 15 2
19 15 20 10 10 20 18 19 2
19 15 20 10 10 20 15 19 2
19 15 20 10 10 20 4 15 2
19 15 4 10 2 6 4 15 2
19 14 16 5 8 16 6 2 1
19 14 16 5 20 13 18 14 1
19 14 19 5 10 3 19 19 2
19 14 4 16 4 4 16 1 1
19 14 4 15 4 4 16 1 1
19 14 11 11 8 16 18 1 1
19 19 18 6 20 3 19 4 1
19 19 13 10 2 16 8 3 1
19 19 5 10 2 3 5 20 2
19 19 16 10 8 16 15 7 1
19 19 19 16 10 8 16 15 1
19 19 20 19 3 3 19 19 1
19 20 18 10 1 6 5 15 1
19 20 5 5 6 17 16 19 1
19 20 7 19 6 20 18 8 1
19 20 19 3 3 19 19 19 1
19 4 16 8 3 13 13 6 1
19 10 16 9 2 15 6 20 2
19 10 19 20 7 19 6 20 1
20 3 3 3 13 9 17 14 1
20 3 19 4 16 8 3 13 1
20 3 4 5 4 4 15 2 2
20 18 8 14 17 20 1 19 1
20 18 1 19 20 18 10 1 1
20 18 4 5 4 4 15 2 2
20 18 4 15 3 11 6 14 1
20 18 10 1 6 5 15 6 1
20 9 16 9 2 15 6 20 2
20 9 20 9 2 4 4 9 2
20 9 4 12 17 19 5 3 1
20 9 4 5 4 4 15 2 2
20 1 19 19 13 10 2 16 1
20 1 4 5 4 4 15 2 2
20 13 3 5 4 4 15 2 2
20 13 18 5 4 4 15 2 2
20 13 18 14 8 13 2 4 1
20 13 9 5 4 4 15 2 2
20 13 6 5 4 4 15 2 2
20 13 13 5 4 4 15 2 1
20 13 5 5 4 4 15 2 2
20 13 16 5 4 4 15 2 2
20 13 4 3 4 4 15 2 2
20 13 4 9 4 4 15 2 2
20 13 4 1 4 4 15 2 2
20 13 4 13 4 4 15 2 1
20 13 4 5 9 4 15 2 2
20 13 4 5 6 4 15 2 2
20 13 4 5 13 4 15 2 1
20 13 4 5 5 4 15 2 2
20 13 4 5 2 4 15 2 2
20 13 4 5 19 4 15 2 2
20 13 4 5 4 4 15 2 2
20 13 4 7 4 4 15 2 2
20 13 4 10 4 4 15 2 2
20 5 16 9 2 6 19 2 2
20 5 16 9 2 15 6 20 2
20 5 4 5 4 4 15 2 2
20 7 19 6 20 18 8 14 1
20 7 4 20 15 5 4 2 1
20 16 3 4 5 4 2 13 1
20 16 8 10 15 19 10 19 1
20 16 14 16 20 18 1 19 1
20 2 1 19 14 16 5 8 1
20 15 3 16 13 12 6 6 1
20 15 3 20 16 14 16 20 1
20 15 18 9 11 17 4 15 2
20 15 6 7 9 17 20 9 2
20 15 16 10 2 6 4 15 2
20 19 3 3 19 19 19 16 1
20 19 8 10 8 12 1 20 2
20 19 5 5 20 5 18 18 1
20 19 4 5 4 4 15 2 2
20 20 15 3 16 13 12 6 1
20 4 4 5 4 4 15 2 2
20 11 7 4 12 19 5 4 1
4 3 8 17 1 16 2 10 1
4 3 8 13 16 1 15 20 1
4 3 11 14 16 14 8 13 1
4 8 3 3 13 9 17 19 1
4 8 19 15 13 16 4 3 1
4 17 6 8 20 17 7 17 2
4 17 4 3 17 17 17 17 2
4 9 1 14 8 17 5 3 1
4 9 19 4 16 1 5 4 1
4 9 4 16 16 1 5 4 1
4 12 17 19 5 3 18 4 1
4 13 4 5 4 4 15 2 2
4 16 8 3 13 13 6 4 1
4 16 15 3 5 4 2 13 1
4 16 20 9 4 12 17 19 1
4 2 4 12 9 18 3 19 1
4 15 3 4 8 19 15 13 1
4 15 3 11 6 14 1 8 1
4 19 18 1 16 1 7 16 1
4 4 3 7 2 4 4 6 1
4 10 15 5 19 3 5 4 1
11 8 16 18 1 14 20 2 1
11 7 4 12 19 5 4 2 1
11 14 16 14 8 13 1 20 1
11 4 3 11 14 16 14 8 1
11 4 8 3 3 13 9 17 1
11 11 8 16 18 1 14 20 1
10 8 16 15 7 7 13 19 1
10 17 17 9 4 15 7 7 2
10 9 16 9 2 15 6 20 2
10 1 6 5 15 6 16 19 1
10 13 20 20 15 3 16 13 1
10 2 16 8 3 10 13 20 1
10 15 5 19 3 5 4 2 1
10 15 19 10 19 20 7 19 1
10 14 1 10 19 5 1 16 1
10 19 5 1 16 11 4 8 1
10 19 20 7 19 6 20 18 1
10 4 2 4 12 9 18 3 1
