n: 500 f: 5 f_i: 5 f_red: 0 f_rep: 0 label_cnt: 4 noise: 0.01
500
5
4
0.6893249367387833 0.46578159148419873 2.730045273653113 4.739678197303801 -0.04027328840449218 0
-2.6935098491119422 -1.7578591469299423 1.3491390373841026 0.12363621355632382 -2.7553053038207302 3
-1.235383792267559 -1.6913043612027954 0.6444881085448388 -1.858966758944817 1.3843433753012433 2
-1.4409905454764027 -0.8171643320665175 0.8248447484010453 -1.1591989844334916 1.0648042769165258 2
0.6230477924658337 0.0826460089742509 -2.2498684710892745 -1.4613165491040125 -2.9363857421920674 3
2.2501060274417894 -2.0982175603216433 -1.3708547510873204 -0.8952153345461609 -1.0459292552811856 3
-1.3551966472207537 -1.2554724279994947 0.43087495292585054 1.419136967534813 1.8771052413335774 0
-2.3630700602773125 -1.6938434895347703 1.9255756312348442 1.3388643264710973 3.248582627819174 0
-0.2578356959148933 2.728771004978835 -0.6559003511620567 1.7785463205314755 2.9727254503967413 1
-1.1286534037350773 -0.40824781659272036 -2.4173048785403735 -0.1805560612205095 -3.567914153819141 0
-1.283605925125584 -1.6994791601784147 2.7316894745311946 -0.31933481087635796 0.925799114173566 2
-0.6692625228555644 -2.4414486861617237 -1.8736821286123941 0.26213892581103826 -2.426355095359527 3
-3.570626591989389 0.5023283645783845 -1.713650033903651 -2.7805636639266957 1.0477143108912346 2
1.003024606770944 0.1501823839062617 0.7180033759463215 0.3493590453458606 -2.6395729386971962 0
-1.3976628839847451 0.08086086649896429 1.6080857842904086 1.6100395309547333 1.7010802140831562 0
0.16775792248800314 -0.10507449630092291 -1.2374743560031172 -0.3880274443833165 1.725235603373605 1
-1.4449407969791175 -1.6324274176424791 1.35265074591325 -0.24986921037209409 -0.2959937916769122 3
2.9532849546046522 2.4199623331354982 -0.7637483745496679 1.444484906681398 1.3006458110677102 1
0.1210026015028367 0.4837298396564145 0.2217307783612662 -3.1161110090147908 -1.2282595340009284 3
0.815154716611564 -1.9343619523681035 0.09171755839315254 -1.4473417828272939 1.3916598534266378 2
-1.1546112635506218 0.5309600738950122 -1.4508686204333612 1.5067674541519986 0.5003826906108543 2
-0.3586460606283963 0.8441071747904039 -2.45039565091689 -2.164411289936628 1.9786943723030284 2
0.4858246963859405 -0.20927353579421704 -0.4072816748372483 -2.1893494165966416 2.0545368334525547 3
1.4816588930492922 -2.418797596001511 2.2190894043193268 0.25820381711647133 2.0189464484141824 2
-0.06657546344708243 -0.8971730466137193 -0.5222022039198018 -0.30815296060819086 -0.9572921200085498 3
-0.01551719491263892 -0.9635857970155212 1.751811446598437 0.16042506659428546 -1.0990266171265444 0
-0.6661824757737369 0.2105919668767957 -1.6915491914190643 -1.4528027117772322 -2.399576535537536 3
-3.27741279736374 0.71551701478117 2.852358682202077 -1.1392352989846395 -1.6665754714333767 2
0.9062527356091041 -0.9254686058834799 -1.3165299831043868 -0.08121193633016088 -0.5963997668286686 3
0.9265007221121995 -2.041278896632028 0.41388042668410285 -0.6781329538542074 1.7863308095106696 2
-0.9237169503533038 0.82043397340348 -0.17798271440163882 -0.7762228548084343 0.4445289638454589 2
4.73918265422021 2.1737298479655296 -3.1822257546485218 -0.2899565892577891 0.5017010434482885 1
-1.0349084470039795 2.6618542728802925 1.1367936529805691 -0.7353789200887784 -1.3435130750346094 2
-2.67520861568632 -0.9427562546832458 1.929361662299708 -1.0187541455373692 -5.703880675759557 3
-1.1574366154542974 -1.3327581277942238 1.6829778555007024 1.532744015884281 1.6282007889683061 0
-0.8427598930246797 -0.4366000796895604 2.316601730571864 -3.2919028090370026 2.74015500462884 3
-0.9096315833805579 -0.49519324794095265 -1.7133077910872718 0.9144514996138147 -0.7858863105224552 1
-1.8611119854834235 -1.2287602380160438 -0.8816025483747696 -2.175131876391924 1.562879035903565 2
1.789728722025315 -3.06038049970325 -1.4529447597819511 1.4001748060853134 0.9147751644514472 1
-0.5045809582321068 0.17712014713787738 0.2533736337361744 1.8481628901833953 0.7171535355698423 0
0.4716392960718584 -0.598231594861667 -0.032046404980643706 -0.36875427978385256 -0.03838568142482646 3
0.9066933965873033 2.966149967953192 -3.8345540002897813 -1.090122604952863 -0.870023077785177 1
-0.23075476262188221 2.708781975983821 -1.5324101138869892 1.541024893238959 -0.24381437412566864 1
-0.059147571237722296 0.6834397385642673 -1.7799727231027784 -0.7441359048941008 1.3754249506484184 1
0.4205795102044172 -1.2272059181452626 1.6948081812612856 -0.21041909870871822 0.805921617616417 2
2.2609971467700403 -3.495262645324065 -0.781419152371195 0.5214718689423078 0.06276771286594895 1
-0.512300833143507 0.33167199677143433 -1.4418498479045683 -2.100651119119572 1.833220055873054 2
1.9256499581968027 -2.9271798015581174 -1.508417911622929 0.8621612648425707 -0.8124980856477684 3
-0.48576274416953713 0.20156358609852876 -1.0514193519146524 -2.374174925414322 -1.3863302241203503 3
2.5947776125343847 0.43660056001644765 -0.26170020109468084 3.135015849338779 1.5364363025673855 1
0.9856334826111222 -2.432242933282411 -1.7850366666515347 1.2046317441715413 1.0306831657389564 1
-1.5531226397843707 1.2336924602346087 -0.49159479107134163 0.6364046248798461 0.23444918069655674 2
2.2833559502965306 -1.1499190984393604 -3.327720007242334 0.9276121028599549 -0.9298183622370279 3
-0.7747479536308649 -0.36186332719370173 -0.31102906259244456 -0.7243891254301631 -1.383040288810785 0
-0.9605250899764054 0.332644661385727 -0.6045760362477581 -1.2707578966785522 1.5817550296485683 2
-0.37957018571731815 1.9854167711249917 1.6179576412300145 2.000193041501568 -1.4755781710696585 0
3.0684840300266627 -2.9315513910783118 0.2985683875168692 0.839978839795039 -0.1356673856184596 1
-0.5889145869407864 1.173246211000607 -0.8636704686783794 -0.16897448472847776 -0.7528157426851485 3
-0.13621667238234547 -1.418027695356344 -0.9773081074610201 -1.7852957231308069 2.2367884068231776 2
-3.2287473359065246 -0.965093618544155 0.04289855767067041 1.4456719983458035 4.658333431220555 0
0.8893003217155393 -0.7647817824741996 -0.7370912196492211 -1.0616879412644535 0.49944214413236854 1
1.8983538312959776 2.526777672150202 -2.3643298581133174 0.14760005696827416 0.7687223908156029 1
0.4459385343283835 1.2096364874860892 2.146073143218841 1.0086507259667024 0.48506774369591343 0
-1.0605888929971918 -0.6294756828657253 -0.3109976754634802 2.1816572503052427 0.5117057791245595 1
-0.14675110708558337 -1.0216300646863572 1.2733734589527255 2.1996139293411954 0.6650714469542811 0
0.7757962064958248 -2.1135905022496186 2.4808994012681005 -0.01156754624664591 1.2193805242229148 2
0.036897590272343406 1.6406991097308292 3.5216561497082215 2.5470072276139573 1.854498130691899 0
2.769583522403824 -1.714892911286341 -0.5662811312036011 -0.8247419556105932 -1.2140756367950218 3
-0.2225535595147876 -0.5429915221094415 -1.6578005169655659 -1.271812985441945 2.0123120163416877 2
-4.253892878906448 3.2281732628594657 0.3376085719195985 -2.295328859201051 -2.136096464292627 0
-1.7292139714469852 1.826910012435849 2.4679551533530044 -0.2803400315875646 0.7327461139163476 0
0.5537418501941225 -0.1477363075136814 -0.5725096898279807 1.2179719691112092 1.939075903533283 1
2.4842556183287963 -1.338120560602268 -1.116478458426763 -0.5043013330680478 -0.9150473992586826 3
-0.2593313315025576 1.0655033937185947 1.9032195770219655 -1.8865609904978506 -0.3023066589072092 0
0.2301646258824792 -1.4339727397830333 1.3232880302270813 1.6990885932581377 -0.23678102016806046 0
-0.16384898812732362 1.9460899947781694 0.3497132453644207 -2.082933247817307 -0.4866126772676418 2
1.0172969977927295 -2.6394983207380567 -2.7300509981899337 -0.8471444630478119 -3.4089339577832978 3
-0.4695470767332146 -1.2836876318950807 2.9281415530369883 -0.09499048664448073 0.20747499632700572 2
-0.06658556238746283 -0.15929965018462422 -0.8495334823755558 0.3770363230018412 -1.0700959220940383 0
-0.8233423801198756 -0.04386007824008953 -2.3337097740404786 1.1779029365147946 0.9239373000659615 2
0.6478108865207903 -0.11848680251177246 -1.5139262575758834 -0.7187414694307079 -2.4149918121145197 3
0.2420407859439362 2.082659157435337 -0.46125668117813 -3.2417348445690695 0.12754412512201552 2
-0.852382000488896 -0.8904661324049311 0.7778372641488255 -1.0127793479289815 -1.1604726943375532 3
0.6897491157761804 2.565552616377314 -0.3165080788574127 3.137424373843131 0.51648157804374 1
1.719425373080984 1.2259496882585932 -1.5309695847124813 -3.258752332698298 -2.3785497391431925 3
1.9295907049805177 -2.0232828077739367 -0.4666199865312457 -1.0291926650176708 -1.218795841213828 3
-0.1545775228299331 2.130398220972337 -0.51292380276346 0.38649771267351396 1.547082390052045 1
1.1628266273509233 -0.9552195680885212 -1.363178039420902 -0.11138607836268988 1.3993985533774658 1
0.5722249209113996 1.4856307823966273 0.2640709304729514 4.5952412014984825 0.45607775904526315 1
-1.308272468020264 -0.5639193588228484 -1.6039812963596907 -1.962383695748044 2.1045318347480513 2
3.3731374613956007 -1.3491508272695176 0.6434172062812555 0.35848500094619407 1.4627237498945838 1
-2.26399295086544 2.003965535660245 -2.8062976488225457 -0.31214826479430746 -1.3061424262060308 1
0.6186325286641668 0.48464758902567273 -2.0499816738085848 0.3192282874329866 0.16679611102223824 1
-1.3122588216676307 2.2558715748632476 0.4486822637946407 0.5935670480073929 -2.589852640501385 0
-1.7983831622858446 0.8270710124671903 -1.9235539734793505 0.07587746059369871 1.4842477524790394 2
-2.9109110324547327 -0.8989797194874384 3.6619593463145743 -2.0016163905951876 -3.023764017025747 3
-0.8910106725397771 1.0264678322712086 -1.1092663341382778 1.414451190004652 0.20520849361222593 1
-1.7213201753392542 -1.3115487026706365 1.9989327892337245 -1.1648130742097815 0.38770265001891424 3
-2.372841278395451 2.1573257996199935 1.625671931652953 0.6396331685882816 -1.0888338456946522 0
-1.5027594940198332 1.067070047047998 0.29666328448010293 -0.7731790883337326 0.8054790763759379 2
0.982142848692127 -1.7762983957802514 -1.2894707716754392 1.4572495016078948 1.2128111619088773 1
2.8670983814119815 -1.9123441477320435 -0.5254689156883858 -1.4637668775419002 -2.7925407102779642 3
3.11624586010905 -2.5514120388067187 -0.5552452605008484 2.8035541584525956 1.9391730376271124 1
-1.05587782575756 -1.527188006994726 0.8604304629478091 -1.0356854202066323 2.3756279590416653 3
3.4057804008928407 -0.8309170606227014 -0.224569350104867 2.6952170117371725 1.591757124223582 1
-1.21881395958431 -1.7672769131941495 2.01704097163688 0.2172343505827219 -0.6771504079783697 3
-0.5600255484251937 0.3476346592461419 -1.109257616474316 0.8273354315148043 0.6159847567598518 3
-2.4456106773298556 -1.3028584916753112 2.6491198794611925 -1.5707904765419807 -0.5269681031307436 3
-0.8992987266077407 0.1475135422235403 0.8860051390836541 -2.9489230660136787 -0.7173497092758889 3
1.0604543050167212 -2.3454432398401277 -1.912109142009339 1.2294212098339043 1.4467148490308517 1
0.17798133793422866 0.34547738202626066 -1.957265181807815 -0.8673743235438438 -1.3827516397320465 3
-1.211730788081978 1.4780956093216866 0.24642753644731252 -0.024647709257323847 0.19696176383666075 3
0.47194044378801503 -2.5038740532314763 -1.6488563110416772 0.261223402404563 1.0990835376223265 1
4.298469020577901 -4.84773279260571 0.4313818867098804 -2.4872596360922508 -0.6869194653837303 3
-0.6338226272634169 0.8441567483195023 -1.7063600429283858 2.626441150482255 1.5738924987183633 1
-1.7441205097498567 -0.43841777592613385 -2.535481891765081 0.045710239147136456 2.961003241803721 2
-2.2268786467197343 0.6262121951710251 -0.7703856362578987 1.517450675261669 0.8471747523323111 2
-0.06965283592743754 -0.21346770395817805 -0.8044519319544053 1.5108299848082247 0.6151499704312811 1
-1.6074867318076709 -1.4437363096495808 2.1030963033391132 -1.4015937266672815 0.6351094874778358 3
0.1859459396630564 -0.32960992105673304 -0.9002857823896784 1.5338941157467472 1.5135699288433875 1
-2.236812956099617 -0.565997515361927 2.4108750510963084 -2.8782004346322694 -1.385488917526384 3
0.2852002489543838 0.49956075905687924 -1.8900994633773989 1.519074346677308 -0.3613035112181959 1
-0.5595049162762948 2.0206107471239863 -0.1679941115808845 -2.5648278407340244 -2.9526902802042603 0
2.331595521390912 1.2826248667773932 -2.3016793156659494 -0.8414875001009465 1.8799730824374237 1
-0.32781193170092215 0.6997586510441521 -1.0863662849272437 -2.3377517501787093 1.539580097537248 2
-1.8169709797700127 -0.6951270696665914 -2.387995643277982 0.21804895964658 2.93107040848959 2
-0.11206546714773391 -0.9439813870407456 1.252539266541225 0.5791639050758011 0.4412086885994553 0
0.40277514895316247 -0.6060807686490868 0.6335064315075132 1.8541067995552607 2.4110028715436918 1
1.8943346061072348 -2.310990023260766 -1.0010907439588803 1.3057985269947001 2.204618854367853 1
-3.0789774596933546 -0.19414649102546166 0.7729266374500185 -1.5593017045444824 0.3400484305277003 2
1.22760459626145 -1.0626926747608607 -0.7966388938557303 2.3949712519248543 0.45566706392035505 1
-0.8406336824554008 -1.2022669809650453 0.29575412579572224 -0.4810122604682371 -0.8295134482895554 3
0.9509981055789587 -5.006528447560469 -1.733719834277315 0.06373614395999616 -0.7024342484627133 1
-0.10876599873351267 -1.8494717923900637 -1.369133230535022 1.8836566647103883 -0.8229240301990535 3
1.4848882872083138 -0.8675651493088128 -1.5711295300013903 0.45111501879020977 -0.10888996319449107 3
-2.7910721053582916 2.001610611891858 -0.9711422899487445 -0.7544544349681781 -2.2370995213411575 0
-1.2128386740778525 -1.2850702473685636 2.7032678476609497 -0.4950468215644461 0.15583606206443934 2
0.3769074286681233 -1.1844584631105641 0.7444356599615918 2.1186942607244275 -0.11380215582560127 0
-1.3043577795010184 -0.7730622552922253 -0.897713974138991 1.2082448710036682 -1.9493940290391905 0
0.44178553110105745 0.5402246482849773 0.4928543761373093 1.7355008522797246 -2.708018618176797 0
-1.337451845460836 -0.6828113458679295 -3.6297684322068764 0.2712853198867078 3.0381214958652243 2
-0.34398501575046025 1.283663462650174 -0.8165606358172115 -0.8082796267413062 2.15389209559189 1
1.9678427474710034 -0.7094809498515833 -0.033890595043028715 0.857487876709545 1.6154878513650326 1
0.0579588492712757 -2.0553944433287343 -0.33564792361431084 -1.046097310534159 3.0343693509076854 2
1.3574381822306603 1.099028126943047 -2.23409464537617 -1.054804935044694 0.8755971671866828 1
-1.4328427961244468 1.7805072987613249 2.9899713788641225 3.5280835715886734 0.2938695928863335 0
-0.334492525977763 0.657303119536299 0.18987794480070175 -4.942746235501364 2.467199579037166 2
1.009526205372935 -0.5007776818099234 -0.1701959025308616 1.0931045263424268 -0.18402211726979956 1
1.3511873012983233 -2.332325630089291 -1.0156445745682126 0.18494310807402548 1.2217094400379802 1
-2.247193664571058 -0.030296248622241007 0.9006975544125507 -1.059581178159955 1.1372102022987698 2
0.8792676644366697 0.2269993595887041 -0.8177766721284758 -2.0096055184037267 -0.5010136293907673 3
-1.0861379772506379 0.04455927102416335 1.0168758573218803 1.2410738730187898 -0.052706907979609974 0
1.9927297435552016 -0.05364040336534481 -0.6557892293524734 2.9582892043792386 2.6210383551760694 1
-4.0572862497998345 -1.1529838669097794 -4.547134481622258 1.6626046262272687 2.2727432202525577 1
-0.502048020000667 0.3409411597378047 -1.0149133011008933 -0.3733060596661215 -0.5001590234095953 3
-0.8325117452212025 -0.19958587600527822 -2.8066810554626667 -0.5186857273631491 2.213001822901506 2
0.04959141260404465 -0.6220839723291763 -1.729145832589849 -2.422482841873634 -2.338682978136304 3
-1.0983078085352427 1.902161597710959 -1.196859061540213 0.04904763656864897 -0.2856460278157591 2
-1.1403942610787354 -1.3700084751460913 1.256784715626618 -0.8309445488888294 1.3241928794664117 2
-1.1168298742170546 -0.34442345884045455 0.14443961189858812 0.5191230886120599 0.809518263175041 0
-0.10692298251266419 -1.5142391275282652 0.17169973488245382 0.046287718447693305 1.5465850565760157 3
-0.8800282253923767 2.2988065289510944 3.1531302770726817 2.9040350714052288 -1.4010339001888779 0
2.4024552758982702 -0.3865641447608289 0.6661078688770008 -0.9550691928873304 0.44473985396894555 3
-4.772684984879769 2.4087629511926942 3.4254196925287546 2.0730720468498625 -0.5204409283006742 0
3.22696014036453 -3.504875673759358 -3.1014612373907005 1.3718691177882736 -3.6971173407778877 3
0.2859430565477905 -0.9810573285307762 0.5119346995705232 2.1076157626199348 0.05500013382713842 0
-2.106621127155547 0.16318222724820197 5.2135559257805495 -5.116585252669408 1.4618155201630882 3
-0.9228248580074533 1.908277538974079 -2.5765154788610944 2.4619682752209435 -0.9265792724285349 2
2.1844208643642897 -2.4007769733979356 0.5627622502924856 -1.8958482811009232 -2.5880662736887707 3
-0.1817948214811851 -1.2587768856035064 -1.3860847181400406 1.0446609613620166 -2.8528495888372354 3
-1.117890647523904 -0.4548930572289438 0.010530621362797365 -3.4988719606178362 3.3576446241902667 2
-1.7228831983033812 -0.3129132230014493 0.8610859110366067 -1.4828423879311687 -0.6830938963273079 3
-1.115992888498831 -0.22647400109928084 1.1152303800484338 -1.510880323697691 -3.875734311815183 3
2.3084349872904877 -0.5446018705314748 -0.24934355062467572 1.7860837953256414 0.640778002792509 1
-1.579966730158337 -1.3079347893223072 1.9373247904667696 -0.7414983430348104 -0.4952088275573234 3
-0.22890076955566274 -0.4491113531949228 0.5056243048640275 1.65798764515077 0.23957033209013778 0
-0.2855864756359403 -0.18292443903296862 1.3819279449894082 -3.9174310989063716 -1.4199817739874692 3
-1.0909573307516789 2.1324453429372117 -0.07794015592738324 -0.4064865512753305 -0.3922495103046082 2
1.8831229279124018 -2.4780022303045515 -0.7199044445133731 -0.9673482291999481 3.043960496255096 2
1.3368657721566202 1.288718833333538 0.19818398943818716 1.6007483194471868 2.325203702685069 1
-1.5887710693668888 -3.072228710081209 -0.5169585982743066 3.273479265911191 -2.4132088614587954 3
0.1951734536772327 -1.0160113999201332 0.7363132259659242 0.2861060050262495 -1.2917316670849903 0
-1.2168251878175995 -1.019718989153885 1.6003846371505879 -0.5909679304613737 0.1233884504331414 0
-1.3795662248461036 -0.2694573556645822 1.8715332289821436 -2.2743529799103057 -1.204937495791281 3
0.9281917543777645 1.700592960702361 -1.6404029721123194 0.11199723432372699 1.0285011190893916 1
1.0720013318414334 0.4030500289012071 -0.6657774313788016 4.0295076621967585 -0.30531604027178716 1
-0.3644653693991857 -1.3566202209225824 -0.9735147021716473 -1.6854384995854637 2.2240623224266636 2
-0.4129238522815798 0.4640724481510595 -1.334938024849945 -2.7569217767899143 1.9767708222628713 2
1.0839568716422838 1.7407538436203482 -1.1642137573798264 0.5518975026839685 0.9474683487188398 1
1.9235225602001156 -2.300588736177219 -0.898883490529055 1.1643803638457153 -1.0746778141082407 1
3.7502583680393746 1.63153196388184 -0.13698129770570966 0.3661830015138703 4.083376332207762 1
-0.8639756254560027 2.079178191335843 -0.5940950994350114 1.726715858960975 -0.16475187664521984 1
2.3837809070880525 -1.790826154493531 -1.131202257387535 -0.39430635907097855 -1.026075641209326 3
0.0407842406313641 -1.3475931210771908 -0.883542447236993 -0.21483187488833622 -1.1409003408782294 0
0.15338343675877875 1.1641653916110577 -1.4258538299912544 2.413394353435936 -0.40187422397809436 1
-1.3369723802222195 -0.914960472862524 -0.09603455959523233 -1.80146367924775 1.2867434180641022 2
0.5363109607023961 2.8530912994141597 1.10430502976347 0.8928567435416773 3.087723650477795 1
-1.1919439915285708 -0.5605639050703262 1.17266746300604 -0.42862516626774616 0.7421056070650227 2
-0.7465405445283064 -1.0688730957491304 2.0860923061450407 -0.4698582171332888 0.37087602471571457 2
0.263066030987558 0.8956162972144707 -0.8670055724190466 1.233022458763009 1.4388118692528988 1
-0.14223914518867087 0.852556394304185 2.393215231149778 1.864402139679647 -0.18044416699113186 0
0.428586996308963 -2.1786595812319622 1.3184814540301968 -0.7451249249605134 1.7292657297361504 2
-0.3604119270346279 -0.4543372518634582 0.5158025828856814 -1.698927404829114 0.09199879734071525 3
-1.0532162092561155 -0.3564185810507451 1.185326410099924 2.009447968223024 1.741522107392656 0
-1.8048100760106216 -0.6953225359019042 3.6603375236968203 -0.05773011277037421 -0.4580469687537174 2
-1.3436792457201419 -0.6327568557067438 2.0761328016758176 -1.9683328265310132 -2.140594112967491 3
-0.6263492595673978 -0.989253029716199 0.7802273953857628 -1.2518366856371892 -0.23637067800854372 3
-1.4149916069853485 -0.7360328962830318 1.4153425510509634 -2.060169935090886 0.46171991349235464 3
-1.4000401308816817 -0.24182744617504648 0.8284423912893774 -1.1343332583393675 0.22441548007445045 2
-2.024443342244737 -0.14650696952329945 0.7568193300720749 1.045444363474011 2.287252949671801 0
3.284311208321207 -1.96329693707478 -0.561073342486085 -0.06566014497199402 -0.9939083190239251 3
-1.1122456844148771 -1.0844030822944086 0.17149683671422478 1.0078063636651626 1.3514669292917914 0
-1.003597309706974 1.3039644518986635 -1.3169437874582481 0.47268255031404305 1.307361536474883 1
0.5199055880654896 0.342064773934209 0.9016888133590326 1.2609185790857866 2.993510233048391 1
-2.007039143304823 0.33766193278539625 2.5597958367542004 -0.9899747322442298 0.48776878946696833 0
1.1503322961706135 0.2849171377030312 2.298274126938299 2.20596292575396 1.8114993618980582 0
-1.6727724792200989 -1.172910826812846 -2.544828781759209 -3.0013506661713816 2.403234714832945 2
-0.7534882984052439 1.0116521519866908 -0.12706673327160345 -1.7482949552486489 0.934885073745199 2
3.967552165677067 2.258795491104686 0.7854343309079415 2.3176940237433374 3.126010953680245 1
-2.0785488184744167 0.39271721145750726 2.5797019764234372 -0.42463173256786435 1.0011325154472253 0
0.7578809554144731 0.6228841033495232 -1.6283955877554543 -1.9324012918077913 2.054328020824401 1
-3.1404710728785856 0.3724092246727091 1.1754036770359524 -1.1302833074112122 -0.24708460678860744 2
0.052483976432148305 -0.6632395455591673 -0.6622247711577642 -0.5222835881683854 -1.7131717386921008 3
2.3901826337103333 0.5428493905904606 -1.609576243616711 1.5891972125570293 0.4748588212973398 1
-1.0843161577685305 -0.29658098487069273 0.5925049975428842 -0.5191432016236148 -0.08156428719100384 0
-1.5421143374321322 -1.4706804471081465 2.0893090583648086 -0.8942583408388175 -0.9304096236259984 3
-1.0605349265136674 0.4543900831948786 1.7564577466381444 -3.392809635514324 -2.29811714576252 3
-0.5226747644011012 -1.7524057248140978 0.19069318122595402 2.264757463190155 1.5426745940826248 0
0.8154474361993732 0.9018507001146868 -1.4622826823438901 0.6847663255447003 0.9156658033614117 1
-1.273164982569014 -0.9147703360389234 -1.7382588164942514 -0.7898117011325391 2.732321053228982 2
-0.2043517585198178 3.098465708558627 -0.2937536011757411 -1.5068463803635803 -1.3313779662380498 2
-0.5166425756818048 0.5189236223470508 0.9050230647741447 0.7181143547762759 -1.3768439027281347 0
1.0549308539144706 1.4806224471905938 -0.023354954206662448 -0.3612348410218007 0.2434617077869181 1
-2.106528718211596 -2.52458156597526 -0.03222431457799768 0.7747460734588298 2.9553627471946027 0
1.6278627365086478 -2.4963123671171106 -1.4195006419826246 1.745417949913305 2.3522449492595903 1
0.20761809187267133 -0.5171205114918378 1.6335134770458737 1.369367763403365 -0.6835012811025782 0
-1.2863479395061854 0.4049802765868602 -1.809223693769471 -0.13242567222966461 -0.42138111098875086 3
-1.5170750375865067 0.5721475141064158 -1.8105531001459139 1.2017080594040723 1.0746477584119523 2
-0.3383367958206489 -0.8533717295760304 -1.1606672862556642 0.17116488386774664 -2.646701202697689 3
-0.02139100376740155 -0.8906905970253391 -0.5462906452148371 -0.2698500974456578 -1.1934503564842553 3
0.18260703895466246 -0.43055753114645623 -0.07046536419986293 0.15583245881704766 3.0067042124781005 1
-0.7457668397696162 0.005559716488696909 2.562999220116285 1.9407690827302249 0.8339518359227155 0
-0.8416704713755239 -1.3240472064801767 1.275129917172997 0.47452844505683345 0.398516079712138 0
1.5410024628006882 -2.7909599639610225 -1.0865950368354151 0.27968821183000403 -0.08302185037096632 1
0.3353074203961641 0.5760018156127213 1.4431244733223827 -0.701524565350502 0.916874045155361 3
-1.119068649492965 -1.0765076781007485 1.3101951530991096 -0.6264453291726009 1.4182583044666701 2
1.7513827051571549 -0.9371733860499449 0.18280568850474022 -0.4579709232712643 -1.0185993740271555 1
3.3253656345360474 -0.37439309213206395 1.1235319078941228 -2.9872880881104127 -1.0607410441752223 1
2.1009898959235285 -1.8721312234681697 -0.5589144369889796 2.0733227824455325 -0.7992014368170444 1
-1.1269719579951019 1.775707677005505 1.0537974857914443 -2.3032465977595518 0.3054113687285679 2
-3.6585510458692263 -1.6404139464910403 4.104909786051928 -1.4330665171525765 -2.4567644710611605 3
2.09046021195069 -1.5513295499961903 0.3826052082526472 -2.326845333524008 -1.1746261130284972 3
-2.3107187972093586 -1.2356545711882438 0.10052749275386608 -1.706301818243476 1.4598030221697536 2
2.0132775163414944 2.0126907905828646 -1.0525847624122575 1.7592496327660565 1.2220901281221812 1
-0.983423774160813 -0.326514658166702 2.767092670259485 0.05243441759349432 0.39767690696384594 2
-0.7984400255536066 1.6353711070767463 -0.8122193853516784 -0.8895102649480569 0.16319391371322367 2
-0.6914503304226103 1.5601496459859718 -0.26874241561563417 1.343874998038873 -1.8316425755699246 0
2.015608237640785 0.21994920436461118 -0.1784372802568811 2.506792721495982 -0.6203910692861752 1
1.4216796110136443 -1.7998320807998525 -1.601770849529784 -2.733760578589195 -2.874512315350646 3
4.091187775311592 -2.8102707339469237 0.7480520143162829 0.14575804232714606 2.1018607653127392 2
-0.22173459842569332 -0.42495722165224603 -1.0770022955887582 -0.840302635798471 -2.2165961400308603 3
-0.056354509533400154 0.44162454261632356 -1.7157932913347826 -5.321049708092637 3.0240806895652126 2
-0.44164709765119525 1.6010460927476837 -1.808099901201811 -1.8181905208244706 1.2939561753135855 2
0.5293960663373982 -1.079546997806026 1.9138216497842788 2.7240618299766775 -0.009486527557196034 0
2.7146522401073536 -1.3722154230845631 0.21289102689636064 -1.1338574708738265 -0.228329919688953 1
-0.9873759726752491 -0.7355015608755504 -2.219669553121177 -1.2954515119674053 -3.6013921078818294 3
-1.6882975162139977 -0.05738618910389359 -3.4030312293857037 1.3684488926466578 2.378535125895458 2
0.35861839363836867 -1.7777138683935154 -1.5922458136389537 -1.3877658441679976 1.765890305979456 1
-2.077778396707986 1.5460021554968058 -2.3930982571756916 1.7703080303399092 2.977362376979652 1
1.4832366017378367 -3.160714075448228 -1.17933133630946 -1.0420229382482096 0.3484697759174231 1
0.2857329006491678 -0.7114557733322426 -0.8984096456214723 0.38143023618492 -4.114464283410009 3
1.1531977233261803 0.19801852070611348 0.8632205232991985 -0.6040517583202745 4.105960471176465 1
-1.3456192451075142 -1.361684815718457 0.5260787614088218 0.04923035348777072 0.9057890681603773 0
2.614365044438413 3.488056844851841 -1.9120768435046636 2.1531286876505598 0.1453722749141464 1
-0.171126834156059 1.052048030511987 -0.5066033835341857 -2.4278723451560125 0.7200754666279857 2
0.40398070494336136 1.321509343679303 -1.4474679696720587 -1.1470028096416576 -1.9128583429428556 3
-1.4957870507371775 -0.5840282424462387 2.6805584606894506 -2.9229843939172167 1.20685442822964 3
0.8426078471299261 0.674997868018927 -1.261299819373227 0.6481931687716014 0.10297050483789683 3
-3.081166101099149 -1.5120579971437949 3.8300751805720386 -2.0016051946429747 -0.10239078916793709 0
-1.5920840666529186 3.6850278883444756 4.641052265126681 0.008954274094902237 0.6291506958952293 0
-0.6494837119670918 1.3613522429794291 0.6186476523683897 -2.8874924174881054 0.8735280750545751 2
-0.09105984670434819 -0.07501979393973712 1.5441302778588364 -3.100891491687263 1.599906168319316 3
-1.4170960975760014 -0.32273560364493403 2.6710142274617743 1.1846092195082023 1.436728463592644 0
0.3342880438610665 -0.8392100545061519 -2.0030307865313226 -1.5923622936488755 -1.4357545026813385 3
0.6124022014978885 1.977276594152465 0.24872222186549076 -2.833328840671716 -0.5973563674755993 2
1.0685610413918891 1.7000590009084648 -0.7660292422613765 -2.138752146832984 -0.6987263283714864 3
-0.7091338885995697 -0.12318727478871216 -0.21063144960304303 0.19832597619099435 -0.9923093329380227 0
-1.1588817435793655 -0.2613696465488633 2.767740053537872 0.9742667286589919 0.8158883531058669 0
-2.170332596858254 0.3206371849538947 1.7143319638167203 -0.9613560008928659 0.005624810418629722 2
1.067090746578608 -2.2315153658395284 -1.8496902748195643 -0.8896503876438355 3.1938134591652543 1
1.7126692711954252 -2.1687569607563364 -0.8524826273916002 1.03107341315648 -0.7778970290818892 1
0.7393594236577745 0.3219512040186452 -1.192116577957238 -1.709484172845234 -3.1126257856388486 3
2.312901243417871 -0.2192960063220213 -0.4709123963732832 -1.644823181968683 -0.4834639168215673 3
-2.7477720988053527 -2.920121016569772 2.5354594113048443 1.4392316326676915 -1.5251595295302762 3
-1.5081487458589087 1.100974537420642 0.2794710303876995 -0.33565596225243244 -1.2041988364291807 0
1.9328451224997876 -0.5367117838480491 -0.2399290779744998 -0.6904617673945517 0.7022644543858964 1
-1.0635923798633498 -1.5002779857942088 1.4847807136002948 -0.955691481931982 1.2352021135190219 3
3.761940309397551 -3.045779869252236 0.12493091597470962 2.1521885644516336 -0.6154245819984123 1
0.4715380310595103 -0.8730013611519694 -0.7928935041390685 0.6341936489385749 1.2588517341366225 1
-4.353114109165378 -1.194118899971702 1.3595219116613224 -1.7266229479008577 1.7156096367243066 2
3.0184162267105648 -2.19181077215602 -1.676556923685077 -1.3373187526044918 -0.5280869596810345 3
-1.1709767915460918 0.8097036237025478 -0.7449972449448377 -1.8635365541543887 1.611146757196445 2
1.995802616620292 1.5909539406778306 -0.38671161257056497 0.4625456600008466 2.6148923449825006 1
-0.6586029548706512 0.4825268206613963 1.0864480198808892 1.412571895682552 -0.511535726331882 0
3.5950595955767772 -1.4279172508375106 -1.000560717498772 0.0030166297942630926 0.9845500773948843 3
0.3729238888909516 -2.0705448758536495 -0.7185133621446309 0.46866942893815855 0.8346537773555196 0
-1.065573475307695 0.2769155932852476 -1.7106126934883326 -0.17506762362305284 0.8035250593175389 1
-0.3217699257550074 -1.9568891084643787 0.35211030479918703 0.8580265822650934 0.12857229387893498 0
-2.662250745415511 -0.5768141909355238 1.8622544791797444 -1.474115084468306 0.26901008499035306 2
-1.992819449972162 0.7518856537011268 0.34150693310147906 -1.0730575895996317 -1.075442749436111 0
0.1549216932924371 -1.6668204602323702 -0.591781004133656 1.929336750765767 0.4072567759329683 0
-1.0313304947663613 1.4620730850005537 2.639939771973138 1.0040106004332465 0.9366665035160926 0
3.649364581022167 -3.630786586326029 -1.0763928880859415 0.2683657630040457 -2.1515991696241334 3
-1.6713768667585707 -1.1960392460215459 1.6245422226896333 -0.9370795763074848 -0.9841234077202348 3
-0.485624519434517 3.7139511695191207 -1.060749309376094 -1.6694807384100843 -0.9603865174985478 2
0.18684180363816072 -0.5298175568007271 2.0262252302266845 1.4780405222583486 -0.09306694250505665 0
2.6723920342971 -3.156759097812885 0.5238376570450246 -0.37800279031316253 2.0508680940736603 2
2.684366599029947 -2.606660586415942 -0.32020200452555914 -0.8295767498089244 0.37686417813513584 1
-3.0005078721878737 0.31336981014623366 2.304276969801226 -1.152000698165601 -0.48182815503976184 2
-0.4697226131573736 -1.5349409978681714 1.8501698650008782 1.661477288804979 0.7877244942898458 0
0.1790843066279142 -2.737661649492697 -1.5278924333228763 -0.10498653015297732 1.2905406517366576 1
-1.5796214100724542 0.058737758126879536 -2.5280134472648035 3.2744088473974307 3.1972513704514043 1
-0.02008030979097608 1.6905671270248042 -0.6265264534465727 3.573491868089524 -0.6534089154929397 1
1.9337371869830877 1.0270801909088632 -1.6853829308272419 1.8767619423452997 0.4379430436331484 1
-1.0545996627190135 0.4156451382776598 -1.7011612742942475 -0.6451467772989056 -0.5057127408559215 3
-0.9349306351728424 2.366807686233013 2.5054724131502257 1.9925741717557681 -1.9160230604659354 0
-0.4057956023925815 -0.45861549957941705 -1.713272954300792 -1.1391748574861653 -0.7166654791760261 3
0.5076593375532885 0.5809534783178274 -0.1446829399165943 -2.946251956808271 -1.9220123343009852 3
-1.3571963235473425 0.8486446084134349 -0.09269927004181533 0.5876052801271616 0.10518160866755843 2
0.12836253976299927 -0.5343241779188848 -1.088196324919712 -0.8283700199212047 -1.3485868823165916 3
-1.936419587228434 1.6068296608738977 0.6067250637234769 0.28183954205439454 -0.6877548508370918 0
-1.1479980963721599 0.046379067889771086 -0.32401174723478965 1.2880430285765945 -0.5928762454959483 3
-0.36685894367565064 1.802681450840662 -1.7415590535250898 -2.522029891032274 1.0916330983301894 2
-0.8304754868201 0.8604208588671594 -1.3413543226373488 -0.05835715379508932 -3.8394107007029286 0
0.3261713315156798 -0.3817925004095548 -0.8903483471154904 -1.5743069320487981 -0.17234795621721344 3
-0.33887925885575165 1.9253222841529873 -1.9446805801653908 -1.9798072036173084 0.7841874281968354 1
-1.6693266972257366 0.4832792232215696 -0.8460264495364647 -0.24645777259469948 -1.9491029893602518 0
0.554984166154618 -0.362213015064484 0.7445507540681073 -0.005638732877923713 0.8793357189349105 3
-2.8086970436881273 -0.4961589702665934 -0.9287412953560341 -0.09577617781886794 0.8525886219105473 1
-2.0540887026069115 0.5339695662269666 -2.2401301573686503 -0.4994002870447338 -3.388526287042279 0
-0.1782641130329784 -0.7203677074248285 -0.023005739840475492 -0.5694286966279873 -2.3155497921475963 3
0.009038241534636393 1.863102845965226 -2.319854169164243 -0.3356444517756132 -0.005454432945712462 1
0.6514437385572878 -2.90310958386703 -1.9950808645885445 1.6813884254567735 1.3599552614925245 1
-0.37524364179579695 -1.4006616822266014 1.2946871187589908 -0.3517577893130215 -0.8769594234433318 0
-0.18710970872974586 -0.39895910260923473 -0.9508490475862819 -1.268585686546717 -0.43242943420793245 3
-0.012393130665016683 0.7106928657990521 2.3820077348469058 1.695279537539371 -0.48840977918931516 0
-1.6195381946263987 3.503586135239477 2.829263846990047 -0.1768645142482228 1.0090524228411142 0
-0.16673610713208908 -0.7481679257013847 -0.9195660565888482 0.643092408138477 -1.711726796676838 0
-1.7827258180639647 0.9787498860220504 -0.7394578877504501 1.9467053673587351 -0.7935844212160197 1
3.0266376111720716 -3.246196472058562 -2.0483041621994635 -1.0420402662322839 -2.518248594984098 3
0.12508210469803926 0.633929375701684 1.6522756055598027 2.3603361921099317 0.18289166751030161 0
-0.3998041651606907 0.024952028197598564 -1.262133457754019 2.1277547610509298 0.8690678520549293 1
-0.7427562039696607 -0.6608361514542056 -0.6356023333413345 -1.4601270702442297 1.6020137279735291 2
-0.4628897039556573 2.9326002664881274 4.456439560808672 1.7775714829556506 -0.0735432334097964 0
-0.9264130798174388 -0.6643742605585354 -0.7388614584814593 -2.2404180744867466 2.8685402415864054 2
-1.3542663933241537 -1.521305441129194 -2.1068481620578794 -2.513082206508521 4.280827396782216 2
0.6532484710608317 -0.4822867406466549 -1.5738934762806507 1.9659495781763656 -0.6821156075815547 1
0.9339638781103927 1.3995009817535533 0.26264017368082815 1.1060539347138825 0.10323836426577981 1
-1.4205615128783489 -0.6123834054166064 3.0429573158713326 -0.755768516040711 -0.9444327089330311 2
0.8041917926684055 -2.1714354593314877 1.6098299808868122 -0.5392396828964154 1.5322683960560566 2
-0.9040764914098549 1.4661686776082166 -0.3521971589374535 1.4444445821385443 0.4636770894480675 1
-1.239865390159263 -1.8378574077311849 -2.6382545623838247 -2.124813686901135 3.5663712000130974 2
-1.5666721810766844 -1.2437817398395432 0.9327954237415572 -1.1697260588908975 1.1042202682214337 2
0.2941179852161213 -1.3567757396392577 -1.2926641908229022 0.9798398883584898 -0.5414043443403056 3
-0.05784214170298785 -3.540771579832871 0.10495609342282086 1.3818689680392973 0.7120732904497667 0
-2.8347154568152684 -0.10049174997226151 1.9032975542061064 -0.9443798015596682 0.29199669999316613 2
-1.7679204481184003 -0.779566116898673 1.0540081140273792 0.15090367908542512 1.4198801431264731 0
2.2315699432525835 2.010343243996288 -0.4959052755037616 2.1776506250883854 1.002822785747666 1
-1.5473690323929117 -0.6309733108033676 2.071718498595348 -2.2030672685400843 -2.2093835553786603 3
0.9796731082240737 -1.5994944380229705 1.2221966024902389 -0.5059287463982634 1.2482487032912883 2
-0.7596122801038188 -1.689376658493667 0.7932040541702516 1.6553282863160548 1.2598882061370866 0
-1.8760260100421888 4.389964461838844 4.297562564184486 2.866105355412235 -1.2980506774345661 0
1.8468756483427997 -2.4903936861332028 1.86050044057483 -0.20145278743559514 1.505123269214282 2
-0.4893703996602806 -1.4405159858092622 -0.08063208762768981 -1.2638622390920031 1.9869601920058932 2
-0.4337906519468778 1.0663927279495433 -0.1792962814676211 -2.0231154865634213 0.7056825944401552 2
-1.5941062576489413 1.3830863182350532 0.605239522951207 0.8449886592842883 -1.860179440429478 0
-1.2033120905189483 -2.0478420886831996 0.09072203589347883 1.2392703758671755 -1.8424461273735298 3
-2.096050270310795 2.2372696694200047 3.4776370555354754 3.3148858852068157 -1.3836044829062693 0
-0.5971140003181242 -0.7982209784497248 1.3320804628868859 -1.8103536023335622 0.7432016842701619 3
-1.581796090759228 2.941568028757154 0.7827378702354209 1.4810259405836872 -2.1526960878520347 2
-2.049434424629105 -1.930720847768118 0.5680187850459151 0.5993881919135803 2.4896497402583257 0
-0.8864411528447034 1.2720440278434104 -1.6706897186695522 2.987364770261502 2.458531202803851 1
-0.9787130099892225 -1.6985949332310155 1.0599965695658715 2.0736090390316564 1.9440800921926702 0
0.6746931558581396 1.85263551235165 -0.9848712379998507 0.9757144489854239 -0.13066405479844612 1
-1.8281327159978695 -2.2032782408824345 0.9453288495802317 1.2252189657745873 -3.1646943714152553 3
-2.075700863788426 -0.40615185710507007 1.0012553534563577 -1.1908948400433859 0.871700416137401 2
0.7495332926361843 0.4087389448971994 -2.55398189452871 -0.3241668240936709 0.0499528015531594 3
-1.1288718222677043 0.27292120614948434 -0.2307409339905302 -0.036326733142767464 1.8697826083807878 1
-1.956009304978403 3.196941037466287 1.1710797144702725 -3.358612943150195 -0.3426567666841587 0
-0.7884185543689113 1.6009042465942998 -0.3402400337238328 -3.577487326579965 1.4240481878293811 2
-1.6747845802106016 -2.082288986983504 -2.5103799986991864 0.11113389960822317 3.9872754077259955 2
-0.47774550508042357 -1.9888985912024242 -0.03427987274519795 -0.5204145393472378 -1.1232856348155265 3
0.1700095540594433 0.7580471331116115 0.15834586595724853 0.48291459825361405 1.4632717605631615 1
-2.4428476057145225 1.8637038914623392 1.285996399503554 -0.03066464332727703 -2.093247853246667 0
-0.12578537637012976 -1.655812203798335 -1.3814810464718197 -1.3713933013038715 -3.51459732354768 3
-0.4887369210562694 -1.4035812850492506 1.4634727638338079 -0.3210234837725495 1.4292875583631204 2
-1.0390221898516476 -1.361595395871027 0.54811822780031 0.972558740091892 1.1997368547265297 0
-0.4763746216979765 -1.925692349780606 0.42897966901126516 0.27130372971766303 -0.04372521550794728 0
2.0261488119534903 3.1930521076494807 -0.8713805553509426 0.913851364566686 1.5769692549792016 1
-0.5954266506068134 -1.3664088018735914 0.24521243971053663 0.7004306245854891 0.39422640453223523 0
-0.8414778533309698 1.466346630540868 -1.020031137198387 0.23273179297300595 0.0035580696283749047 2
-0.054426226578637715 -0.010972377428435154 0.8214516079985871 2.7996250836048855 0.7605228430718489 0
4.210598749314184 0.35462948429415453 -2.0286416311476234 1.1762998293134022 0.641476132249897 1
1.176357006034614 1.2663064780082172 -0.30753637107806964 -3.339199091215378 -2.7582197814302765 3
-1.041738042187395 -2.159292116804742 0.3504595557884962 1.2702270968939775 -1.346712247576499 3
-2.2968416341366638 1.6558827668468055 0.5349378200917083 -0.02376820684008818 -0.7950155487554379 0
-2.849159769016425 -0.9124512855865257 3.294111922259979 -2.081738256276009 -2.9536468144663863 3
-1.3452879923474597 0.48870975137043393 0.8657469410187901 0.8843291268927892 0.9687796727114281 0
-2.4437399881417874 -1.0509539429225623 0.6837165379793128 0.29164543544839694 2.6345965037951737 0
-1.9830236345002696 0.6064190615315375 0.5633387323567984 1.8134301924104586 -0.1564099864569266 0
-1.5236706770314994 -0.8105873386643467 3.3919138263677104 -0.17191659025992645 -0.5453405504023205 2
0.15430281571140136 0.8944893847530418 -2.3810996231608077 1.3629621435070982 -0.6322496075102042 1
-0.9643624673472394 -1.9763916166812088 0.25217907935974615 2.036727415513509 2.046097560857579 0
0.48239606260601975 0.1328608119099437 -0.931554946090982 -0.8759940734941837 -2.2252734395913105 3
0.4673999028119413 -1.3923315004501338 1.4455960687331166 -0.5612750019312196 1.08145113304918 2
-0.712247026438155 -0.14045528370334703 0.09080496220519618 3.9803222086724688 -3.1938703581862184 0
-0.7225462112163057 1.1160478435371677 1.3719937438782925 3.678441752953089 -1.577164514560014 0
1.0227629682012187 0.725963174822313 0.38492930468404185 0.787246376268098 2.681985831841724 1
-1.3488873295262387 0.7939757546638048 1.3682285730336199 2.566952522114375 -1.0603619627810814 0
-2.5235376568879673 1.6731906369042922 -0.3365895834642336 -1.595276589104845 -1.2361816529144174 0
-1.1277934906955864 -0.47013737681094114 0.8605264565572132 -2.1090012190856804 -0.4544014758864333 3
0.2660994477938077 0.15637564188502928 -2.633826656890342 -3.9410869412822818 2.699369855796375 2
-1.6358398244862125 -2.7487889368249143 0.2529703695286877 2.3146486732836937 3.393466065517253 0
1.5991526013709345 0.5791912966713214 0.06720471754119428 1.836873266188854 2.096808462848486 1
1.9384366990221165 -2.4929876145788117 -1.7878578054915644 -1.690208497537734 3.4543946588631624 2
2.070621403415461 0.5992918057978476 -0.1543339342821789 -2.496489862028773 -0.3255859810813069 3
-1.2551669789001851 1.6530490448069584 -1.7430238741098014 -0.7371025891750741 0.6944080287482228 2
0.7433651873755824 -0.4365183050777188 2.4033573264722383 1.2985039956899116 -1.5977776467277827 0
1.0706067375476789 0.5150969879071329 -1.6890848622037467 -0.7362539334078715 1.3176922302402616 1
-0.7295504729616333 -0.3709037049233088 -0.6968663580343983 1.3481775617124914 -1.7703166752636252 3
-1.5897065633603353 -0.16181279640527513 0.009354680564440776 -1.5416338217839736 0.6237636620780014 2
0.9680263425027478 -0.6577851935679133 1.0959421557756839 3.929497493935863 -0.12970731664491797 0
-1.5537496591643771 2.1460119125864825 1.786786577477064 0.20656618398155757 -0.15362329906263572 0
-0.5171188824336344 1.8010402192238977 -0.3952954041565334 -0.30769728269324503 -0.7654718069232544 2
-0.960916977474062 -0.7412487801280897 0.1616776568575381 -0.36823871449263845 0.10056481634180248 0
0.8591216520489833 -1.8893266263725155 2.681791986040297 0.3108273390517817 1.194130502349954 2
-1.6315290262506028 1.173685916431352 -0.12756349250123533 0.169366160589846 0.4003808776691695 2
-0.593566775719889 -0.7719828043502409 1.7409174581609004 -0.35487251527638763 0.9156385394672869 2
-1.0078735937672327 -1.0510041663266256 0.7552359556133091 0.6621948987356256 0.7802787913490232 0
-2.9619900245225006 -1.9951903347840316 -0.04994019420662932 1.0104601404823286 4.243948409934777 0
-0.914332536088595 0.6226480836891952 -1.6321947588464627 0.3465245915119788 0.6311323978716303 2
1.8496727227050014 -2.006500153868118 -0.397193154024595 0.5088153790221044 0.5124917890281959 1
-2.1632075192162405 1.721451659756707 2.9575899585093732 1.8597179083141673 0.2444707717701149 0
-0.4178112889104689 1.0839360683618111 -1.0126904845500644 -2.7611450211757678 1.5070443237173938 2
0.8270678353813865 -0.1814705108090019 -1.2980809717635227 -0.45245730428757147 -3.083690458384006 3
-1.3133041760451276 0.5874652716430527 -0.3910522096407323 -1.4595035153092608 1.731713863847621 2
-1.5632996701384259 1.092592770629294 0.28897846043782716 -5.064755107689208 -0.533370605056968 3
-1.9389053245860126 -1.4824080260581793 0.33970171861949616 -1.2479278361657908 2.2817717293664828 2
0.5505727812902868 1.7386537232026984 -0.8113109784009931 -0.9641242349329839 -0.7853167518104063 3
-2.06881893413408 2.5072797893654983 0.06884231154421894 -1.1247285122677537 -1.9427183946906648 0
2.1178417097675646 -1.6241754291742634 -0.7216544261866888 1.6123286193011603 0.08938700512159647 1
0.04270063646122424 -3.2195818240286003 -2.6730520548254098 0.25562591090813436 1.805413059716547 1
-0.5841795205217027 -1.467817309415908 1.7447899144246293 -0.17423310217748345 1.6294172771969762 2
-1.4224729382490395 3.2536691901271793 -0.1634851710214762 -0.7072866118110859 -0.668380580589401 2
-4.387260450123394 0.1863974024460866 0.6385106370222178 -1.769901403803213 0.39831149648613196 2
1.1157869497698232 -0.09937555816657073 -0.17045671321477163 -1.19308451318506 -0.078900038850242 0
-1.9392440375191704 0.477359972049878 0.3184193619749035 3.414373344799961 -3.419827709107349 0
0.1280551014228296 0.7636578611027811 -0.9004090603546233 1.8887224239312554 1.7083290585497932 1
0.1806969840290884 -1.288762168271083 -0.46040161026082327 -1.2868156927468875 1.5596829675618433 2
-3.058234981639384 0.2705007698562867 1.0658305537498958 -0.3553284327028525 2.6059606017685977 0
2.884282132389737 1.6313716684957633 -1.773558829078145 1.1254159244585713 1.0720148071713258 1
-0.7066217046990506 -0.059390547249448256 -2.6084621830354404 -2.3009914694687494 2.9871034187989123 2
2.579239135149753 -3.1394451831402974 -2.5977844779404924 -0.5072796885281147 -0.29317756331629463 3
-0.9487207378640907 3.592324982989607 -0.003456617369607673 -0.5483490727902671 -1.5631649913527834 2
-0.07022857883711198 -4.779048337016894 -2.518989501189665 0.48187468722365034 -0.1374512156584229 1
3.4289562900389776 -3.585020795496261 -1.3557366569201863 -0.48916713217209196 -1.3536235303923796 3
-0.6477550191396088 0.42491488681924383 -1.5646082062890865 -2.120477345136994 1.8751745553047625 2
-1.349397042406937 2.3061570171812407 -0.5558560268588075 -1.1351206165848486 0.21134699242881183 2
-0.32622828220290345 -0.9299414017254279 0.17117182043386636 0.439992798904864 1.717493655942972 1
0.7795629156415018 -0.9192591996891983 -1.0372084291693189 -2.3016050394191048 -1.0736758381625742 3
-0.2751691409999215 -0.17372986186750827 0.9796929845705543 -1.7113507714169927 -2.316773737284285 3
2.2999368368265714 -0.672844169358288 0.09664537091982561 2.1188901120036965 -0.5682521043708655 1
-0.14028139939363338 -1.0528380002001556 2.6997846584487535 8.225402234018908e-05 0.8341163659035103 2
0.2682600310741319 0.9468214006226732 -1.126962698922569 -1.1822261105648328 -2.6127771328537372 3
-0.4238949661406508 -1.6450240562386438 -1.623799803248804 -0.6024227885229307 1.5039925647006473 1
1.445559407795038 -0.09345961251422863 1.5381733551827539 2.449024827886725 -0.24337068979051846 0
-0.17656573150204657 -2.198920034303322 -1.9172026390504882 -0.34647384924857616 -1.7815232578051163 3
-0.039697828405229396 0.9679382683781012 -1.370814875057933 0.15286136970200948 0.20266395985519636 1
-2.6403984046720392 -0.26542303449821136 0.6967031986697911 0.6742684615026824 3.0285890044603057 0
2.176983180660844 -0.23508507400730205 -1.1273687608952048 1.6021744830935112 1.2095486243519742 1
-0.22822175843391723 1.4446439781745162 -0.7738781394149556 1.798768056301258 0.2835445462966054 1
-0.07422898037910275 0.33026069127941826 -0.4681462535998018 -3.7641358082644905 2.14799278947205 2
0.258430724856193 0.2407669897582263 -1.9459695375142996 -1.1587124837945288 0.8829392751523212 2
2.0186245193487498 -1.5907021620968438 -1.5208428232442386 -0.23155924310415754 -1.380949794779422 3
-0.018431464921587315 -1.5659512337106416 -1.5165036004972028 0.9356996028707139 1.666804260132273 1
2.912346483729372 -1.5888052193617521 0.37375787685256756 -0.10731757154884258 -0.7754479039696729 1
-0.4175978817362628 2.7329733574288713 -0.9844066943560628 -2.410100763006945 0.1854963593839416 2
-0.6325038907850162 -0.8661460403457285 -0.06769753452840543 -0.8074936432307442 -0.8124017969389479 0
0.19597448996097633 0.030282271353127665 0.5403794642605597 -0.251587080863825 -1.9278168229833432 0
0.011664659130580235 0.7753486085463126 2.2401391705741256 1.108668515672527 -0.8747052993457356 0
-1.8695523306180244 2.1642283089791645 1.992162855709925 -0.08294475118375821 1.1001723260564584 0
-2.303629123380002 -0.669324286922277 1.281390333023459 -1.541428904898622 0.8954574442370734 2
0.0891589928477936 -1.0907017542117772 -1.1596256275888388 0.30256854205005923 -1.2784764167478988 3
-1.1145873722741495 -1.4783044833556185 -0.23059149694653613 -1.2523826341816078 2.0861393123623717 2
-2.00319707632468 -0.5944446692560637 1.1209911948751752 -1.0135089309471639 0.4438695357259833 2
-1.385512130931909 1.8367848636072266 2.0457469572095723 1.4315915022582608 0.5436079448135704 0
-2.248354531013309 1.1595160592674498 -0.9088861111196431 0.10814087935723982 -2.988390764537386 0
0.27261042173464145 -0.43819192244621163 1.5373354002488684 2.49971498434956 0.021770325535546697 0
2.108120616423689 -0.597871880090858 0.20547492456379057 1.4511409188652493 -2.070566362744178 1
-0.15201536379789482 -0.7898214823026282 0.5190863852351828 1.7806166849484377 0.37314198117953534 0