n: 400 f: 10 f_i: 7 f_red: 0 f_rep: 3 label_cnt: 2 noise: 0.01
400
10
2
1.2664302654251884 -3.3662644511710407 1.9485903044705384 -3.3662644511710407 1.727766442493451 -1.2093637693932044 1.2664302654251884 -1.883981116948061 -1.2093637693932044 -3.034501937823519 1
-3.450994048816249 0.5675861603186154 -0.19419737352877653 0.5675861603186154 3.6778109611644347 -1.8947777077478705 -3.450994048816249 1.8191358289147956 -1.8947777077478705 3.4399747087437413 2
1.1224767779941864 -3.6208945558125096 2.0784262447765753 -3.6208945558125096 2.000646284798669 -0.9277749152559258 1.1224767779941864 -0.5835727770663971 -0.9277749152559258 -2.929927541656672 1
1.450309518386406 -1.806356135813532 0.46605886063815716 -1.806356135813532 2.184839211403199 -0.6406823944516151 1.450309518386406 0.519250556659751 -0.6406823944516151 -2.323700208493841 1
0.2156876035622891 1.049689459126507 -3.2447251915534485 1.049689459126507 -3.395141636586067 -1.138851275536374 0.2156876035622891 1.8731768022810784 -1.138851275536374 -1.7434602054820938 2
0.04089525354727763 -0.6386510012860103 0.1631916295852136 -0.6386510012860103 0.11173686454666909 -0.3475797372611924 0.04089525354727763 1.4219508835871293 -0.3475797372611924 1.1824767487583614 1
-0.8763976296766218 -2.155943093183094 -0.0723510100023883 -2.155943093183094 1.4637499058332495 -1.0892249605835604 -0.8763976296766218 0.011469105024661919 -1.0892249605835604 -2.057307752642048 1
0.8545542763811829 -2.9855412606684237 1.0302201772346204 -2.9855412606684237 1.650609296846132 1.2206201589625194 0.8545542763811829 -0.2955054907223158 1.2206201589625194 -0.6453154248300719 1
-0.6870995316121375 0.22732464360886584 -4.16935210148208 0.22732464360886584 -0.8530054583309026 -1.166935412410345 -0.6870995316121375 -0.9230808445454592 -1.166935412410345 -0.7067897618892619 2
1.4594804477335674 -0.3911822676400116 -0.6148641258967995 -0.3911822676400116 -0.6327558745303787 0.10979968088892722 1.4594804477335674 -0.7667065468930795 0.10979968088892722 -2.3166329335474027 2
1.7141792617299105 -0.3685615930696191 1.3920716823611807 -0.3685615930696191 -2.7946248791037895 1.0132048721240772 1.7141792617299105 -0.5675925027712774 1.0132048721240772 -0.19404542990641915 1
-1.6534694541355979 -1.825679073240492 2.169660229686758 -1.825679073240492 2.1098543129138934 -1.1871400851462752 -1.6534694541355979 -1.092143982327078 -1.1871400851462752 -0.8660624811844366 2
-0.723805848868396 1.2019852417618817 3.1219798945515187 1.2019852417618817 0.34860194865062943 0.4947286635853998 -0.723805848868396 5.635149105075974 0.4947286635853998 0.677108082451649 2
-1.138137631023708 -2.3353546547237922 1.390734125066849 -2.3353546547237922 1.6227450753590693 0.1254262860719677 -1.138137631023708 0.5468394865562387 0.1254262860719677 0.2545005773743876 1
1.3163330463900902 -2.0917888261051143 2.0669720287565068 -2.0917888261051143 5.709327017972571 -4.607660048649106 1.3163330463900902 0.05553349705542954 -4.607660048649106 0.5236656472638976 2
-1.1432869701504733 -0.027138514805395753 0.8437173168085758 -0.027138514805395753 0.3176814819095375 -1.9368605453295569 -1.1432869701504733 -0.9487037349571543 -1.9368605453295569 1.8511197079219064 2
-2.4503467704482387 -1.1249072290379 -4.889729236880025 -1.1249072290379 0.12797916808563659 -2.277553397387696 -2.4503467704482387 -0.2975004328516676 -2.277553397387696 1.2575348096524976 2
-2.131438908823262 2.286960133771957 -2.2339737947747906 2.286960133771957 0.5633140208973177 -1.069062793618824 -2.131438908823262 -0.9533925333148434 -1.069062793618824 3.8998887841416723 2
3.368508421242603 -2.8092802495921205 0.7481487082915625 -2.8092802495921205 0.35297758791398903 4.3294968719019815 3.368508421242603 -4.7752825127890866 4.3294968719019815 3.618831411107207 1
0.4840783225656834 1.8488204913711428 0.687233962042817 1.8488204913711428 -0.15462105137356863 1.532387583098643 0.4840783225656834 -1.2932400759008371 1.532387583098643 1.1299717271787824 1
3.7285479851235728 -1.0380190498781474 -0.5514736022625557 -1.0380190498781474 0.7910619491080066 -0.20521703579174133 3.7285479851235728 -0.0416080607416609 -0.20521703579174133 -3.082798717481758 1
0.5697885103352923 -5.540124445008158 2.9481209882694412 -5.540124445008158 2.429545968701743 -0.43654920949372733 0.5697885103352923 -1.2083005445536856 -0.43654920949372733 -2.5147391092997395 1
-1.0499550166098515 1.569673220736174 0.4505735602381703 1.569673220736174 1.9038792153982529 -1.3803354524324942 -1.0499550166098515 1.7088566525242337 -1.3803354524324942 2.4471893106605886 2
3.695887633343822 -1.080047329856907 -0.8881631940175507 -1.080047329856907 3.3317804259993973 0.4229609750442411 3.695887633343822 -2.407315528207972 0.4229609750442411 -1.5931043611626565 1
-0.5100258998546583 -1.842105251944651 2.0034053019052185 -1.842105251944651 0.7235833926729922 1.9618552678415169 -0.5100258998546583 1.1327906952011704 1.9618552678415169 -0.23317777802965134 1
2.5846120104160617 -1.7653980750283995 0.1517592323711876 -1.7653980750283995 0.8229551038912633 0.1394677332480896 2.5846120104160617 -2.3928296138315472 0.1394677332480896 -1.3726750934232252 1
-0.7181908680243205 1.0144333463364088 1.1417894059649796 1.0144333463364088 0.36560434098199 -0.08340046056132733 -0.7181908680243205 1.2631906867156277 -0.08340046056132733 1.7244121251238538 2
0.4506178229322365 -1.0754868103016069 1.7170886498729216 -1.0754868103016069 1.7925012238398055 0.2578999506295304 0.4506178229322365 -2.1361414465864357 0.2578999506295304 -2.3235062843692287 1
-2.2800910207541403 0.8629011879056956 0.7050453554749654 0.8629011879056956 2.731631000580945 -1.8364635217622864 -2.2800910207541403 1.34059962160428 -1.8364635217622864 0.4402512288366862 2
-2.50799588087148 0.15509396367186357 2.6277931793075546 0.15509396367186357 0.31228670259130975 -5.5882858861319775 -2.50799588087148 0.3572702823594758 -5.5882858861319775 0.33124188527336806 1
-1.1195304922179992 1.2016155333075897 0.49057515172432986 1.2016155333075897 1.2420870449003827 -2.2603846166850126 -1.1195304922179992 -0.6128157362455102 -2.2603846166850126 1.0961766646969018 2
0.49806694294141063 0.6285665937661948 0.5633764696866537 0.6285665937661948 1.9621221725830358 1.1964635552210419 0.49806694294141063 -0.9749358289951425 1.1964635552210419 -1.9270796064551212 1
0.5931879928060761 -1.2039329194328303 -2.4195904500036214 -1.2039329194328303 1.9449608482780514 0.44833903398389885 0.5931879928060761 -2.6223440536832143 0.44833903398389885 0.08012501062004684 2
-2.3817432211540357 -1.066507254242532 -1.9284300045373697 -1.066507254242532 0.70510821746408 -1.2158074829085836 -2.3817432211540357 -0.6946526070570966 -1.2158074829085836 -1.3022757729458474 2
3.1743890058122637 -0.09220670576077439 -1.5375029222556837 -0.09220670576077439 0.8392601668179955 -2.191497009438263 3.1743890058122637 -2.5714181158008254 -2.191497009438263 -1.495522048857004 2
-0.9611416894203959 3.8805349197613768 0.5421615545859058 3.8805349197613768 -0.7321282134113716 -0.062412452452545786 -0.9611416894203959 4.831725219116993 -0.062412452452545786 1.0065333404749706 2
-0.2974864949168894 -2.648548952912707 -1.7025539605445394 -2.648548952912707 3.483929585608313 0.9694859979313528 -0.2974864949168894 3.364372966853841 0.9694859979313528 -2.0506923450454435 1
1.995533948561416 -2.413553947345096 -3.0848649762441105 -2.413553947345096 1.0503670775159082 -0.4887519745916108 1.995533948561416 1.3929040841521922 -0.4887519745916108 -1.52767780408415 1
1.5774845967440394 -0.3844495129084975 -2.530679501242628 -0.3844495129084975 1.9019567986705148 -2.5150482230394884 1.5774845967440394 -1.2854681418245413 -2.5150482230394884 0.3325231562649713 2
-2.388602836983959 -0.6163682663304089 2.2008642369416296 -0.6163682663304089 1.3600585698746557 -0.7179245012163337 -2.388602836983959 0.42594197384095367 -0.7179245012163337 -1.7294988166820042 2
1.8759180564185856 -1.033744101608032 -0.7047498548155131 -1.033744101608032 0.7809728352326718 -0.5905754716390799 1.8759180564185856 -1.3502592340814217 -0.5905754716390799 -1.1767372289556555 2
1.4001525824917778 -1.9185948493342941 0.35063749601944083 -1.9185948493342941 2.975315456868751 0.7459255200098295 1.4001525824917778 -1.2076256309915787 0.7459255200098295 -2.4204545147797534 1
-1.9367846894043015 0.9087776940191927 0.1875227837370912 0.9087776940191927 1.3577911433382626 -0.5754171355081762 -1.9367846894043015 1.8341633623921432 -0.5754171355081762 4.513607754735205 2
1.1370085925668039 -1.715390947934761 -0.29871097806103897 -1.715390947934761 1.8628573878894576 0.38211822335639667 1.1370085925668039 1.274154647109714 0.38211822335639667 -1.8190709205270599 1
-1.7870771899344609 3.2257315036621463 -0.035108704388690626 3.2257315036621463 1.9049297761721262 -0.33472565922331254 -1.7870771899344609 4.055724841807673 -0.33472565922331254 1.5583196887078037 2
2.9837441844317736 -0.27007100393416617 -0.7333367838234397 -0.27007100393416617 -1.420918063299684 -0.08179899467949436 2.9837441844317736 -0.7874763312341629 -0.08179899467949436 -2.7652252224610896 2
-0.15354779950740594 -1.4051608857209446 -0.954040626753178 -1.4051608857209446 -0.22919646349720257 -2.03910693019746 -0.15354779950740594 1.5653188203811972 -2.03910693019746 -0.5028113488496737 1
-0.5614835262096323 0.6782844511725201 -0.05813333175704993 0.6782844511725201 1.4252358667020184 -3.8599519654075527 -0.5614835262096323 0.8557951544136746 -3.8599519654075527 -0.2874678622081642 1
0.6392046765797117 -1.2101106972371691 1.3395381022345645 -1.2101106972371691 0.3464879968935257 0.8576483821854249 0.6392046765797117 -1.2684279275549706 0.8576483821854249 -0.5098069075285563 1
1.322159841699163 -0.42274727403757206 1.4686754166087779 -0.42274727403757206 2.986244053518911 1.8589054352937344 1.322159841699163 -5.343243471137319 1.8589054352937344 -3.8131866372021617 2
1.9278745132729176 -1.8182223655551166 0.9842531805379373 -1.8182223655551166 3.156823043206573 -1.7462948029708523 1.9278745132729176 0.005267432914014325 -1.7462948029708523 0.07366379741311158 2
2.6210002211401386 -2.6103244099919474 1.06983318347489 -2.6103244099919474 0.20722294402066876 2.87814113335933 2.6210002211401386 -1.4549442660849963 2.87814113335933 0.23653909058833755 1
1.329881710368811 0.8591468438867438 -0.9595269417339567 0.8591468438867438 1.7419089386863362 1.7783169692770553 1.329881710368811 -0.21934461936774474 1.7783169692770553 -0.3424716220841568 1
0.424820971302023 -2.0839910756912046 -1.9327651906595418 -2.0839910756912046 1.0596024123831478 -2.7667501196995805 0.424820971302023 1.3148450848908413 -2.7667501196995805 -2.6060534015953727 1
-0.3208245593439458 -2.2418177489071978 2.1709379026489337 -2.2418177489071978 1.4589612360990138 1.3512909866486311 -0.3208245593439458 -1.843444962289932 1.3512909866486311 -0.487247804125161 1
0.8498854525568045 -1.5155898894995543 -0.9444021542269263 -1.5155898894995543 2.4538702285460996 -0.19295561705829467 0.8498854525568045 1.1870088723668004 -0.19295561705829467 -0.6423134748196948 1
-1.841014104270268 -2.163542289892127 3.7885645834375627 -2.163542289892127 1.4396732726564934 1.7521231694085977 -1.841014104270268 -2.8962434170981215 1.7521231694085977 -0.7068276380027532 1
1.595940253273207 -0.7459582356060106 -1.984048505545109 -0.7459582356060106 -1.6283590164515993 1.0821425980944603 1.595940253273207 0.4089855703880767 1.0821425980944603 -1.4334229281104265 2
-2.2696232562323626 1.5586792642543017 2.911225127176092 1.5586792642543017 -3.4857836658640995 0.7266625729527046 -2.2696232562323626 -0.8708632634854584 0.7266625729527046 -0.03845319588444929 1
0.021934076292083104 -0.3356342392772358 -0.1783978941706843 -0.3356342392772358 2.297103982537892 2.1521024751081583 0.021934076292083104 0.36934829061956664 2.1521024751081583 -0.33916209984401424 1
2.255123494156629 -0.7380935922226869 0.14302305799755322 -0.7380935922226869 0.812230640547776 -0.3282147318078563 2.255123494156629 -0.7497233389613371 -0.3282147318078563 -2.7958411027488723 1
3.222560248790883 0.026627575361194866 -0.8371722262539271 0.026627575361194866 2.9698553569482105 -3.446835654217404 3.222560248790883 -2.8344595693798285 -3.446835654217404 -0.6707729790817327 2
1.4050398002777187 -3.24905140781899 -0.222653778327075 -3.24905140781899 0.9678913724938237 3.0430947640099406 1.4050398002777187 -0.4554838807647442 3.0430947640099406 -0.566872822512788 2
0.3504924148764149 0.4572279037794351 -4.900064559389384 0.4572279037794351 -0.40512620810945 -3.8606244414783233 0.3504924148764149 -0.34534354525631616 -3.8606244414783233 0.5493733042147748 1
-1.3394744221949113 2.4275332276842025 0.20913923874094043 2.4275332276842025 -0.8189571870823213 -2.1606281727945778 -1.3394744221949113 -0.10824848418741428 -2.1606281727945778 0.10602706681876573 2
-0.894122089587557 2.264350367059269 -0.3098274004081114 2.264350367059269 0.7730850426519951 -1.0156897143381176 -0.894122089587557 1.1732080999524448 -1.0156897143381176 3.1278154615280287 2
1.1017235848231528 -2.9050611206730723 1.0012538571627259 -2.9050611206730723 2.4873289023882728 1.222431613111288 1.1017235848231528 -0.8940585410468245 1.222431613111288 0.47516757164477674 1
-0.6678378824945321 -1.32660346080179 0.12153439747764883 -1.32660346080179 0.9978061697487277 -0.3581786468097726 -0.6678378824945321 1.4249506176009263 -0.3581786468097726 0.07788351852181696 1
1.1265842276845586 -1.5264814432232003 -0.9637566855884474 -1.5264814432232003 2.1517486803476378 -2.920592708524559 1.1265842276845586 -0.017400146929189675 -2.920592708524559 0.8060535848173305 2
1.2973887024962907 -2.1237411893837597 1.0619013939542588 -2.1237411893837597 2.25055428896869 1.8106871333823227 1.2973887024962907 -1.1649453157981502 1.8106871333823227 -1.606427886743289 2
2.128350606437846 0.22942242794417478 -1.49329426316201 0.22942242794417478 0.26360665201249933 -1.2746041546420144 2.128350606437846 -0.19952691740343198 -1.2746041546420144 -1.1574926990758156 1
1.8828447970801778 -0.7136146805020991 0.5757972908115786 -0.7136146805020991 -0.6846104772357815 -0.21888480483451223 1.8828447970801778 -0.3883409835666829 -0.21888480483451223 -1.4371448889294707 1
1.0277652048304902 -0.29798061650903873 -0.9776570411820812 -0.29798061650903873 0.29669077996482873 -0.8069501440966907 1.0277652048304902 0.8697906520476548 -0.8069501440966907 -0.8880159762366968 2
-1.6129460997673082 0.5024350475313931 0.2510650160816351 0.5024350475313931 1.1678274489402598 -1.1478530365508595 -1.6129460997673082 -0.6373457640877846 -1.1478530365508595 1.4088343586430034 2
0.9415627369794204 -1.5233297657954346 0.5328659246672853 -1.5233297657954346 2.2408188172002355 2.4269225774996297 0.9415627369794204 -1.428728819447123 2.4269225774996297 0.45738980657590766 1
-1.3629070081890688 -0.8562564891960106 1.5310115925186496 -0.8562564891960106 0.460865736017525 1.072080356684312 -1.3629070081890688 0.769828029567013 1.072080356684312 -1.2649270638229146 1
-0.3058118139737074 -1.0440667231276721 0.20978702666997218 -1.0440667231276721 2.3942658231199383 1.1355553122232869 -0.3058118139737074 2.873874333621596 1.1355553122232869 -1.3977226952614457 1
1.1785620681853772 0.3241636291237011 -0.6161935547132605 0.3241636291237011 1.282204456857372 -2.4795737060780114 1.1785620681853772 0.5082042869188796 -2.4795737060780114 -1.695492779608918 1
3.0475656367521826 -0.0745376605417013 -3.405065850368634 -0.0745376605417013 -1.2696437152641566 -2.5810996657746434 3.0475656367521826 0.4254303937355731 -2.5810996657746434 -2.9069143874959025 1
1.8736534886467573 -0.7299042727513269 -2.734410647200404 -0.7299042727513269 0.1230271522157198 -1.849898776698414 1.8736534886467573 0.8129688968382824 -1.849898776698414 -0.8630674472156612 1
3.4664177545724058 1.8482665202892203 -1.923949444324831 1.8482665202892203 -1.0305547654739748 -1.862683262391128 3.4664177545724058 -0.34582634015044955 -1.862683262391128 -1.3730821739751842 1
1.1399855713705773 -0.49669944134645505 -1.53117425172581 -0.49669944134645505 0.6836520834887042 -1.9282721931621223 1.1399855713705773 -1.0309221519172396 -1.9282721931621223 -0.5624533911671523 2
0.8310859630634324 -3.196781697195036 -1.5857242504945557 -3.196781697195036 1.7948559496654541 1.4623280244459287 0.8310859630634324 2.4971548978171487 1.4623280244459287 -0.23327633687695726 1
0.5456480692256696 -2.942827808289179 2.1057928969704287 -2.942827808289179 2.868043917084634 2.6023902299968675 0.5456480692256696 -1.4600966258497727 2.6023902299968675 -1.7460793263870626 2
-2.1219233890595355 1.0832712669212197 2.6131548147522707 1.0832712669212197 -0.004661429674353457 -0.7352266684223067 -2.1219233890595355 3.5007966806534503 -0.7352266684223067 -1.6529432169027056 2
1.279836232094023 -1.5624992203634898 -0.89210088612229 -1.5624992203634898 1.0854800090221859 -2.0403445820692756 1.279836232094023 -1.1383824293953166 -2.0403445820692756 -0.7070918976423483 2
2.337835525958445 -0.9058300681891598 -1.7116366542768207 -0.9058300681891598 3.3033571131292234 -0.19574988886814537 2.337835525958445 0.10332433924394402 -0.19574988886814537 -3.1564757075585104 1
1.8987984423561097 -1.4210132636126696 -2.5554637675670993 -1.4210132636126696 1.0093347587565458 0.7935668337387929 1.8987984423561097 1.4717165180112879 0.7935668337387929 -0.1814877277367869 1
-0.8470818563901785 -1.2671150607451456 -1.2803465112804382 -1.2671150607451456 0.9588666425634282 -2.227706093442313 -0.8470818563901785 0.27406864573467216 -2.227706093442313 -0.3852784288068909 2
1.3239797524973937 -1.858086333172027 -1.4408836846645503 -1.858086333172027 0.9120392764618537 -0.074673734993567 1.3239797524973937 0.2451324572934892 -0.074673734993567 0.21047676192367493 2
-1.1876730927342893 0.6129112911441622 1.100657244813745 0.6129112911441622 3.6256392148878054 -1.9888756196087716 -1.1876730927342893 1.3841515657728953 -1.9888756196087716 0.6810125415662003 2
2.4595722972251313 -2.887552851385393 -3.262083091338704 -2.887552851385393 1.2541180543358248 -0.8401421575153545 2.4595722972251313 3.657052474379019 -0.8401421575153545 -2.298606397906534 1
0.34395122585868076 1.053371281647974 1.2177527827831214 1.053371281647974 -1.1389305558693494 -0.48071993463354457 0.34395122585868076 0.472737247291963 -0.48071993463354457 2.028835654783773 2
0.6431716427447096 0.820116736691664 -0.929967035302181 0.820116736691664 0.6552226584316709 -0.5282169294923839 0.6431716427447096 -3.2073037300361475 -0.5282169294923839 -2.9531762482230843 2
1.866952046903227 -5.256432440304059 3.414013618954976 -5.256432440304059 -0.23130210166412968 1.4592946868335348 1.866952046903227 -2.215800132561877 1.4592946868335348 -0.2777446941750681 1
1.2550340056025877 -2.371236864750851 0.7927945131529675 -2.371236864750851 -0.5635266792315894 3.5567137637069486 1.2550340056025877 1.0583175788636576 3.5567137637069486 -2.1060586754101527 2
-2.7418660588396673 -0.4352018403765654 0.4345464456271747 -0.4352018403765654 2.653689196433948 -4.481857136167804 -2.7418660588396673 -1.967993837249384 -4.481857136167804 1.5629167072047485 2
-0.3700627154795171 -1.714768261993632 1.871186159614693 -1.714768261993632 1.2766153806651883 1.6230728832010823 -0.3700627154795171 -2.016109211856416 1.6230728832010823 -0.09310387789903951 1
-1.9368104779051944 2.9509827525599093 0.18910752058186897 2.9509827525599093 0.5875239556655152 0.1458841664177717 -1.9368104779051944 4.872555596358024 0.1458841664177717 2.340607446049315 2
0.4146913179906204 -0.37694450101074595 -1.3157375170758143 -0.37694450101074595 2.342457008101894 -0.2810598928458302 0.4146913179906204 4.2744689046470805 -0.2810598928458302 -0.14872313713568452 1
2.0732855271510147 -1.642320993957449 -0.4668265930054051 -1.642320993957449 0.5847994196039024 -0.41913126415074975 2.0732855271510147 -0.060594682677928446 -0.41913126415074975 -1.294049268905093 1
-0.12632897633263362 -0.6315978667769455 -0.7904533965030018 -0.6315978667769455 1.5851721497501887 -1.49839909279315 -0.12632897633263362 -2.7987117078364614 -1.49839909279315 -2.343335273044669 2
3.3267930080930497 -0.09597744643651851 -2.084911285853079 -0.09597744643651851 0.28167275541251 1.7961739472973788 3.3267930080930497 -2.655356779826964 1.7961739472973788 -1.6411882322426874 2
-0.7030235312681115 1.664656552785138 -0.2247362185687527 1.664656552785138 0.4727284953469545 0.13656790506473637 -0.7030235312681115 0.5202317412500662 0.13656790506473637 1.3492625976266404 2
-1.3207734538416607 0.7738722761144654 1.0537781571372427 0.7738722761144654 0.44868551937867573 -2.3394001089268612 -1.3207734538416607 -0.12631612745249998 -2.3394001089268612 -0.511729825885836 2
1.0906777669942775 -2.045145122898216 -0.8538902655765396 -2.045145122898216 1.40039572127038 0.4788653125844322 1.0906777669942775 0.6887830640112669 0.4788653125844322 0.07354050599274342 2
-1.7232353483653826 -0.9420194016302103 1.720713162071338 -0.9420194016302103 1.0453776524265586 -0.9744270298249658 -1.7232353483653826 0.3377089650023879 -0.9744270298249658 -0.2737784949501514 1
4.6066050110498376 -1.406173843222159 -0.15070910949113747 -1.406173843222159 1.9484749405769706 0.10003235483976525 4.6066050110498376 -0.8116293867158513 0.10003235483976525 -0.36301789287953756 2
1.3886605761808812 1.572829813564462 1.1547162038660268 1.572829813564462 -0.005814710000960233 0.262371955270583 1.3886605761808812 -2.769544582741548 0.262371955270583 -0.9736379310762219 1
3.823502773328462 -3.956542737520888 0.5933935295198189 -3.956542737520888 0.14699644076845508 -0.8664011306664925 3.823502773328462 -1.4639990464394628 -0.8664011306664925 -0.3016543769735477 1
-0.8351588747890348 2.173904373058943 -0.048911098983211554 2.173904373058943 -0.7215695383249341 -1.0698239713092956 -0.8351588747890348 0.468454782054575 -1.0698239713092956 2.089564203527356 2
1.393245807032857 1.116147337242066 -2.613963005993989 1.116147337242066 -0.17008422081623076 -2.0872481919608323 1.393245807032857 0.27466118410099416 -2.0872481919608323 -0.850593531739763 1
-1.571586489140648 -0.05584464533383571 -3.9978205780628264 -0.05584464533383571 -0.4287000198809383 -2.2286570110183628 -1.571586489140648 -1.1422326547663 -2.2286570110183628 -0.6157105501677284 2
3.7116491369396116 -0.07269220672127275 -1.6138113692944631 -0.07269220672127275 2.085994910685998 1.5623188550824745 3.7116491369396116 -0.16003961751269036 1.5623188550824745 -1.3024239333355618 1
0.3119423274212254 1.3840480907156572 0.7068464756559008 1.3840480907156572 -0.639049886872814 -5.446493220203712 0.3119423274212254 0.8433182655535171 -5.446493220203712 0.7437094923543781 1
0.39690214538752244 -0.4991458267187239 0.22855242352875793 -0.4991458267187239 3.0305064109425013 -3.0542125056323255 0.39690214538752244 -3.0729135576055 -3.0542125056323255 -1.5260896522981207 2
-1.5527685824632447 1.613872245452879 0.47499652028127604 1.613872245452879 1.8409078057064105 -1.5602151912988036 -1.5527685824632447 2.466847670681654 -1.5602151912988036 2.6287917331383834 2
0.18229637207880545 -0.6919632584801884 1.6577795404530216 -0.6919632584801884 2.4197293655306105 -0.6895728210940639 0.18229637207880545 -1.0747461983958126 -0.6895728210940639 -4.150123192323649 1
1.0041838985247293 -2.5624613508944956 -1.205547700145933 -2.5624613508944956 0.6932552242196728 0.1239861785158094 1.0041838985247293 -0.6609295955587635 0.1239861785158094 -0.12547095901655636 1
3.8971750157050904 -3.6261360713272 -4.017340986562142 -3.6261360713272 1.5554455006832093 0.5209740607824753 3.8971750157050904 1.7066958624469681 0.5209740607824753 -3.2599092088689736 1
1.0296616909164626 -1.4038098862989303 -2.3454034800394905 -1.4038098862989303 0.5939334020590517 -0.757342554767515 1.0296616909164626 1.9873018749905724 -0.757342554767515 0.31453992168151945 1
0.3806161127434212 -0.25580718972223726 -1.1121270535770558 -0.25580718972223726 0.5880572548820262 -2.418979731521774 0.3806161127434212 0.46606075958871396 -2.418979731521774 -2.048139086599693 1
3.105674406517345 -0.5389134486945869 -1.5827478978689573 -0.5389134486945869 0.5221641228181547 -1.8244391378825435 3.105674406517345 -0.4416212252436841 -1.8244391378825435 -0.560844534594725 2
0.7104646790006495 -0.8926443497203345 0.9054438684339842 -0.8926443497203345 1.9311718008646208 1.5525310337638767 0.7104646790006495 -2.0151638541267296 1.5525310337638767 -0.7435159588435043 1
1.9611567946525026 -0.43961872191183426 -0.5211393790150204 -0.43961872191183426 1.9638823953743891 -2.8433685596576685 1.9611567946525026 -0.2787270015799591 -2.8433685596576685 -0.4317058888857117 2
-0.5095424120935534 -0.27611842779245344 0.8021572882425079 -0.27611842779245344 -0.39444351810093115 -2.4908490425277243 -0.5095424120935534 1.8535769613616737 -2.4908490425277243 -0.17721144498621677 1
-1.5692273965907106 -0.3170528341684158 1.1959059933736207 -0.3170528341684158 1.9148785382986453 -0.8027783413140399 -1.5692273965907106 -0.18680014091084796 -0.8027783413140399 0.39479882181081294 2
0.39739762540531 -2.0893305035556278 -0.3992651052275815 -2.0893305035556278 -0.9520485328818031 -2.3289015103274293 0.39739762540531 0.5472668825007574 -2.3289015103274293 -0.16261195068302103 1
-2.3839588664109197 -3.1264591789880503 0.6221509938750127 -3.1264591789880503 1.4493385624146433 -1.9088594984694476 -2.3839588664109197 -0.8660910346150352 -1.9088594984694476 -1.9393465925238855 1
2.751148684952213 -1.7843245159357757 -1.3886206741590021 -1.7843245159357757 2.16294977628748 0.6129031450300493 2.751148684952213 2.356235118497807 0.6129031450300493 -1.5901198398885135 1
-0.6530101261491419 1.6055825592496984 0.3242637869337468 1.6055825592496984 0.6186953281032165 -0.48211111482908464 -0.6530101261491419 1.3490265840742823 -0.48211111482908464 2.7016501287876054 2
0.14051868517955435 -0.06654066329341923 3.1737634879683396 -0.06654066329341923 -1.016035187748062 1.1257817901564282 0.14051868517955435 1.328578380616726 1.1257817901564282 1.3426981423024356 1
-0.11855832492825846 -1.0474337607149473 -2.2127302629217684 -1.0474337607149473 2.5576495231894314 -3.650330865821286 -0.11855832492825846 -1.9990818918358502 -3.650330865821286 0.5232841865081015 2
-1.3907022828166458 -4.370179005023921 -0.6602015523108562 -4.370179005023921 1.0776453663048848 -1.7833097287420934 -1.3907022828166458 1.1955330477977584 -1.7833097287420934 -0.4646711742636792 1
-0.01605730406590089 -2.054077879623371 -0.18498753727297879 -2.054077879623371 3.7334751510553743 -1.619887899620156 -0.01605730406590089 -1.626816317645539 -1.619887899620156 0.1582986697786588 2
-0.5975587064612125 -0.10059110407177918 0.6757567600263337 -0.10059110407177918 -0.10828417055164552 -0.2370491120063003 -0.5975587064612125 -0.9736210438102754 -0.2370491120063003 -3.462663097387195 2
0.0022333722853988824 0.0872491048085886 0.8067550005031745 0.0872491048085886 -0.94309553998928 -3.511004899040367 0.0022333722853988824 -0.681011317810686 -3.511004899040367 0.09951034715986506 1
-0.1669388327454826 0.8010240006091482 0.714507830028898 0.8010240006091482 -0.5057823864758881 1.3248030389759455 -0.1669388327454826 -0.9944987981447265 1.3248030389759455 -0.14132616922173713 1
0.20723484492499722 0.0804087990590272 1.423799169520672 0.0804087990590272 -1.8545162703675264 2.4086280128019855 0.20723484492499722 -0.1682204245703166 2.4086280128019855 -0.032136552519326456 1
5.174138436263382 0.3162618312001597 -3.2604513531925736 0.3162618312001597 -0.6859793742365625 2.020934312316191 5.174138436263382 0.1306191451145815 2.020934312316191 1.3560986221367366 1
-2.5095387910698674 -0.3480800900105301 1.283925619410072 -0.3480800900105301 2.5762836433437846 -2.9056294527784905 -2.5095387910698674 -0.8669574627136118 -2.9056294527784905 -1.0340107009432966 2
-0.2803153407705439 -1.2776799762991289 1.0874868581054211 -1.2776799762991289 2.811849613300033 1.564432091716366 -0.2803153407705439 0.36679927019642133 1.564432091716366 -2.0719732068059553 1
-2.301784873456075 1.581927156849412 0.8815803524197058 1.581927156849412 0.2997122212646497 -1.704190696977572 -2.301784873456075 1.3335241178205444 -1.704190696977572 -0.26074470040189257 2
0.1525957021184292 -0.7449682365575092 1.0233293428840342 -0.7449682365575092 1.2445020786679366 1.5028440053726384 0.1525957021184292 -0.2951518855945414 1.5028440053726384 -0.5309516349230181 1
-1.0551872244490186 -1.63405179545687 -1.983001869588171 -1.63405179545687 0.06326319183868401 -2.516563581930814 -1.0551872244490186 0.5871200563221406 -2.516563581930814 0.09788738121746898 1
-0.3262796379462183 0.5088107563121687 0.951157621591105 0.5088107563121687 -0.11448918863631219 1.2627945303026014 -0.3262796379462183 -0.1853176631461947 1.2627945303026014 -0.12397662300510048 1
0.7335191559914824 -1.4872160547678805 -1.0133860162220782 -1.4872160547678805 1.1903059162021494 -1.2927882085477536 0.7335191559914824 2.8566402465498726 -1.2927882085477536 -0.7011376546023216 1
3.915728728796345 -2.6034993591179005 2.3239715950696294 -2.6034993591179005 2.9953346698045493 0.20301511576769093 3.915728728796345 -2.341297930548235 0.20301511576769093 -1.437791775416279 2
-0.004540601470343519 1.015129006260679 1.814776179023266 1.015129006260679 -0.9559003474968868 0.49476123425286445 -0.004540601470343519 1.7186408921227572 0.49476123425286445 0.8042598303776272 2
5.22414389677061 -1.5287124793662419 -2.9633273243724982 -1.5287124793662419 0.4046576437926208 1.713018726520172 5.22414389677061 -0.25772860732313374 1.713018726520172 -2.200899453691642 1
2.009954413770161 -0.6434234540059394 -1.2917809082388465 -0.6434234540059394 2.2615927561004043 1.8155028734691858 2.009954413770161 -0.025927999320405015 1.8155028734691858 -0.8440591603310761 1
0.7255308258417696 1.4436045114814848 0.574798527453377 1.4436045114814848 0.5224870476869683 1.7404190031556892 0.7255308258417696 -0.059484720344866626 1.7404190031556892 -0.5045686094446578 1
0.23800914898721848 1.727168993591198 1.9255331285473825 1.727168993591198 3.6358593634047542 -0.9102191096877763 0.23800914898721848 2.5624228448402566 -0.9102191096877763 -0.7415215366488608 2
3.0138484331487136 0.23522608337692152 0.4455473846652036 0.23522608337692152 -0.11610267817904085 0.7218578704896201 3.0138484331487136 -1.711262656388152 0.7218578704896201 -0.512765921889776 1
3.4390058624987763 -1.6395031304465424 -1.1561621061083822 -1.6395031304465424 2.8873468107785634 -3.309930852936672 3.4390058624987763 0.7832081277250633 -3.309930852936672 1.7573974347198256 2
-0.12167344306343497 0.2951718349193917 1.4378910263433324 0.2951718349193917 3.8030357828676817 -1.9607120835863958 -0.12167344306343497 -0.08203023860064129 -1.9607120835863958 -0.6108467516480987 2
-0.3658417403373959 -0.14277186113474727 1.76819724045211 -0.14277186113474727 1.2932805201872335 -0.025280869345986945 -0.3658417403373959 -0.6307595790792644 -0.025280869345986945 -2.5737053736398074 1
-0.8336398218345311 -0.8790729184219497 2.8348988242435063 -0.8790729184219497 3.5638265550054604 -2.585649606453752 -0.8336398218345311 -3.827238023529502 -2.585649606453752 -5.005033153706545 1
0.9258376599571427 -1.6953732783410644 -0.4048113780385795 -1.6953732783410644 0.8362765828583716 -2.2266095483646406 0.9258376599571427 -0.43324523772877477 -2.2266095483646406 -1.4853994210959844 1
3.296253422783632 -1.2458811686007263 0.018411773442616575 -1.2458811686007263 0.3719166448808494 1.989357693300831 3.296253422783632 -1.9165926468045833 1.989357693300831 0.7652969487473347 1
-1.259309430208116 1.6479961081333165 1.7475082018539019 1.6479961081333165 0.7324394094895865 -0.3884147318745481 -1.259309430208116 3.6205832083694247 -0.3884147318745481 0.10693696214990123 2
-2.086689496545923 1.6954854376519535 0.880487864388617 1.6954854376519535 -1.1018048812156294 -0.5891282256690056 -2.086689496545923 2.414719296469926 -0.5891282256690056 1.3857199934443667 2
4.86495376395015 -1.7842802945448226 1.4931535159254166 -1.7842802945448226 2.9010212022385478 -0.9207467721224307 4.86495376395015 -2.1696154622472568 -0.9207467721224307 -1.3172033596447825 2
0.5867804266797805 -3.359792638825092 -1.7549348161910099 -3.359792638825092 3.6881127569489434 -0.31085844785418404 0.5867804266797805 2.766621705568517 -0.31085844785418404 -2.355814608444616 1
-0.5380700527645379 -0.3081917012758303 -1.6995997174911652 -0.3081917012758303 1.0450526891716567 -2.2151826750981196 -0.5380700527645379 -1.0224610149811673 -2.2151826750981196 -0.8414070264756904 2
2.8564182420808346 2.5689052418506577 -1.9317638692452017 2.5689052418506577 2.7527244810743463 1.4104023053676642 2.8564182420808346 -1.5324868985724949 1.4104023053676642 -1.2977113485511096 1
0.961215640660276 0.9243494809588566 0.5440612475962843 0.9243494809588566 0.22895323891356578 -0.46099063675717533 0.961215640660276 -0.7129437161308236 -0.46099063675717533 -1.0134763437933243 1
2.3166305307080868 -1.915448996280994 -2.8073226562511335 -1.915448996280994 2.444617190509117 0.16769591245608262 2.3166305307080868 1.3059146523252414 0.16769591245608262 -1.4226247593484294 1
-0.22539126361282358 -1.2924117682884448 3.2344989415997003 -1.2924117682884448 2.4499136915371658 -1.0064813231328675 -0.22539126361282358 1.1277694234729885 -1.0064813231328675 0.23325617921596686 2
-1.5322090569838251 1.3951217571806123 0.33013041586439684 1.3951217571806123 3.085324753293566 -1.9926268686907571 -1.5322090569838251 1.4121291880032747 -1.9926268686907571 1.5135030113102288 2
3.491634935039141 -0.5431616784315927 0.36422912195186097 -0.5431616784315927 2.149878850081427 0.627625495921069 3.491634935039141 -3.3408746983850337 0.627625495921069 -2.182025089028298 2
0.3482839538423229 -0.10137103364183075 0.5861991623966407 -0.10137103364183075 0.3231705625079665 -2.1622721976666184 0.3482839538423229 0.9144365162942909 -2.1622721976666184 -1.8323585530290996 1
2.489633511954772 -3.721360215556117 -3.5198992688724684 -3.721360215556117 2.1518784247255396 3.5628848001331486 2.489633511954772 1.235050483254715 3.5628848001331486 -3.1562229636848205 1
0.9882700731060843 0.8890379708580651 1.4930895584355228 0.8890379708580651 -2.9064238821501536 -1.3495375730766743 0.9882700731060843 -0.19786639690888408 -1.3495375730766743 -0.8710736828664228 1
-1.5461177554894672 -1.589321733378809 0.561522740368982 -1.589321733378809 1.0338248594489468 -1.0192727318983243 -1.5461177554894672 4.781241503342253 -1.0192727318983243 0.5941612363170079 1
1.3145651181024072 -1.7991378956659423 1.9710473513377176 -1.7991378956659423 3.5821060345189735 -1.6632566433110991 1.3145651181024072 -1.9453055025969155 -1.6632566433110991 -1.7586303213554073 2
-0.1630920039657957 -0.992330783432065 0.44741549703366146 -0.992330783432065 0.6983697644176526 -0.6995281367196589 -0.1630920039657957 2.569780154519802 -0.6995281367196589 -0.017796312381309187 1
1.7513293285159632 -2.0196293103279075 -1.1540762995863256 -2.0196293103279075 1.6890311401861573 -0.6064585153076707 1.7513293285159632 -0.9526716238119005 -0.6064585153076707 0.061834182538957005 2
-0.3364445564594265 -0.8528670478631715 -2.4730278436682966 -0.8528670478631715 -2.5820442909333328 0.35487209762066696 -0.3364445564594265 -0.6524485000374233 0.35487209762066696 -2.335931493742293 2
-0.07040128274283797 0.9234889585265892 2.83387870375654 0.9234889585265892 -2.5409774396797045 0.24000458863017982 -0.07040128274283797 2.8832322581987797 0.24000458863017982 1.2551253676744594 2
3.3575062051020423 1.0985271918773454 -2.722228823485999 1.0985271918773454 1.1008260660829958 -1.2247485152271291 3.3575062051020423 1.1200406120964654 -1.2247485152271291 -1.386733835549291 1
-0.44401607959850353 0.19927224600089555 -3.6659708604457624 0.19927224600089555 -0.7032139740417633 -1.9529591230219592 -0.44401607959850353 -1.399984948573993 -1.9529591230219592 -1.1311719767372985 2
2.6773757607643267 -0.7395236063328599 0.10031340527240518 -0.7395236063328599 -0.2878472950686062 2.8739872055799682 2.6773757607643267 -1.325338827641112 2.8739872055799682 1.6186772259952953 1
0.7196577671693039 -1.062380977470729 0.14561122681269878 -1.062380977470729 0.9564009404177891 0.07092008483730705 0.7196577671693039 2.3047460861830515 0.07092008483730705 0.3784557957779202 1
-2.697197666307959 2.3532834022488807 1.8886667014165068 2.3532834022488807 -0.3709145534934857 -0.34418609988922544 -2.697197666307959 5.587989787999942 -0.34418609988922544 -0.5788494568158691 2
0.19007138181402694 1.3368783383527867 0.6687888287574184 1.3368783383527867 5.120290970791488 -1.2310306825182336 0.19007138181402694 -0.2236207448435179 -1.2310306825182336 -1.2931870207806484 2
1.1613497589191801 -1.2065741262670773 -2.515727073421643 -1.2065741262670773 3.6879229611124473 -0.5007372193200412 1.1613497589191801 0.7158426161650415 -0.5007372193200412 -3.2160931616960613 1
1.4467096661756247 -0.4347885393773421 1.698388487635281 -0.4347885393773421 -0.992750121757727 0.31062448184041047 1.4467096661756247 -0.9180200013366384 0.31062448184041047 2.676508734513752 2
-1.1152173995517298 2.012449861426295 -1.2311146045323862 2.012449861426295 -1.6480367683532307 -2.0166534594809002 -1.1152173995517298 -2.741496534868029 -2.0166534594809002 1.9034153059688954 2
1.7185692590735355 -1.9746319766024065 3.4111064156167217 -1.9746319766024065 2.941738321871806 -0.7411476747101361 1.7185692590735355 0.17279758005100665 -0.7411476747101361 -1.9606106542934514 2
0.48112370588675946 -1.652621702639586 -0.21369902134136165 -1.652621702639586 1.2850302820170376 -0.21091208052153265 0.48112370588675946 0.7978436686951225 -0.21091208052153265 0.35716474990365454 1
0.5519455485901512 -0.6699582511195825 -0.36597447408266126 -0.6699582511195825 1.7609093287603241 -1.1128678473313163 0.5519455485901512 -3.5958093162584994 -1.1128678473313163 -2.173936207446818 2
2.774432046555191 1.2408586123423486 -0.4863580667689691 1.2408586123423486 -0.6790111803639682 0.17208431358642218 2.774432046555191 -1.8122314261016716 0.17208431358642218 -0.9336047746651155 1
0.4626684570197984 -3.143563498204294 -2.2052016491710913 -3.143563498204294 2.7196392349325884 1.5613175078975883 0.4626684570197984 0.7096733655646227 1.5613175078975883 -1.7924174229911594 1
0.15381781601930988 0.923789136985026 -0.0817990197767422 0.923789136985026 1.3623957815447514 -0.8004239693443045 0.15381781601930988 0.7141250895803701 -0.8004239693443045 -1.9366401195312704 1
2.2807319701248345 -1.9985113429864947 0.22356102557801982 -1.9985113429864947 1.0056149569541106 3.639357453625089 2.2807319701248345 -1.1860298204541375 3.639357453625089 -1.3912169191516002 2
-0.44427607204055763 -3.2015526149137195 1.9646178159698182 -3.2015526149137195 2.8899117220184376 3.4678505583415924 -0.44427607204055763 -2.337214070561542 3.4678505583415924 1.3070719107553148 1
-1.6701240061319709 0.9809970251879169 2.2492983127511224 0.9809970251879169 0.06507676993604838 -1.9168081624125795 -1.6701240061319709 2.20730326215945 -1.9168081624125795 -1.1244039288465553 2
1.4344234297547118 2.4063889543094676 2.0989519887668977 2.4063889543094676 0.2954078807589554 -0.7188217115537804 1.4344234297547118 -0.016298912699325818 -0.7188217115537804 0.013311539097180303 1
0.40758474579106396 -1.6708558520503924 -1.7825044187790482 -1.6708558520503924 1.2164402191091386 -2.1567611343546136 0.40758474579106396 1.3849046668854617 -2.1567611343546136 -0.1829404026150997 1
-1.222849094698534 0.3723044410256552 3.1711714817095955 0.3723044410256552 -1.844577677313203 -1.0886722116810645 -1.222849094698534 3.020340469354849 -1.0886722116810645 0.4222543907926204 2
1.1084429214922553 0.329497417172959 -2.830823776651153 0.329497417172959 0.302693964984303 -2.5513961250499837 1.1084429214922553 -1.1012720898591148 -2.5513961250499837 -0.7966806940836445 2
1.6593673105854645 0.9922379723046022 1.7076261726259991 0.9922379723046022 -1.1242810222269632 -3.6678025787799826 1.6593673105854645 -0.690475610082584 -3.6678025787799826 -1.0522449305451678 1
-0.0431585197954889 -0.01999909969133229 -3.430141590081729 -0.01999909969133229 -0.10325958469839747 -2.1856882911984608 -0.0431585197954889 -1.1195726962710169 -2.1856882911984608 -0.6281475562294249 2
-0.6484929473729374 1.6366097395944756 -1.1758408226852897 1.6366097395944756 0.7695651567130177 -1.2219205784430203 -0.6484929473729374 -1.4613253869642957 -1.2219205784430203 3.7337060247230327 2
0.5427147875731162 -2.1801793650248813 3.1263223632165116 -2.1801793650248813 2.071317289592963 -1.134458516632384 0.5427147875731162 -0.8177170712867294 -1.134458516632384 1.194458606692772 2
0.5384561637870817 2.664837896276784 1.3994731752386804 2.664837896276784 -0.5447448745059955 -0.39722740398714307 0.5384561637870817 -3.201600454723919 -0.39722740398714307 -2.6017245072235333 1
0.8345968464910788 -1.130267055376708 -1.890319457598868 -1.130267055376708 0.13958367879540712 0.4041687369619502 0.8345968464910788 1.0996019646912822 0.4041687369619502 -1.0029168159191857 1
0.11128313977596638 3.3288684741195143 -0.7772011045474481 3.3288684741195143 2.3744722450485893 -0.16816474253851665 0.11128313977596638 0.21305714658252362 -0.16816474253851665 -1.208949257668289 2
-0.3808800433469205 -1.1008583093796873 1.1752691508328124 -1.1008583093796873 -0.2818967947168962 -2.3499492306614846 -0.3808800433469205 -4.14147006734863 -2.3499492306614846 0.6235077241912423 2
-1.5715628162141286 -1.2527192827983908 1.462126649014051 -1.2527192827983908 1.0483342520941379 -1.6423143166037537 -1.5715628162141286 -0.43242981612141085 -1.6423143166037537 2.721101004671403 2
1.8031840636018477 1.0868327599620216 1.7204005792118093 1.0868327599620216 -0.6318057126465277 -1.331108311358787 1.8031840636018477 0.15234972029367833 -1.331108311358787 0.5079711944378604 1
1.6227553150416776 -0.3026641414855057 -3.019261275218348 -0.3026641414855057 -0.2459441398950326 -2.3868418541985066 1.6227553150416776 -1.1135182733393654 -2.3868418541985066 -0.15464710546916827 2
0.38471543578584955 -1.5521141987999365 -2.278027701175076 -1.5521141987999365 2.181767852482656 -2.533413856040264 0.38471543578584955 -0.7009535599356715 -2.533413856040264 0.9391954478614102 2
1.5947596715576253 0.24111437386231427 1.885644569939636 0.24111437386231427 1.0641944551527425 0.02032057281867461 1.5947596715576253 -0.2707316701695337 0.02032057281867461 0.36872766277389435 2
-1.0733692120756706 0.41141419090136355 0.9133706892254712 0.41141419090136355 2.018220975372822 -1.2629148215740549 -1.0733692120756706 0.7521821616764551 -1.2629148215740549 2.4425231535092324 2
-1.5812430941379874 2.1885757815102966 -2.2423031320163624 2.1885757815102966 1.6889482759077068 -0.5714946477388678 -1.5812430941379874 -0.27701353461762723 -0.5714946477388678 4.542584855564404 2
1.9210489563034716 0.8325152784535348 -0.5556904756200665 0.8325152784535348 0.9465819353304835 2.5276332440832414 1.9210489563034716 -0.9008217597022355 2.5276332440832414 0.35024667757318406 1
0.5434049589685193 0.9585757482040994 0.31193496983093516 0.9585757482040994 -1.178683818347987 -0.6085474847286629 0.5434049589685193 -1.0906611496576706 -0.6085474847286629 4.140607756958804 2
-0.5896991527745681 -1.7446377251157419 -0.07564344996809846 -1.7446377251157419 0.4824716801299124 -0.9244244653700061 -0.5896991527745681 1.0251079049230913 -0.9244244653700061 -0.9219173844999674 1
1.83254876740406 -2.8681822686073017 -4.04460291850237 -2.8681822686073017 0.6581222689860986 -0.7075981630902238 1.83254876740406 4.36701599469955 -0.7075981630902238 -2.563265188108594 1
2.178011270978086 -3.043312509416541 -0.831725846204697 -3.043312509416541 3.1114824747791823 1.001456199020542 2.178011270978086 0.3932597856343776 1.001456199020542 -0.2515586239184673 1
2.9415291228079257 -0.5918436918051369 -1.6782420453203883 -0.5918436918051369 0.056584942428686946 0.3904479133857228 2.9415291228079257 -1.511695271191055 0.3904479133857228 -0.9659530775000174 2
0.451959375912252 0.018396210637973365 0.6046381432673551 0.018396210637973365 1.5501792420115486 3.036998552189294 0.451959375912252 -0.10081346044609096 3.036998552189294 0.09223228035973463 1
0.08188651521625334 0.3453223382938244 -0.29437562281380814 0.3453223382938244 2.957648063672998 -4.6870357344798395 0.08188651521625334 -2.9581166756776924 -4.6870357344798395 -1.7017066065681385 2
2.636455272360066 -1.5203654040615695 -1.1072311579604153 -1.5203654040615695 1.4029337529816206 -0.9549391900819483 2.636455272360066 -0.8548625374567995 -0.9549391900819483 -2.2508574766962326 1
-0.6277862875377132 0.8357237729591058 0.3620724724813128 0.8357237729591058 1.1339037895255557 0.589680636481767 -0.6277862875377132 1.830105986822085 0.589680636481767 -2.660939641419988 1
1.6926929785570062 -0.18458746635882306 0.6085731292833658 -0.18458746635882306 3.6024474224178995 0.1454892152795988 1.6926929785570062 0.8982005612803765 0.1454892152795988 -0.3646185499205946 1
-1.2039455354981439 0.9424532465682023 1.8354260534689362 0.9424532465682023 -0.5844258522011037 -0.8860232635715417 -1.2039455354981439 2.3541659513609643 -0.8860232635715417 2.7164027312437984 2
2.3678456603809854 -0.11559461283693784 0.7528513597699991 -0.11559461283693784 -1.5068913605396386 1.5314458287284713 2.3678456603809854 -1.30757760681458 1.5314458287284713 -0.29395645289888206 1
3.1576003218745208 0.22472930474839492 -2.6458936727718037 0.22472930474839492 0.4371991267483386 -1.5006266181723629 3.1576003218745208 -3.0115907526265997 -1.5006266181723629 -0.9373320734416835 2
3.6856048758545765 -2.343570013893641 -1.011239273654912 -2.343570013893641 2.0842216510715215 -1.5889398679052045 3.6856048758545765 -1.2626691000648502 -1.5889398679052045 0.334083306075162 2
2.6195075613833185 -0.06467812693382358 0.19510622390250487 -0.06467812693382358 0.05090350980421765 1.5320354553284905 2.6195075613833185 -1.4701368561849844 1.5320354553284905 -0.49875447357608194 1
-0.7529452796150399 0.6678012802936639 1.6995724861141552 0.6678012802936639 -1.0365573324194908 -0.1892568794185332 -0.7529452796150399 1.8786920602985329 -0.1892568794185332 2.2676143000714015 2
-2.024841712692896 0.7627741661070082 1.8628988151685137 0.7627741661070082 0.645956845207952 -1.8975983827716218 -2.024841712692896 1.6936405207172602 -1.8975983827716218 -1.3390950003603344 2
-1.1865859251500814 -0.9689750833202689 1.0202901671317859 -0.9689750833202689 0.34579878402431363 -1.2826192540650345 -1.1865859251500814 -0.46982811712302186 -1.2826192540650345 -1.8126620169234278 1
2.128792347602878 -1.0301854102655164 -1.1288345960573123 -1.0301854102655164 2.275490168458272 0.2645650441131506 2.128792347602878 -0.20820654652414539 0.2645650441131506 -1.2259764006149056 1
3.5527681957368062 -3.2287293311823713 -4.668654158404556 -3.2287293311823713 0.3571497234946619 -1.104277515924966 3.5527681957368062 -0.8298926580283847 -1.104277515924966 -2.8455824773911127 1
-0.6984669479459555 -0.1616726842875983 -2.687161136976833 -0.1616726842875983 -0.7185276319676226 -1.1757241824937807 -0.6984669479459555 -1.059816002434006 -1.1757241824937807 -1.3714042799967916 2
-1.1415777681322892 -0.4781750484099979 1.1459671419964201 -0.4781750484099979 2.3800259150075105 -2.3855399074089583 -1.1415777681322892 2.997966375347283 -2.3855399074089583 -0.7097851076427091 1
-0.48254389109269447 -0.246095760885909 1.6012604093355867 -0.246095760885909 -0.6952567877853935 -1.181333365984806 -0.48254389109269447 -1.2586189017334033 -1.181333365984806 -1.8835736489840444 1
-0.07904112947815745 -1.5910968600018203 -4.083841480026176 -1.5910968600018203 0.21571145988349727 1.6750480091700304 -0.07904112947815745 -0.8852080469108519 1.6750480091700304 0.4833655659710798 2
0.31501723695650496 -1.8324520910451043 0.5375751691522648 -1.8324520910451043 3.1560835717578146 -2.180389870453872 0.31501723695650496 0.52428340168297 -2.180389870453872 -3.840364154778042 1
0.005754655183066282 1.284513409695624 0.606816688910113 1.284513409695624 1.2962496897526763 -1.1293273279707534 0.005754655183066282 0.6370860055915049 -1.1293273279707534 2.1405854527632426 2
-1.7965209903433266 -1.7556440921048626 0.8203854716213907 -1.7556440921048626 1.9025761190765014 -3.544617968628842 -1.7965209903433266 2.1245671345340407 -3.544617968628842 0.313127003627204 1
-1.1222444510909453 -0.07809254787782494 2.111018137221625 -0.07809254787782494 5.094489660987785 -2.3135546690073205 -1.1222444510909453 1.4601335809900267 -2.3135546690073205 -1.5117371698059392 2
-2.227601959203113 3.279918243062112 -0.3550655290707929 3.279918243062112 0.3942214628297023 -0.8816157329679177 -2.227601959203113 2.8287741999552694 -0.8816157329679177 0.8346096598474158 2
2.0198929207008662 1.613364760819437 -0.9140477318771858 1.613364760819437 -0.2567510978053067 -1.2495540637230194 2.0198929207008662 1.7854689101627887 -1.2495540637230194 -0.33741942815662596 1
-0.5718139900751009 -2.2179670230051785 0.525499217175466 -2.2179670230051785 2.179882905490847 0.34848867815078655 -0.5718139900751009 -0.05977217278558289 0.34848867815078655 -1.3085204334180196 1
-1.7994189031680707 2.47737315080437 2.798003283571212 2.47737315080437 1.3129556431533866 -1.2410370490354783 -1.7994189031680707 -1.4109193900176094 -1.2410370490354783 -5.445332316960036 1
0.4377941510933546 -1.4289756332302965 -1.0650628382005276 -1.4289756332302965 1.3781571815132718 -0.007114369567053358 0.4377941510933546 -1.4769317613768114 -0.007114369567053358 -0.9368670458614519 2
0.8272012187211975 0.8759119745128842 1.9872703325778072 0.8759119745128842 0.3709888959672464 0.21601391324212815 0.8272012187211975 0.9609154295289968 0.21601391324212815 0.2371836075539664 2
1.2879392369978093 -2.9391589008189785 1.487112111620339 -2.9391589008189785 1.2269619022454346 1.5172593082419787 1.2879392369978093 2.350022082887798 1.5172593082419787 -0.4559026105967593 2
-0.4821987400194554 -1.8769417170894704 2.078799188641537 -1.8769417170894704 1.0892328003876843 2.3875566870422897 -0.4821987400194554 -0.8739310457435261 2.3875566870422897 0.032672491168353135 1
0.3358570873127388 -2.206938655845458 0.9425947449404761 -2.206938655845458 1.9801209542199034 2.2272297073590517 0.3358570873127388 0.19537329543646065 2.2272297073590517 -0.19180508721252476 1
-0.4125677618424417 0.3821555719352572 -0.09685278750836446 0.3821555719352572 0.7689880791566789 -2.2129354155077916 -0.4125677618424417 -2.6987114405339017 -2.2129354155077916 -3.1791788438929696 2
-1.2201654802536095 -2.0216217273064503 0.6958276790754654 -2.0216217273064503 3.1666839023871165 2.9401797528623037 -1.2201654802536095 2.6111264639554363 2.9401797528623037 -0.09341014100936684 1
2.9090301531950553 -3.417314782457933 1.5905360837759348 -3.417314782457933 0.0012076108322561785 -0.8498970623045647 2.9090301531950553 -1.99508080807718 -0.8498970623045647 -1.011675063005362 1
1.7606114307523115 -1.101213367779926 1.3401889525404194 -1.101213367779926 1.0360799409516395 1.0334122318172434 1.7606114307523115 -1.520496215718765 1.0334122318172434 -0.30845967473736013 1
1.7667785779281047 -2.755845080627724 0.926837470878446 -2.755845080627724 1.0538089119436125 1.683249292553084 1.7667785779281047 -1.1685825812035135 1.683249292553084 -0.6253423468425374 1
1.1240151668803289 -0.5974641641018238 0.3271221114472369 -0.5974641641018238 3.1233001180809565 -2.9820600278843035 1.1240151668803289 -1.014636887053298 -2.9820600278843035 -0.6986649804526064 2
-3.805689725135679 0.5090462074580947 0.7175440886313589 0.5090462074580947 4.345069103533326 -2.904118342709171 -3.805689725135679 0.6297475921362786 -2.904118342709171 -2.3214293226002067 2
1.3110163391527632 0.19325213382771356 3.3167814777649283 0.19325213382771356 2.8278734066379227 1.10075619903448 1.3110163391527632 2.9406932628395968 1.10075619903448 -0.7683519570809725 2
3.053367041897058 -1.0168404800967015 -0.4183918691908871 -1.0168404800967015 0.7022633358169111 1.7163601791539294 3.053367041897058 -1.8039287717973678 1.7163601791539294 -2.0881196854780315 2
-0.72897441793972 0.4535552140668919 1.2143275645883038 0.4535552140668919 0.20118833446382378 -0.8033615510151786 -0.72897441793972 0.9274714429212804 -0.8033615510151786 3.4181871263864902 2
0.3526056770119359 -1.0125010777664754 2.1766695309936814 -1.0125010777664754 1.9434184849489555 -1.4161122255429364 0.3526056770119359 0.0460349361296426 -1.4161122255429364 2.5795498211644228 2
-1.4331024093762341 -3.4597267509832865 0.9108680974213439 -3.4597267509832865 0.8272931303345568 -0.6556958294562397 -1.4331024093762341 2.055741054053801 -0.6556958294562397 -0.8309252450424668 1
4.125706863077465 -1.3616417081157843 1.0109406400386307 -1.3616417081157843 4.142540018773982 -0.46803209576216376 4.125706863077465 -2.815248052849417 -0.46803209576216376 -0.5790449465579126 2
-0.6265128263419626 0.5708374969735912 0.25277209926296296 0.5708374969735912 -0.22306559275553517 0.039537482552905345 -0.6265128263419626 0.4303634913387766 0.039537482552905345 4.116866313824475 2
2.861327193862934 -0.9693271357992401 -0.494437812377579 -0.9693271357992401 2.3443712910508614 3.143872985722369 2.861327193862934 -1.962860013719728 3.143872985722369 0.1732647725038392 1
2.8405116975652245 -2.1376730112748428 1.4602420628471173 -2.1376730112748428 -0.6637521351259794 -0.34615724051018226 2.8405116975652245 -2.1011727611138626 -0.34615724051018226 -1.2406253902285025 1
-1.74049896197619 -1.3103096510373924 2.784572868448666 -1.3103096510373924 2.1933880670197325 -1.503729596766687 -1.74049896197619 -0.4683002135468737 -1.503729596766687 0.15104794149200296 1
-0.6801206151332357 -0.8022182963857232 0.7022402805741035 -0.8022182963857232 0.4574893365619481 1.680901312755634 -0.6801206151332357 1.9575294492091069 1.680901312755634 0.1517526539316798 1
-0.0888624701412829 -0.20865509390473402 2.297314340106251 -0.20865509390473402 1.0848384565137723 -0.39582239510746564 -0.0888624701412829 0.9994306845499117 -0.39582239510746564 0.17907945145655912 2
-1.4606828166278993 -0.45215169304919933 3.184754724541623 -0.45215169304919933 1.096060595732317 2.3208168003751277 -1.4606828166278993 -0.3137499761639342 2.3208168003751277 -2.644878043735261 1
0.9972133779039977 -2.845447081995716 -3.1954176894564945 -2.845447081995716 1.7973733315340152 -1.2659395049895188 0.9972133779039977 0.8539846921184187 -1.2659395049895188 -0.8492102173008862 1
-1.6081245103797404 1.9784711087758855 1.2375722720992985 1.9784711087758855 2.2569178401062935 -0.5094672675136604 -1.6081245103797404 3.1586639825325182 -0.5094672675136604 -1.1923044682787416 2
2.7102077472367587 -1.2904552087285541 -0.19273487689150204 -1.2904552087285541 1.644725849532794 2.9359210246368947 2.7102077472367587 -0.9115671918249886 2.9359210246368947 0.34578477377507877 1
0.1487445829844749 -0.9794402717439571 0.1586393414586056 -0.9794402717439571 0.5587204573682101 -0.6219491473605012 0.1487445829844749 0.18269697346082836 -0.6219491473605012 -1.0505359316736782 1
0.6822164108608362 -0.8396222826413404 -1.1195799390486652 -0.8396222826413404 -0.16356622502113893 -0.8966649636101748 0.6822164108608362 -0.1508847224263824 -0.8966649636101748 -1.047384943457251 2
3.3566277601314414 -0.8468410267198627 -0.5319946649404221 -0.8468410267198627 1.6191840283836907 -1.6051647763314398 3.3566277601314414 -1.4067502310626931 -1.6051647763314398 -2.635455847182259 1
2.4569833421603278 0.05764037795463017 -1.797192171516553 0.05764037795463017 -0.21727195813982503 -3.2511027337940663 2.4569833421603278 -2.8157580577996946 -3.2511027337940663 -2.386559074008934 1
-0.5609321533652958 -0.12623615866244964 1.2791876377988 -0.12623615866244964 2.5081921434111942 -1.3492141468856664 -0.5609321533652958 -0.6118294700776039 -1.3492141468856664 0.7892837945664458 2
-2.217735141845984 -0.7145819391942375 -2.278152000190633 -0.7145819391942375 2.911262859255934 -2.0406691860468342 -2.217735141845984 -4.014268440169088 -2.0406691860468342 -0.7884122646559757 2
2.4475506225609625 0.6976048152618401 -1.120986410031342 0.6976048152618401 -0.8697832375205026 -3.4500910901845407 2.4475506225609625 -0.16767198816743756 -3.4500910901845407 -1.3756036506308598 1
-0.6640253611389737 -1.7783825835109504 -2.1922755914483547 -1.7783825835109504 -0.21286957011366914 -2.4256786244024546 -0.6640253611389737 2.2752988119728643 -2.4256786244024546 0.23320968172934897 1
-1.0801784026904973 1.5197530909928032 2.2533142295329993 1.5197530909928032 3.396774017655961 -0.18150940968088436 -1.0801784026904973 4.670454236654406 -0.18150940968088436 -2.360799621702677 2
0.2874519322631631 0.38202429271182514 0.5361364871522492 0.38202429271182514 2.064331582767738 1.6892802917439924 0.2874519322631631 0.4032532595988305 1.6892802917439924 -1.0645934126331111 1
0.8563305128370771 1.1278009076524507 -0.32012762121244887 1.1278009076524507 -0.5879399804567229 -4.454231331544484 0.8563305128370771 -0.6392928561548463 -4.454231331544484 -1.707930829336442 1
1.1039612539630286 1.7125693663778758 1.50833972914795 1.7125693663778758 0.9209981210846467 -1.9033044130532075 1.1039612539630286 1.1763955582888799 -1.9033044130532075 -0.5370371203081807 1
0.2374446261818638 0.05341350280367374 1.3107569334488476 0.05341350280367374 -0.30501808277475506 3.141066025010857 0.2374446261818638 -2.9898199708757263 3.141066025010857 1.817191271052819 1
3.304399520199862 0.16188675099403538 0.2585850902236304 0.16188675099403538 1.407375278215934 0.4036390049931694 3.304399520199862 -3.888883147962898 0.4036390049931694 -1.4840227583482801 1
0.9805956300378113 0.21668382405625897 0.19552400174848916 0.21668382405625897 -0.11259080731996707 -1.5868436982470588 0.9805956300378113 -0.8691140809786653 -1.5868436982470588 -1.1185129294711402 1
0.10969438170935342 -0.2128103451964738 2.985702234222831 -0.2128103451964738 -1.064793388333522 0.30108994126051813 0.10969438170935342 2.051792524903445 0.30108994126051813 1.5116275755336075 2
1.8825102426492961 -1.836068146173495 0.08046208058454352 -1.836068146173495 -1.4273380510665898 1.9722225018050668 1.8825102426492961 -0.029998180547889386 1.9722225018050668 2.943093752891652 1
2.6550058850871894 -1.3299202469790616 -3.2567844398080195 -1.3299202469790616 -1.952679499335427 1.3785938110913794 2.6550058850871894 0.12980874047060564 1.3785938110913794 -0.41684033048760727 2
2.7663780376275318 -0.6076118840531579 -0.20160670385134216 -0.6076118840531579 1.382227346159399 -2.1093836113334934 2.7663780376275318 -0.551300354999966 -2.1093836113334934 -0.9902750225226724 2
-0.7714396419315017 2.9875096206445892 1.5134644466398084 2.9875096206445892 -0.26312741694509545 0.554825250696702 -0.7714396419315017 4.48570519487534 0.554825250696702 -0.7429949145083428 2
2.3580190098157052 1.7460143722160382 1.006722381392576 1.7460143722160382 -1.0284720873570432 -0.23090670247064737 2.3580190098157052 2.5702252972305435 -0.23090670247064737 -0.7011412102714769 1
0.3181038648875303 -0.12453578437565094 1.4428283741622587 -0.12453578437565094 -0.7657687807271412 -0.6262173711703827 0.3181038648875303 -0.7138397963538698 -0.6262173711703827 3.0767890833170535 2
2.7966322530163 -1.4940224566442661 -0.012800862530700785 -1.4940224566442661 -0.1342929342151007 2.9216765828196136 2.7966322530163 -2.3184298254643716 2.9216765828196136 2.346525186455478 1
-0.7295871889444856 -3.881117239840751 -1.2500149693736549 -3.881117239840751 1.4365099610811973 -1.8020205398301536 -0.7295871889444856 2.20869806045925 -1.8020205398301536 0.2932951060230846 1
0.08931422982769055 -0.5901184732494189 3.2175662550165143 -0.5901184732494189 1.4356150648368549 0.3478235704965298 0.08931422982769055 1.502776428740279 0.3478235704965298 -0.713148144458885 2
-0.16735443639227066 -0.7345515497459083 1.906105225967985 -0.7345515497459083 -1.2281746833039295 -0.6922201068501417 -0.16735443639227066 0.5085374531255886 -0.6922201068501417 4.949845122354359 2
2.3546236264962674 0.8849096948170312 -0.008884633166281741 0.8849096948170312 0.08745609853305725 0.868743581953707 2.3546236264962674 -1.688221292548024 0.868743581953707 -1.2945220364903531 1
0.7893583736430863 -0.36088864948709887 -4.289334768880529 -0.36088864948709887 -2.579328930459172 -0.8507019118201599 0.7893583736430863 0.15704642748083208 -0.8507019118201599 -0.7161836456195446 2
0.3512737804593833 1.2090946086547651 2.434224386954198 1.2090946086547651 0.27479104208209515 0.4475605195600414 0.3512737804593833 0.02201127262638336 0.4475605195600414 0.30732255291834387 1
1.8231787309282934 -0.48905415333618985 1.9672323215256695 -0.48905415333618985 -1.297833150290217 -0.797445271368941 1.8231787309282934 -2.4366574363034728 -0.797445271368941 -1.0218884837802802 1
0.5248060745502672 -1.85765315043923 -1.981490996030602 -1.85765315043923 1.8602488043749608 -1.157878686640149 0.5248060745502672 0.6906788793306076 -1.157878686640149 -2.356767376536692 1
1.9139057989080137 0.668707944894531 -1.150467231255389 0.668707944894531 0.5204571724110991 -2.2615557522500342 1.9139057989080137 0.4405537929014881 -2.2615557522500342 -1.045722128833477 1
-1.4576683903847996 -1.8141385682668636 -0.6947190992655751 -1.8141385682668636 2.6431762248698445 -2.0713647930739705 -1.4576683903847996 -0.4285188252187191 -2.0713647930739705 -0.35074984216031346 2
0.5885908641089992 -1.1985291586075348 -0.7512514403093286 -1.1985291586075348 1.3794267928923412 -0.7385617543852603 0.5885908641089992 -0.6292607361491205 -0.7385617543852603 -0.8239759718632335 2
2.5141675008255646 -1.8840543530138887 -0.180915962195768 -1.8840543530138887 1.011000195271003 0.1548534566176174 2.5141675008255646 1.340401527646904 0.1548534566176174 -0.13273338939157064 1
0.6979500113444248 1.497198616733884 1.3817142065579868 1.497198616733884 -2.548310779591829 -0.5377136944804058 0.6979500113444248 2.537949139057874 -0.5377136944804058 5.15755013878325 2
-1.8064495796579236 2.30228052150409 0.13567129962418356 2.30228052150409 1.1788004099082474 -0.8432173870678565 -1.8064495796579236 2.678750994645843 -0.8432173870678565 1.9491765751076093 2
-0.6389773806736059 0.0063529658941174905 0.4466976348292363 0.0063529658941174905 2.1643138736469276 3.496588368440039 -0.6389773806736059 -1.5548957682405244 3.496588368440039 0.008669737960002255 1
-1.3146252518172021 2.105969635563399 0.2223974377562169 2.105969635563399 2.7289768388295697 -2.232264534629297 -1.3146252518172021 1.686428797514623 -2.232264534629297 0.9105992107860801 2
-0.47651375142269337 0.13961599925142432 -3.6814897990284647 0.13961599925142432 -1.9590099818243236 -0.8921498794753339 -0.47651375142269337 0.36682140532026075 -0.8921498794753339 -1.1312363800865604 2
-2.072807335663049 -0.5715720133164146 -1.45947257732024 -0.5715720133164146 -1.7997229993872894 -1.6726367979554586 -2.072807335663049 1.8235687812170895 -1.6726367979554586 -1.591965486194431 2
-1.1121503164978899 0.1454931004217127 2.1908485853136055 0.1454931004217127 2.855987944810489 -0.8616701419777387 -1.1121503164978899 1.4284177083621463 -0.8616701419777387 -1.1715588584231273 2
-1.6198119960076296 1.212913255238527 1.0386543798983456 1.212913255238527 -1.7355835687909194 -2.0057697280573805 -1.6198119960076296 1.1449025134021051 -2.0057697280573805 2.9229181127960433 2
2.6990191033266173 -2.4365612926293205 0.3600560785844893 -2.4365612926293205 2.3075924911971484 -0.5965650677891001 2.6990191033266173 -2.041055784764695 -0.5965650677891001 -2.024557948977577 1
2.005767626954036 -0.9935570215183931 -3.1428551212616638 -0.9935570215183931 0.7547638640911509 -1.5596799933437413 2.005767626954036 -1.097424062216471 -1.5596799933437413 0.41745140456604624 2
5.1584591027932465 -0.16385749895279467 -0.9877617100810675 -0.16385749895279467 2.855255189180341 -1.9196535352181363 5.1584591027932465 -3.1643354935655115 -1.9196535352181363 -0.41186540214027867 2
2.9753422422525975 -1.159363184791984 0.24011136436079816 -1.159363184791984 2.735457941794886 -0.082447528584914 2.9753422422525975 -1.7967537094438366 -0.082447528584914 -3.3975246844172897 1
2.140281910727807 -1.4864307298678934 -0.4426518310330473 -1.4864307298678934 2.0990385268239846 0.016010559749786824 2.140281910727807 -3.403264541365163 0.016010559749786824 -1.1733278209994604 2
2.0610469060225274 -0.9780630780468261 -3.1354512964748924 -0.9780630780468261 -0.8455456944785631 -3.1005828985758894 2.0610469060225274 1.8381472959703957 -3.1005828985758894 -1.3164102907264157 1
1.9277416760842798 -2.842657057681916 0.34208723766653315 -2.842657057681916 2.4536541096223567 0.0553790218220831 1.9277416760842798 -1.9529481220056064 0.0553790218220831 -1.3353624222046294 1
-1.9990381525580418 1.8162554690452462 1.941062736137673 1.8162554690452462 0.4975450597821163 -0.4919055871358128 -1.9990381525580418 3.5531573904746576 -0.4919055871358128 -1.857554107528601 2
-0.932333363884178 -1.8393006716775298 2.0486570741749066 -1.8393006716775298 1.0008077182353432 2.401108018145419 -0.932333363884178 0.2911548508709185 2.401108018145419 -1.843178794794809 1
-0.5008751345301508 -0.8373356884486542 0.0754091770055727 -0.8373356884486542 -0.33938414353053403 -3.575665745311632 -0.5008751345301508 -1.497306642220523 -3.575665745311632 0.1774465514118313 1
-1.0728894134176996 -0.4166276016851397 0.9734925878600469 -0.4166276016851397 2.281878456130187 -0.5693608527825624 -1.0728894134176996 1.5865864142604007 -0.5693608527825624 0.10948503164091639 1
-1.14731534823293 0.7274317720076784 0.6280709446754932 0.7274317720076784 0.5948827783815073 3.436270495705808 -1.14731534823293 1.6599986998715592 3.436270495705808 0.7691430815451068 1
-0.45518936570279767 -1.0555540744236216 -2.458804122444349 -1.0555540744236216 -1.1552008917026186 2.353794428625693 -0.45518936570279767 -0.24275117314405004 2.353794428625693 -1.319376460274013 2
1.5177769078244958 -2.0804144428771325 0.17528743028326588 -2.0804144428771325 2.588922959295482 -1.3334523987860494 1.5177769078244958 0.964371980622375 -1.3334523987860494 0.46265819657274143 2
-0.5355346120557009 0.18254784538594315 2.269078274605853 0.18254784538594315 1.9894565455037485 -1.4731407362758007 -0.5355346120557009 1.2724566101193333 -1.4731407362758007 -0.690729039695962 2
-2.7830664571098542 1.0075860911716557 1.1085702687508765 1.0075860911716557 1.7494381163133004 -0.007232533998539736 -2.7830664571098542 2.931432528921994 -0.007232533998539736 -0.9326069368890786 2
-1.241236194409638 0.33531978979228794 0.7223067653123707 0.33531978979228794 0.4173639646096996 -0.3704700031275777 -1.241236194409638 -0.9451706011123246 -0.3704700031275777 -0.9064493616371974 2
1.0578932623266164 -0.9157915461985997 1.808241631506585 -0.9157915461985997 0.8873003145706786 -0.6025833716555065 1.0578932623266164 -0.8199642412716397 -0.6025833716555065 -3.0413402581848854 2
-0.09642615107366659 -2.3376674327787725 -1.0276815493621887 -2.3376674327787725 1.6342955618496486 -0.46598696062684597 -0.09642615107366659 0.9880495988845703 -0.46598696062684597 0.4607749492038111 2
-0.8782112825737974 0.10636992150419822 2.210505254100748 0.10636992150419822 2.18284769381508 0.08850606560910634 -0.8782112825737974 2.6214675842919246 0.08850606560910634 -0.287374538808187 2
-1.6993025157787032 -1.6231583039198474 1.2884145923138106 -1.6231583039198474 4.821353629574936 3.566905086985983 -1.6993025157787032 1.0197617898539826 3.566905086985983 -1.8426339616971035 1
2.6608826860961656 -0.2039335320622535 -2.628819931228673 -0.2039335320622535 2.136514043211622 -1.09935810529405 2.6608826860961656 0.6629807410491931 -1.09935810529405 -0.7793546491267321 1
-2.1031462421296854 -2.165771321129873 1.6556585723521842 -2.165771321129873 3.265638855787528 -3.0362777943516073 -2.1031462421296854 -2.1159478231222097 -3.0362777943516073 0.3202798685587225 2
2.468689640676925 -1.8080246739670773 0.3508865799156806 -1.8080246739670773 1.8030182972705795 1.1872444047257065 2.468689640676925 -1.7177277288573591 1.1872444047257065 -1.3489469551199986 1
-0.8317110189272423 1.016457994775328 0.8386904054001734 1.016457994775328 2.5900188912960402 -1.3492497756891186 -0.8317110189272423 0.8874911108756901 -1.3492497756891186 0.7915413204822057 2
1.9328822652252973 -1.2848775143605797 0.3303902026131411 -1.2848775143605797 3.601842432723198 2.08385663406414 1.9328822652252973 0.09197952673398369 2.08385663406414 -2.20415173611701 1
-0.8860346774115417 -5.315754775137309 3.027907542978466 -5.315754775137309 0.4109633597426544 2.35092887589947 -0.8860346774115417 1.114226757068491 2.35092887589947 0.2444656917353425 1
0.8165612023038693 -1.101168873128969 -0.7936252970803294 -1.101168873128969 -2.089491940843975 -0.7295855218022167 0.8165612023038693 1.5485711961816984 -0.7295855218022167 -1.8696541025729498 2
1.4418706533184655 -1.2682054861826666 -2.012238461605349 -1.2682054861826666 2.142388342360803 0.6289687657906855 1.4418706533184655 1.9993045542564902 0.6289687657906855 -1.6982032889957384 1
2.7133851889283376 -1.1803529745715475 0.75838883129055 -1.1803529745715475 1.036233525110715 2.0859127886140323 2.7133851889283376 -2.812965485122901 2.0859127886140323 -0.34162699977117483 1
2.1348841950578414 -1.1334649939878383 0.47997750028146136 -1.1334649939878383 -0.18537469665956108 -2.0782334216606007 2.1348841950578414 0.5365696943811118 -2.0782334216606007 -2.6141592023186457 1
1.2227077538838695 -1.1521487860324264 0.8122559395977286 -1.1521487860324264 -0.8306688605772428 -0.1791066968648225 1.2227077538838695 -1.1964118733859705 -0.1791066968648225 -0.17002228964198596 1
-0.27677835515630345 2.0161727475910887 0.7830744529584432 2.0161727475910887 0.4260822337879292 0.07595045075293161 -0.27677835515630345 0.8911303256526872 0.07595045075293161 -1.3702556816487181 2
0.27140606706479153 -1.7247634556041895 -1.3724679390341812 -1.7247634556041895 -1.5219133770093483 0.7928571700328053 0.27140606706479153 0.6237087233112775 0.7928571700328053 -1.6202053243920291 2
-0.8309685120525566 1.2604985657001 0.20934015208364332 1.2604985657001 1.2201326097482759 -2.330278643029262 -0.8309685120525566 -0.15772626123736888 -2.330278643029262 2.5631082040687208 2
2.0070103981634952 -2.453770845697299 0.820547486437693 -2.453770845697299 1.2129334243533836 1.8086171966199596 2.0070103981634952 -0.7539701754791145 1.8086171966199596 -0.7870572716256464 1
0.8645467965406528 -1.4320628834581826 -0.8349879645804967 -1.4320628834581826 -0.08173510148958285 1.6139597238462384 0.8645467965406528 1.0421906540767458 1.6139597238462384 -0.8993789970247348 2
1.074307528615537 0.08820013891197287 -1.018064576869758 0.08820013891197287 1.3933424289563496 -1.2662758178330642 1.074307528615537 -1.5437104489575477 -1.2662758178330642 -1.4810079888718755 2
-2.0221085035092035 -0.27510833670916446 1.0054622425888864 -0.27510833670916446 1.1495741941960924 -2.0338812276043083 -2.0221085035092035 -1.5139053247048357 -2.0338812276043083 -0.9641793854973562 2
-2.9140254063004063 0.1759333183059214 1.0878659482752233 0.1759333183059214 0.9130013314405493 -2.631294151242143 -2.9140254063004063 1.0466676805083537 -2.631294151242143 2.037524338148324 2
0.4689207351391196 -0.8392281484686326 -0.9689515529604937 -0.8392281484686326 2.2301136950363327 -0.7713077904347103 0.4689207351391196 3.3096737924135455 -0.7713077904347103 -0.9246491786069996 1
-0.9443589103090171 -2.356500446934426 0.6169508633268697 -2.356500446934426 1.888303868772871 -1.4116426507523923 -0.9443589103090171 0.8200021661935644 -1.4116426507523923 -0.5261575054518493 2
-1.3815118163141067 1.337922664416494 -4.324642770001632 1.337922664416494 0.16361262769280516 -3.5180357481030105 -1.3815118163141067 -3.722087296926651 -3.5180357481030105 -1.282530876911212 2
1.3536957552077173 -2.066127403687822 1.629686961103836 -2.066127403687822 2.049473892767166 0.6358091082157269 1.3536957552077173 -2.447006596118486 0.6358091082157269 -1.0081585147643906 1
0.9361468793631412 0.001397267694993376 -1.7378376050948225 0.001397267694993376 -0.3089195064125718 -2.329781514667054 0.9361468793631412 0.02946373075704245 -2.329781514667054 -1.1715142088237598 2
0.8377681906411212 -2.6394405700056938 2.9491253843164555 -2.6394405700056938 2.198143573261096 -0.0864079468277732 0.8377681906411212 -1.82788550199013 -0.0864079468277732 -3.792882570672891 1
-3.7807077750342617 -0.14468930466884578 0.8521778853891332 -0.14468930466884578 2.928712730754646 -3.3571579527145596 -3.7807077750342617 0.10213332981719181 -3.3571579527145596 -1.6564928571795892 2
-0.8557837099418193 -1.6234601317577804 2.231574310281736 -1.6234601317577804 -0.6876236482803457 0.7275738434134004 -0.8557837099418193 -0.7250622996334004 0.7275738434134004 -0.0023068164403997615 1
-1.1117125304228859 -0.3501048202461815 -2.3100998679562323 -0.3501048202461815 1.0412742935721155 -4.6872652381587105 -1.1117125304228859 -0.22419513846004768 -4.6872652381587105 -0.000991393780950811 2
3.5027646455813635 -0.48611273451057224 -0.3651611858015493 -0.48611273451057224 2.412021963520208 -0.30476970612415233 3.5027646455813635 -2.421146154134431 -0.30476970612415233 -1.1124115166997133 2
-3.053024462054651 -3.1812165233547436 2.955676180413466 -3.1812165233547436 3.596716684801493 1.4232758217066537 -3.053024462054651 -0.26782251245590716 1.4232758217066537 -1.8021080978190058 1
1.6672263939488994 -1.5524274620537473 -1.1289096532737366 -1.5524274620537473 0.7452465051010627 -0.25886718996814506 1.6672263939488994 -0.32243181021768264 -0.25886718996814506 -0.4344527806912307 2
0.909806685921529 -3.265388540400889 -0.08336343240966348 -3.265388540400889 -0.03807032728379811 -0.6590396472616538 0.909806685921529 -1.911407029594682 -0.6590396472616538 -0.5491352118328596 1
0.42205245435567673 2.208784275564051 2.257281031129566 2.208784275564051 -1.6704542875705615 1.3521204254657322 0.42205245435567673 4.716868308123199 1.3521204254657322 2.1059300960817797 2
0.41554445519048455 0.7430942102547757 0.861056727388755 0.7430942102547757 -2.4395044456934825 0.14949506392282874 0.41554445519048455 0.15735266779148183 0.14949506392282874 3.7276636754074937 2
1.4011886685591988 -0.8133345297529297 -3.022897095841814 -0.8133345297529297 1.0716205217017443 -2.174378292599795 1.4011886685591988 -1.9386376792300153 -2.174378292599795 0.16093750723051503 2
4.5472875160413535 1.314107958853587 -2.164303007888791 1.314107958853587 -0.4124181902012798 2.4500624016669015 4.5472875160413535 -1.9526685941206088 2.4500624016669015 1.4544022346336165 1
-1.127087262373958 -2.6351183493117363 -1.5785846526395477 -2.6351183493117363 0.39872163337806943 1.0632456439481919 -1.127087262373958 0.09339442665080666 1.0632456439481919 -0.2865893565616747 2
1.1903774707983938 0.11846220621054959 -4.588470569906075 0.11846220621054959 -1.8750210455422045 0.4440722684583964 1.1903774707983938 -1.3606099203925963 0.4440722684583964 -1.1804503751226625 2
0.05118755114199813 -0.9509097174878433 -1.465993314637986 -0.9509097174878433 0.908066411394551 -2.8669916498255823 0.05118755114199813 0.1360360418377472 -2.8669916498255823 -2.0740146744891668 1
1.2164042999205569 -0.15889808671422645 -0.16717751497876465 -0.15889808671422645 0.048932398685619716 2.768679313858727 1.2164042999205569 0.11828259560364929 2.768679313858727 1.1061232577495916 1
-2.2426029398514546 -0.4271010873917638 -2.079132885743826 -0.4271010873917638 1.2438068652736112 -1.3416284908965599 -2.2426029398514546 -1.5801440416016546 -1.3416284908965599 -1.2675105571224838 2
1.5491406117872109 -1.6065097868256049 1.2228788903661494 -1.6065097868256049 2.845046626962656 0.21933811403381798 1.5491406117872109 -1.1077501381412094 0.21933811403381798 -1.2839996604811872 2
-2.6818197937110875 2.6907990868950584 -0.3732982836280938 2.6907990868950584 -0.8875036321036627 -2.222963862689077 -2.6818197937110875 0.9508532261536772 -2.222963862689077 0.7660984816838774 2
-0.7824014907475907 2.288675962367937 0.9879388668329895 2.288675962367937 0.08977971905302529 -1.2082424509993641 -0.7824014907475907 2.0416596442467405 -1.2082424509993641 0.5970429932284753 2
-1.197229661899918 -2.143653814664474 2.288274415612647 -2.143653814664474 0.9186276074650959 3.6105295294224837 -1.197229661899918 0.526795491736068 3.6105295294224837 0.435037726903309 1
-0.12162283161691745 -1.5491163993010808 -1.8471286089827343 -1.5491163993010808 0.4192750939685348 -0.20284233515069194 -0.12162283161691745 0.8076860079155231 -0.20284233515069194 -0.07309081160913877 1
2.139716735570323 2.9286516123939546 -1.7578609865138302 2.9286516123939546 -0.3205229325485397 -4.97463769067995 2.139716735570323 -0.48827497247078533 -4.97463769067995 -0.29403222464896406 1
0.8762927195738301 -0.6926354862762034 2.878892598340137 -0.6926354862762034 0.9559602995486409 -0.5813648278308736 0.8762927195738301 0.6563321197587844 -0.5813648278308736 1.2217819625255457 2
2.404439179425319 -3.0871959339981445 1.2668094373462266 -3.0871959339981445 2.021076196770612 1.972039213764233 2.404439179425319 -0.8064309775267479 1.972039213764233 -1.0472031674424969 2
-2.6336669017614653 0.22725853657262174 1.5751614869697403 0.22725853657262174 0.6079623207315688 -3.2285410034982234 -2.6336669017614653 0.6903039577813956 -3.2285410034982234 0.08302006747949331 2
0.055537057310212745 1.5339264041246374 0.8867193868911301 1.5339264041246374 1.0982327627869293 -0.13279494224465105 0.055537057310212745 1.7101234609108174 -0.13279494224465105 1.7877531408777423 2
0.4244033427063598 1.3695705722697133 1.5731226719282545 1.3695705722697133 1.2919086402149804 1.2720692486606713 0.4244033427063598 2.60340121916464 1.2720692486606713 0.7579592991591342 2
0.5184757651899765 1.4412561952258518 1.0637346751565118 1.4412561952258518 -0.5316907251503176 -0.6187670549409539 0.5184757651899765 0.3720038564165339 -0.6187670549409539 1.6294192694512681 2
-1.2604588902498322 1.2850059886884893 0.44705633423827185 1.2850059886884893 1.4095388202153822 -0.7968597252935241 -1.2604588902498322 1.2712656444008639 -0.7968597252935241 2.2073044723791986 2
-2.1831400214559658 -0.09993269247274383 3.975261865415252 -0.09993269247274383 0.8337522974159376 -1.0922743678208424 -2.1831400214559658 2.2060606285311337 -1.0922743678208424 2.902036788705012 1
1.4230522202633014 1.7291592006402885 0.25765893691821373 1.7291592006402885 -0.5106843791525189 1.7554028266114998 1.4230522202633014 -0.6082897754043213 1.7554028266114998 -0.17524216171602547 1
2.3557880942536347 -0.8176670966158285 0.6331712702271031 -0.8176670966158285 -1.5530392624587832 -1.6168741793244101 2.3557880942536347 -1.2300147383173452 -1.6168741793244101 -1.7768713326659893 1
1.624236118210722 -1.0188591682801973 -1.256746679007788 -1.0188591682801973 1.3808325392438232 -2.453769948531827 1.624236118210722 0.326046825208143 -2.453769948531827 0.46129305154456834 2