Taken from https://archive.ics.uci.edu/ml/datasets/Soybean+%28Large%29
Removed the points with missing values (size from 307 to 266)
Changed the number of classes to reflect the ones that actually appear in the dataset (19 to 15) (Due to removing missing values)
There is also one dataset with the postfix ".test", this one is simply the ".data" one
266 (20-30-...)
-35
15
1 0 0 0 0 0 1 0 1 0 0 0 1 1 1 0 0 1 0 0 1 1 0 1 0 1 0 1 1 0 0 0 0 0 1 
6.0 0.0 2.0 1.0 0.0 1.0 1.0 1.0 0.0 0.0 1.0 1.0 0.0 2.0 2.0 0.0 0.0 0.0 1.0 1.0 3.0 1.0 1.0 1.0 0.0 0.0 0.0 0.0 4.0 0.0 0.0 0.0 0.0 0.0 0.0 1
4.0 0.0 2.0 1.0 0.0 2.0 0.0 2.0 1.0 1.0 1.0 1.0 0.0 2.0 2.0 0.0 0.0 0.0 1.0 0.0 3.0 1.0 1.0 1.0 0.0 0.0 0.0 0.0 4.0 0.0 0.0 0.0 0.0 0.0 0.0 1
3.0 0.0 2.0 1.0 0.0 1.0 0.0 2.0 1.0 2.0 1.0 1.0 0.0 2.0 2.0 0.0 0.0 0.0 1.0 0.0 3.0 0.0 1.0 1.0 0.0 0.0 0.0 0.0 4.0 0.0 0.0 0.0 0.0 0.0 0.0 1
3.0 0.0 2.0 1.0 0.0 1.0 0.0 2.0 0.0 1.0 1.0 1.0 0.0 2.0 2.0 0.0 0.0 0.0 1.0 0.0 3.0 0.0 1.0 1.0 0.0 0.0 0.0 0.0 4.0 0.0 0.0 0.0 0.0 0.0 0.0 1
6.0 0.0 2.0 1.0 0.0 2.0 0.0 1.0 0.0 2.0 1.0 1.0 0.0 2.0 2.0 0.0 0.0 0.0 1.0 0.0 3.0 1.0 1.0 1.0 0.0 0.0 0.0 0.0 4.0 0.0 0.0 0.0 0.0 0.0 0.0 1
5.0 0.0 2.0 1.0 0.0 3.0 0.0 1.0 0.0 1.0 1.0 1.0 0.0 2.0 2.0 0.0 0.0 0.0 1.0 0.0 3.0 0.0 1.0 1.0 0.0 0.0 0.0 0.0 4.0 0.0 0.0 0.0 0.0 0.0 0.0 1
5.0 0.0 2.0 1.0 0.0 2.0 0.0 1.0 1.0 0.0 1.0 1.0 0.0 2.0 2.0 0.0 0.0 0.0 1.0 1.0 3.0 1.0 1.0 1.0 0.0 0.0 0.0 0.0 4.0 0.0 0.0 0.0 0.0 0.0 0.0 1
4.0 0.0 2.0 1.0 1.0 1.0 0.0 1.0 0.0 2.0 1.0 1.0 0.0 2.0 2.0 0.0 0.0 0.0 1.0 0.0 3.0 1.0 1.0 1.0 0.0 0.0 0.0 0.0 4.0 0.0 0.0 0.0 0.0 0.0 0.0 1
6.0 0.0 2.0 1.0 0.0 3.0 0.0 1.0 1.0 1.0 1.0 1.0 0.0 2.0 2.0 0.0 0.0 0.0 1.0 0.0 3.0 1.0 1.0 1.0 0.0 0.0 0.0 0.0 4.0 0.0 0.0 0.0 0.0 0.0 0.0 1
4.0 0.0 2.0 1.0 0.0 2.0 0.0 2.0 0.0 2.0 1.0 1.0 0.0 2.0 2.0 0.0 0.0 0.0 1.0 0.0 3.0 1.0 1.0 1.0 0.0 0.0 0.0 0.0 4.0 0.0 0.0 0.0 0.0 0.0 0.0 1
6.0 0.0 0.0 2.0 0.0 1.0 3.0 1.0 1.0 0.0 1.0 1.0 0.0 2.0 2.0 0.0 0.0 0.0 1.0 0.0 0.0 3.0 0.0 0.0 0.0 2.0 1.0 0.0 4.0 0.0 0.0 0.0 0.0 0.0 0.0 2
4.0 0.0 0.0 1.0 1.0 1.0 3.0 1.0 1.0 1.0 1.0 1.0 0.0 2.0 2.0 0.0 0.0 0.0 1.0 1.0 0.0 3.0 0.0 0.0 0.0 2.0 1.0 0.0 4.0 0.0 0.0 0.0 0.0 0.0 0.0 2
3.0 0.0 0.0 1.0 0.0 1.0 2.0 1.0 0.0 0.0 1.0 1.0 0.0 2.0 2.0 0.0 0.0 0.0 1.0 0.0 0.0 3.0 0.0 0.0 0.0 2.0 1.0 0.0 4.0 0.0 0.0 0.0 0.0 0.0 0.0 2
6.0 0.0 0.0 1.0 1.0 3.0 3.0 1.0 1.0 0.0 1.0 1.0 0.0 2.0 2.0 0.0 0.0 0.0 1.0 0.0 0.0 3.0 0.0 0.0 0.0 2.0 1.0 0.0 4.0 0.0 0.0 0.0 0.0 0.0 0.0 2
6.0 0.0 0.0 2.0 0.0 1.0 3.0 1.0 1.0 1.0 1.0 1.0 0.0 2.0 2.0 0.0 0.0 0.0 1.0 0.0 0.0 3.0 0.0 0.0 0.0 2.0 1.0 0.0 4.0 0.0 0.0 0.0 0.0 0.0 0.0 2
5.0 0.0 0.0 2.0 1.0 3.0 3.0 1.0 1.0 2.0 1.0 1.0 0.0 2.0 2.0 0.0 0.0 0.0 1.0 0.0 0.0 3.0 0.0 0.0 0.0 2.0 1.0 0.0 4.0 0.0 0.0 0.0 0.0 0.0 0.0 2
6.0 0.0 0.0 2.0 1.0 0.0 2.0 1.0 0.0 0.0 1.0 1.0 0.0 2.0 2.0 0.0 0.0 0.0 1.0 1.0 0.0 3.0 0.0 0.0 0.0 2.0 1.0 0.0 4.0 0.0 0.0 0.0 0.0 0.0 0.0 2
4.0 0.0 0.0 1.0 0.0 2.0 2.0 1.0 0.0 1.0 1.0 1.0 0.0 2.0 2.0 0.0 0.0 0.0 1.0 0.0 0.0 3.0 0.0 0.0 0.0 2.0 1.0 0.0 4.0 0.0 0.0 0.0 0.0 0.0 0.0 2
3.0 0.0 0.0 2.0 0.0 2.0 2.0 1.0 0.0 2.0 1.0 1.0 0.0 2.0 2.0 0.0 0.0 0.0 1.0 0.0 0.0 3.0 0.0 0.0 0.0 2.0 1.0 0.0 4.0 0.0 0.0 0.0 0.0 0.0 0.0 2
5.0 0.0 0.0 2.0 1.0 2.0 2.0 1.0 0.0 2.0 1.0 1.0 0.0 2.0 2.0 0.0 0.0 0.0 1.0 0.0 0.0 3.0 0.0 0.0 0.0 2.0 1.0 0.0 4.0 0.0 0.0 0.0 0.0 0.0 0.0 2
1.0 1.0 2.0 0.0 0.0 2.0 1.0 2.0 0.0 2.0 1.0 0.0 0.0 2.0 2.0 0.0 0.0 0.0 1.0 0.0 1.0 1.0 0.0 1.0 1.0 0.0 0.0 3.0 4.0 0.0 0.0 0.0 0.0 0.0 0.0 3
1.0 1.0 2.0 0.0 0.0 1.0 1.0 2.0 0.0 1.0 1.0 0.0 0.0 2.0 2.0 0.0 0.0 0.0 1.0 0.0 1.0 1.0 0.0 1.0 0.0 0.0 0.0 3.0 4.0 0.0 0.0 0.0 0.0 0.0 0.0 3
3.0 0.0 2.0 0.0 1.0 3.0 1.0 2.0 0.0 1.0 1.0 0.0 0.0 2.0 2.0 0.0 0.0 0.0 1.0 1.0 1.0 1.0 0.0 1.0 1.0 0.0 0.0 3.0 4.0 0.0 0.0 0.0 0.0 0.0 0.0 3
0.0 1.0 2.0 0.0 0.0 0.0 1.0 1.0 1.0 2.0 1.0 0.0 0.0 2.0 2.0 0.0 0.0 0.0 1.0 0.0 1.0 1.0 0.0 1.0 0.0 0.0 0.0 3.0 4.0 0.0 0.0 0.0 0.0 0.0 0.0 3
0.0 1.0 2.0 0.0 0.0 1.0 1.0 2.0 1.0 2.0 1.0 0.0 0.0 2.0 2.0 0.0 0.0 0.0 1.0 0.0 1.0 1.0 0.0 1.0 0.0 0.0 0.0 3.0 4.0 0.0 0.0 0.0 0.0 0.0 0.0 3
1.0 1.0 2.0 0.0 0.0 3.0 1.0 2.0 0.0 2.0 1.0 0.0 0.0 2.0 2.0 0.0 0.0 0.0 1.0 0.0 1.0 1.0 0.0 1.0 0.0 0.0 0.0 3.0 4.0 0.0 0.0 0.0 0.0 0.0 0.0 3
1.0 1.0 2.0 0.0 0.0 0.0 1.0 1.0 0.0 1.0 1.0 0.0 0.0 2.0 2.0 0.0 0.0 0.0 1.0 0.0 1.0 1.0 0.0 1.0 0.0 0.0 0.0 3.0 4.0 0.0 0.0 0.0 0.0 0.0 0.0 3
2.0 1.0 2.0 0.0 0.0 2.0 1.0 1.0 0.0 1.0 1.0 0.0 0.0 2.0 2.0 0.0 0.0 0.0 1.0 0.0 1.0 1.0 0.0 1.0 0.0 0.0 0.0 3.0 4.0 0.0 0.0 0.0 0.0 0.0 0.0 3
1.0 1.0 2.0 0.0 0.0 1.0 1.0 2.0 0.0 2.0 1.0 0.0 0.0 2.0 2.0 0.0 0.0 0.0 1.0 0.0 1.0 1.0 0.0 1.0 0.0 0.0 0.0 3.0 4.0 0.0 0.0 0.0 0.0 0.0 0.0 3
2.0 1.0 2.0 0.0 0.0 1.0 1.0 2.0 0.0 2.0 1.0 0.0 0.0 2.0 2.0 0.0 0.0 0.0 1.0 0.0 1.0 1.0 0.0 1.0 0.0 0.0 0.0 3.0 4.0 0.0 0.0 0.0 0.0 0.0 0.0 3
0.0 1.0 2.0 1.0 1.0 1.0 1.0 1.0 0.0 0.0 1.0 1.0 0.0 2.0 2.0 0.0 0.0 0.0 1.0 0.0 1.0 2.0 0.0 1.0 0.0 0.0 0.0 3.0 4.0 0.0 0.0 0.0 0.0 0.0 0.0 4
1.0 1.0 2.0 0.0 0.0 2.0 1.0 2.0 1.0 1.0 1.0 1.0 0.0 2.0 2.0 0.0 0.0 0.0 1.0 0.0 2.0 2.0 0.0 0.0 0.0 0.0 0.0 3.0 4.0 0.0 0.0 0.0 0.0 0.0 0.0 4
0.0 1.0 1.0 1.0 0.0 1.0 1.0 1.0 0.0 0.0 1.0 1.0 0.0 2.0 2.0 0.0 0.0 0.0 1.0 0.0 1.0 2.0 0.0 0.0 0.0 0.0 0.0 3.0 4.0 0.0 0.0 0.0 0.0 0.0 0.0 4
3.0 1.0 2.0 0.0 0.0 2.0 1.0 2.0 1.0 1.0 1.0 1.0 0.0 2.0 2.0 0.0 0.0 0.0 1.0 0.0 2.0 2.0 0.0 0.0 0.0 0.0 0.0 3.0 4.0 0.0 0.0 0.0 0.0 0.0 0.0 4
2.0 1.0 2.0 0.0 0.0 1.0 1.0 2.0 0.0 1.0 1.0 1.0 0.0 2.0 2.0 0.0 0.0 0.0 1.0 0.0 1.0 2.0 0.0 0.0 0.0 0.0 0.0 3.0 4.0 0.0 0.0 0.0 0.0 0.0 0.0 4
0.0 1.0 2.0 1.0 0.0 3.0 1.0 1.0 0.0 0.0 1.0 1.0 0.0 2.0 2.0 0.0 0.0 0.0 1.0 0.0 1.0 2.0 0.0 0.0 0.0 0.0 0.0 3.0 4.0 0.0 0.0 0.0 0.0 0.0 0.0 4
0.0 1.0 1.0 1.0 1.0 2.0 1.0 2.0 1.0 0.0 1.0 1.0 0.0 2.0 2.0 0.0 0.0 0.0 1.0 1.0 2.0 2.0 0.0 1.0 0.0 0.0 0.0 3.0 4.0 0.0 0.0 0.0 0.0 0.0 0.0 4
3.0 1.0 2.0 0.0 0.0 1.0 1.0 2.0 1.0 0.0 1.0 1.0 0.0 2.0 2.0 0.0 0.0 0.0 1.0 0.0 2.0 2.0 0.0 0.0 0.0 0.0 0.0 3.0 4.0 0.0 0.0 0.0 0.0 0.0 0.0 4
0.0 1.0 2.0 1.0 0.0 2.0 1.0 1.0 0.0 1.0 1.0 1.0 0.0 2.0 2.0 0.0 0.0 0.0 1.0 0.0 1.0 2.0 0.0 0.0 0.0 0.0 0.0 3.0 4.0 0.0 0.0 0.0 0.0 0.0 0.0 4
2.0 1.0 2.0 1.0 1.0 1.0 1.0 2.0 0.0 2.0 1.0 1.0 0.0 2.0 2.0 0.0 0.0 0.0 1.0 0.0 1.0 2.0 0.0 1.0 0.0 0.0 0.0 3.0 4.0 0.0 0.0 0.0 0.0 0.0 0.0 4
0.0 1.0 2.0 1.0 0.0 3.0 1.0 1.0 0.0 2.0 1.0 1.0 0.0 2.0 2.0 0.0 0.0 0.0 1.0 0.0 1.0 2.0 0.0 0.0 0.0 0.0 0.0 3.0 4.0 0.0 0.0 0.0 0.0 0.0 0.0 4
1.0 1.0 2.0 1.0 0.0 0.0 1.0 2.0 1.0 1.0 1.0 1.0 0.0 2.0 2.0 0.0 0.0 0.0 1.0 0.0 2.0 2.0 0.0 0.0 0.0 0.0 0.0 3.0 4.0 0.0 0.0 0.0 0.0 0.0 0.0 4
1.0 1.0 2.0 1.0 1.0 3.0 1.0 2.0 0.0 1.0 1.0 1.0 0.0 2.0 2.0 0.0 0.0 0.0 1.0 1.0 1.0 2.0 0.0 1.0 0.0 0.0 0.0 3.0 4.0 0.0 0.0 0.0 0.0 0.0 0.0 4
2.0 1.0 2.0 0.0 0.0 1.0 1.0 2.0 0.0 0.0 1.0 1.0 0.0 2.0 2.0 0.0 0.0 0.0 1.0 0.0 1.0 2.0 0.0 0.0 0.0 0.0 0.0 3.0 4.0 0.0 0.0 0.0 0.0 0.0 0.0 4
1.0 1.0 2.0 0.0 0.0 0.0 1.0 2.0 1.0 0.0 1.0 1.0 0.0 2.0 2.0 0.0 0.0 0.0 1.0 0.0 2.0 2.0 0.0 0.0 0.0 0.0 0.0 3.0 4.0 0.0 0.0 0.0 0.0 0.0 0.0 4
3.0 1.0 1.0 0.0 0.0 2.0 1.0 2.0 1.0 2.0 1.0 1.0 0.0 2.0 2.0 0.0 0.0 0.0 1.0 0.0 2.0 2.0 0.0 0.0 0.0 0.0 0.0 3.0 4.0 0.0 0.0 0.0 0.0 0.0 0.0 4
4.0 0.0 0.0 1.0 0.0 1.0 3.0 1.0 1.0 2.0 0.0 1.0 0.0 2.0 2.0 0.0 0.0 0.0 1.0 0.0 0.0 0.0 0.0 0.0 0.0 1.0 0.0 0.0 0.0 0.0 0.0 0.0 0.0 0.0 0.0 5
4.0 0.0 0.0 1.0 0.0 1.0 3.0 1.0 1.0 2.0 0.0 1.0 0.0 2.0 2.0 0.0 0.0 0.0 1.0 0.0 0.0 0.0 0.0 0.0 0.0 1.0 0.0 0.0 0.0 0.0 0.0 0.0 0.0 0.0 0.0 5
3.0 1.0 0.0 0.0 0.0 3.0 0.0 1.0 1.0 2.0 1.0 0.0 0.0 2.0 2.0 0.0 0.0 0.0 1.0 0.0 0.0 3.0 0.0 0.0 0.0 1.0 0.0 0.0 4.0 0.0 0.0 0.0 0.0 0.0 0.0 5
5.0 0.0 0.0 2.0 0.0 1.0 3.0 1.0 1.0 2.0 0.0 1.0 0.0 2.0 2.0 0.0 0.0 0.0 1.0 0.0 0.0 0.0 0.0 0.0 0.0 1.0 0.0 0.0 0.0 0.0 0.0 0.0 0.0 0.0 0.0 5
5.0 0.0 0.0 2.0 0.0 2.0 3.0 1.0 1.0 1.0 0.0 1.0 0.0 2.0 2.0 0.0 0.0 0.0 1.0 0.0 0.0 0.0 0.0 0.0 0.0 1.0 0.0 0.0 0.0 0.0 0.0 0.0 0.0 0.0 0.0 5
4.0 0.0 0.0 1.0 0.0 3.0 2.0 1.0 0.0 1.0 0.0 1.0 0.0 2.0 2.0 0.0 0.0 0.0 1.0 0.0 0.0 0.0 0.0 0.0 0.0 1.0 0.0 0.0 0.0 0.0 0.0 0.0 0.0 0.0 0.0 5
5.0 0.0 0.0 1.0 1.0 3.0 3.0 1.0 0.0 2.0 1.0 1.0 2.0 0.0 1.0 0.0 0.0 0.0 1.0 1.0 0.0 3.0 0.0 0.0 0.0 1.0 0.0 0.0 4.0 0.0 0.0 0.0 0.0 0.0 0.0 5
6.0 0.0 1.0 1.0 1.0 2.0 0.0 1.0 1.0 0.0 1.0 0.0 0.0 2.0 1.0 0.0 0.0 0.0 1.0 1.0 0.0 3.0 0.0 0.0 0.0 1.0 0.0 0.0 4.0 0.0 0.0 0.0 0.0 0.0 0.0 5
5.0 1.0 0.0 0.0 0.0 3.0 2.0 1.0 0.0 0.0 1.0 1.0 0.0 2.0 2.0 0.0 0.0 0.0 1.0 1.0 0.0 3.0 0.0 0.0 0.0 1.0 0.0 0.0 4.0 0.0 0.0 0.0 0.0 0.0 0.0 5
5.0 1.0 0.0 1.0 0.0 1.0 3.0 1.0 1.0 0.0 1.0 1.0 2.0 0.0 1.0 0.0 0.0 0.0 1.0 1.0 0.0 3.0 0.0 0.0 0.0 1.0 0.0 0.0 4.0 0.0 0.0 0.0 0.0 0.0 0.0 5
4.0 0.0 1.0 0.0 1.0 2.0 3.0 1.0 1.0 2.0 1.0 0.0 0.0 2.0 2.0 0.0 0.0 0.0 1.0 1.0 0.0 3.0 0.0 0.0 0.0 1.0 0.0 0.0 4.0 0.0 0.0 0.0 0.0 0.0 0.0 5
4.0 1.0 0.0 0.0 0.0 3.0 2.0 1.0 1.0 1.0 1.0 1.0 2.0 0.0 1.0 0.0 0.0 0.0 1.0 1.0 0.0 3.0 0.0 0.0 0.0 1.0 0.0 0.0 4.0 0.0 0.0 0.0 0.0 0.0 0.0 5
4.0 0.0 0.0 1.0 0.0 2.0 0.0 1.0 1.0 0.0 0.0 1.0 0.0 2.0 2.0 0.0 0.0 0.0 1.0 0.0 0.0 0.0 0.0 0.0 0.0 1.0 0.0 0.0 0.0 0.0 0.0 0.0 0.0 0.0 0.0 5
3.0 1.0 0.0 0.0 0.0 2.0 0.0 2.0 0.0 1.0 1.0 1.0 2.0 0.0 1.0 0.0 0.0 0.0 1.0 0.0 0.0 3.0 0.0 0.0 0.0 1.0 0.0 0.0 4.0 0.0 0.0 0.0 0.0 0.0 0.0 5
5.0 0.0 0.0 1.0 0.0 3.0 2.0 1.0 0.0 1.0 0.0 1.0 0.0 2.0 2.0 0.0 0.0 0.0 1.0 0.0 0.0 0.0 0.0 0.0 0.0 1.0 0.0 0.0 0.0 0.0 0.0 0.0 0.0 0.0 0.0 5
4.0 0.0 0.0 1.0 0.0 3.0 3.0 1.0 1.0 0.0 0.0 1.0 0.0 2.0 2.0 0.0 0.0 0.0 1.0 0.0 0.0 0.0 0.0 0.0 0.0 1.0 0.0 0.0 0.0 0.0 0.0 0.0 0.0 0.0 0.0 5
4.0 0.0 0.0 1.0 0.0 3.0 2.0 1.0 0.0 2.0 0.0 1.0 0.0 2.0 2.0 0.0 0.0 0.0 1.0 0.0 0.0 0.0 0.0 0.0 0.0 1.0 0.0 0.0 0.0 0.0 0.0 0.0 0.0 0.0 0.0 5
4.0 0.0 0.0 1.0 0.0 1.0 2.0 1.0 1.0 2.0 0.0 1.0 0.0 2.0 2.0 0.0 0.0 0.0 1.0 0.0 0.0 0.0 0.0 0.0 0.0 1.0 0.0 0.0 0.0 0.0 0.0 0.0 0.0 0.0 0.0 5
4.0 0.0 0.0 1.0 0.0 1.0 2.0 1.0 0.0 0.0 0.0 1.0 0.0 2.0 2.0 0.0 0.0 0.0 1.0 0.0 0.0 0.0 0.0 0.0 0.0 1.0 0.0 0.0 0.0 0.0 0.0 0.0 0.0 0.0 0.0 5
3.0 0.0 0.0 1.0 0.0 3.0 2.0 1.0 0.0 0.0 0.0 1.0 0.0 2.0 2.0 0.0 0.0 0.0 1.0 0.0 0.0 0.0 0.0 0.0 0.0 1.0 0.0 0.0 0.0 0.0 0.0 0.0 0.0 0.0 0.0 5
5.0 0.0 0.0 1.0 1.0 3.0 3.0 1.0 0.0 1.0 0.0 1.0 0.0 2.0 2.0 0.0 0.0 1.0 0.0 0.0 0.0 0.0 0.0 0.0 0.0 0.0 0.0 0.0 0.0 0.0 0.0 0.0 0.0 0.0 0.0 6
6.0 0.0 1.0 0.0 1.0 0.0 0.0 0.0 1.0 2.0 0.0 1.0 0.0 2.0 2.0 0.0 0.0 1.0 0.0 0.0 0.0 0.0 0.0 0.0 0.0 0.0 0.0 0.0 0.0 0.0 0.0 0.0 0.0 0.0 0.0 6
1.0 1.0 0.0 1.0 0.0 3.0 3.0 1.0 2.0 0.0 0.0 1.0 0.0 2.0 2.0 0.0 0.0 1.0 0.0 0.0 0.0 0.0 0.0 0.0 0.0 0.0 0.0 0.0 0.0 0.0 0.0 0.0 0.0 0.0 0.0 6
6.0 1.0 1.0 0.0 0.0 2.0 2.0 0.0 1.0 2.0 0.0 1.0 0.0 2.0 2.0 0.0 0.0 1.0 0.0 0.0 0.0 0.0 0.0 0.0 0.0 0.0 0.0 0.0 0.0 0.0 0.0 0.0 0.0 0.0 0.0 6
4.0 1.0 1.0 0.0 0.0 2.0 2.0 0.0 2.0 0.0 0.0 1.0 0.0 2.0 2.0 0.0 0.0 1.0 0.0 0.0 0.0 0.0 0.0 0.0 0.0 0.0 0.0 0.0 0.0 0.0 0.0 0.0 0.0 0.0 0.0 6
6.0 0.0 0.0 1.0 1.0 1.0 1.0 1.0 0.0 2.0 0.0 1.0 0.0 2.0 2.0 0.0 0.0 1.0 0.0 0.0 0.0 0.0 0.0 0.0 0.0 0.0 0.0 0.0 0.0 0.0 0.0 0.0 0.0 0.0 0.0 6
2.0 1.0 1.0 0.0 0.0 2.0 2.0 0.0 0.0 1.0 0.0 1.0 0.0 2.0 2.0 0.0 0.0 1.0 0.0 0.0 0.0 0.0 0.0 0.0 0.0 0.0 0.0 0.0 0.0 0.0 0.0 0.0 0.0 0.0 0.0 6
6.0 1.0 0.0 1.0 0.0 1.0 1.0 1.0 1.0 2.0 0.0 1.0 0.0 2.0 2.0 0.0 0.0 1.0 0.0 0.0 0.0 0.0 0.0 0.0 0.0 0.0 0.0 0.0 0.0 0.0 0.0 0.0 0.0 0.0 0.0 6
5.0 1.0 0.0 1.0 0.0 1.0 1.0 1.0 0.0 1.0 0.0 1.0 0.0 2.0 2.0 0.0 0.0 1.0 0.0 0.0 0.0 0.0 0.0 0.0 0.0 0.0 0.0 0.0 0.0 0.0 0.0 0.0 0.0 0.0 0.0 6
1.0 1.0 0.0 1.0 0.0 1.0 1.0 1.0 2.0 0.0 0.0 1.0 0.0 2.0 2.0 0.0 0.0 1.0 0.0 0.0 0.0 0.0 0.0 0.0 0.0 0.0 0.0 0.0 0.0 0.0 0.0 0.0 0.0 0.0 0.0 6
6.0 0.0 2.0 0.0 1.0 2.0 1.0 0.0 1.0 2.0 0.0 1.0 2.0 0.0 1.0 0.0 1.0 2.0 0.0 0.0 0.0 0.0 0.0 0.0 0.0 0.0 0.0 0.0 0.0 1.0 1.0 0.0 0.0 0.0 0.0 7
2.0 0.0 2.0 1.0 1.0 1.0 1.0 1.0 1.0 2.0 0.0 1.0 2.0 0.0 1.0 0.0 1.0 2.0 0.0 0.0 0.0 0.0 0.0 0.0 0.0 0.0 0.0 0.0 0.0 1.0 1.0 0.0 0.0 0.0 0.0 7
1.0 0.0 2.0 1.0 1.0 3.0 2.0 1.0 0.0 1.0 0.0 1.0 1.0 0.0 1.0 0.0 0.0 2.0 0.0 0.0 0.0 0.0 0.0 0.0 0.0 0.0 0.0 0.0 0.0 1.0 1.0 0.0 0.0 0.0 0.0 7
4.0 1.0 2.0 2.0 0.0 2.0 2.0 1.0 0.0 1.0 0.0 1.0 1.0 0.0 1.0 0.0 1.0 2.0 0.0 0.0 0.0 0.0 0.0 0.0 0.0 0.0 0.0 0.0 0.0 1.0 1.0 0.0 0.0 0.0 0.0 7
1.0 0.0 2.0 0.0 1.0 0.0 0.0 1.0 0.0 1.0 0.0 1.0 1.0 0.0 1.0 0.0 0.0 2.0 0.0 0.0 0.0 0.0 0.0 0.0 0.0 0.0 0.0 0.0 0.0 1.0 1.0 0.0 0.0 0.0 0.0 7
2.0 1.0 2.0 0.0 0.0 3.0 0.0 1.0 0.0 1.0 0.0 1.0 1.0 0.0 1.0 0.0 0.0 2.0 0.0 0.0 0.0 0.0 0.0 0.0 0.0 0.0 0.0 0.0 0.0 1.0 1.0 0.0 0.0 0.0 0.0 7
2.0 1.0 2.0 1.0 0.0 2.0 0.0 1.0 0.0 1.0 0.0 1.0 2.0 0.0 1.0 0.0 0.0 2.0 0.0 0.0 0.0 0.0 0.0 0.0 0.0 0.0 0.0 0.0 0.0 1.0 1.0 0.0 0.0 0.0 0.0 7
4.0 1.0 2.0 2.0 0.0 2.0 1.0 0.0 1.0 2.0 0.0 1.0 1.0 0.0 1.0 0.0 0.0 2.0 0.0 0.0 0.0 0.0 0.0 0.0 0.0 0.0 0.0 0.0 0.0 1.0 1.0 0.0 0.0 0.0 0.0 7
4.0 1.0 2.0 0.0 0.0 1.0 2.0 1.0 0.0 1.0 0.0 1.0 2.0 0.0 1.0 0.0 0.0 2.0 0.0 0.0 0.0 0.0 0.0 0.0 0.0 0.0 0.0 0.0 0.0 1.0 1.0 0.0 0.0 0.0 0.0 7
5.0 1.0 2.0 1.0 0.0 3.0 2.0 1.0 0.0 1.0 0.0 1.0 1.0 0.0 1.0 0.0 0.0 2.0 0.0 0.0 0.0 0.0 0.0 0.0 0.0 0.0 0.0 0.0 0.0 1.0 1.0 0.0 0.0 0.0 0.0 7
1.0 1.0 2.0 2.0 1.0 3.0 3.0 1.0 0.0 2.0 1.0 1.0 2.0 0.0 1.0 0.0 0.0 0.0 0.0 0.0 0.0 0.0 0.0 0.0 0.0 0.0 0.0 0.0 0.0 0.0 0.0 0.0 0.0 0.0 0.0 8
2.0 0.0 2.0 1.0 0.0 2.0 3.0 1.0 1.0 1.0 0.0 1.0 2.0 0.0 1.0 0.0 0.0 0.0 0.0 0.0 0.0 0.0 0.0 0.0 0.0 0.0 0.0 0.0 0.0 0.0 0.0 0.0 0.0 0.0 0.0 8
2.0 0.0 2.0 1.0 0.0 2.0 3.0 1.0 1.0 0.0 0.0 1.0 2.0 0.0 1.0 1.0 0.0 0.0 0.0 0.0 0.0 0.0 0.0 0.0 0.0 0.0 0.0 0.0 0.0 0.0 0.0 0.0 0.0 0.0 0.0 8
2.0 0.0 2.0 1.0 0.0 1.0 0.0 1.0 2.0 0.0 0.0 1.0 2.0 0.0 1.0 1.0 0.0 0.0 0.0 0.0 0.0 0.0 0.0 0.0 0.0 0.0 0.0 0.0 0.0 0.0 0.0 0.0 0.0 0.0 0.0 8
1.0 1.0 2.0 2.0 1.0 3.0 3.0 1.0 1.0 1.0 1.0 1.0 2.0 0.0 1.0 0.0 0.0 0.0 0.0 0.0 0.0 0.0 0.0 0.0 0.0 0.0 0.0 0.0 0.0 0.0 0.0 0.0 0.0 0.0 0.0 8
1.0 1.0 2.0 1.0 0.0 2.0 3.0 1.0 0.0 2.0 0.0 1.0 2.0 0.0 1.0 1.0 0.0 0.0 0.0 0.0 0.0 0.0 0.0 0.0 0.0 0.0 0.0 0.0 0.0 0.0 0.0 0.0 0.0 0.0 0.0 8
0.0 1.0 2.0 2.0 1.0 3.0 3.0 1.0 2.0 1.0 0.0 1.0 2.0 0.0 1.0 0.0 0.0 0.0 0.0 0.0 0.0 0.0 0.0 0.0 0.0 0.0 0.0 0.0 0.0 0.0 0.0 0.0 0.0 0.0 0.0 8
2.0 0.0 2.0 1.0 0.0 2.0 3.0 1.0 0.0 0.0 0.0 1.0 2.0 0.0 1.0 1.0 0.0 0.0 0.0 0.0 0.0 0.0 0.0 0.0 0.0 0.0 0.0 0.0 0.0 0.0 0.0 0.0 0.0 0.0 0.0 8
1.0 0.0 2.0 1.0 0.0 2.0 3.0 1.0 1.0 1.0 0.0 1.0 2.0 0.0 1.0 1.0 0.0 0.0 0.0 0.0 0.0 0.0 0.0 0.0 0.0 0.0 0.0 0.0 0.0 0.0 0.0 0.0 0.0 0.0 0.0 8
2.0 1.0 2.0 1.0 0.0 3.0 3.0 1.0 0.0 2.0 0.0 1.0 2.0 0.0 1.0 1.0 0.0 0.0 0.0 0.0 0.0 0.0 0.0 0.0 0.0 0.0 0.0 0.0 0.0 0.0 0.0 0.0 0.0 0.0 0.0 8
5.0 0.0 2.0 1.0 0.0 2.0 2.0 1.0 0.0 1.0 0.0 1.0 2.0 0.0 1.0 0.0 0.0 0.0 1.0 0.0 3.0 1.0 1.0 0.0 0.0 0.0 0.0 0.0 0.0 0.0 0.0 0.0 0.0 0.0 0.0 8
1.0 1.0 2.0 1.0 0.0 3.0 3.0 1.0 1.0 2.0 0.0 1.0 2.0 0.0 1.0 1.0 0.0 0.0 0.0 0.0 0.0 0.0 0.0 0.0 0.0 0.0 0.0 0.0 0.0 0.0 0.0 0.0 0.0 0.0 0.0 8
1.0 0.0 2.0 1.0 0.0 3.0 3.0 1.0 2.0 0.0 0.0 1.0 2.0 0.0 1.0 1.0 0.0 0.0 0.0 0.0 0.0 0.0 0.0 0.0 0.0 0.0 0.0 0.0 0.0 0.0 0.0 0.0 0.0 0.0 0.0 8
4.0 0.0 2.0 1.0 0.0 1.0 3.0 1.0 0.0 0.0 0.0 1.0 2.0 0.0 1.0 1.0 0.0 0.0 1.0 0.0 3.0 1.0 1.0 0.0 0.0 0.0 0.0 0.0 0.0 0.0 0.0 0.0 0.0 0.0 0.0 8
1.0 0.0 2.0 1.0 0.0 2.0 3.0 1.0 0.0 1.0 0.0 1.0 2.0 0.0 1.0 1.0 0.0 0.0 0.0 0.0 0.0 0.0 0.0 0.0 0.0 0.0 0.0 0.0 0.0 0.0 0.0 0.0 0.0 0.0 0.0 8
4.0 1.0 2.0 1.0 0.0 3.0 3.0 1.0 0.0 2.0 0.0 1.0 2.0 0.0 1.0 0.0 0.0 0.0 1.0 0.0 3.0 1.0 1.0 0.0 0.0 0.0 0.0 0.0 0.0 0.0 0.0 0.0 0.0 0.0 0.0 8
2.0 0.0 2.0 1.0 0.0 3.0 3.0 1.0 0.0 0.0 0.0 1.0 2.0 0.0 1.0 1.0 0.0 0.0 0.0 0.0 0.0 0.0 0.0 0.0 0.0 0.0 0.0 0.0 0.0 0.0 0.0 0.0 0.0 0.0 0.0 8
0.0 1.0 1.0 1.0 1.0 2.0 2.0 0.0 2.0 1.0 1.0 1.0 2.0 0.0 1.0 0.0 0.0 0.0 0.0 0.0 0.0 0.0 0.0 0.0 0.0 0.0 0.0 0.0 0.0 0.0 0.0 0.0 0.0 0.0 0.0 8
1.0 1.0 1.0 1.0 1.0 2.0 0.0 0.0 0.0 2.0 0.0 1.0 2.0 0.0 1.0 0.0 0.0 0.0 0.0 0.0 0.0 0.0 0.0 0.0 0.0 0.0 0.0 0.0 0.0 0.0 0.0 0.0 0.0 0.0 0.0 8
1.0 1.0 2.0 1.0 0.0 1.0 0.0 1.0 2.0 2.0 0.0 1.0 2.0 0.0 1.0 1.0 0.0 0.0 0.0 0.0 0.0 0.0 0.0 0.0 0.0 0.0 0.0 0.0 0.0 0.0 0.0 0.0 0.0 0.0 0.0 8
1.0 0.0 2.0 1.0 0.0 1.0 3.0 1.0 0.0 0.0 0.0 1.0 2.0 0.0 1.0 0.0 0.0 0.0 1.0 0.0 3.0 1.0 1.0 0.0 0.0 0.0 0.0 0.0 0.0 0.0 0.0 0.0 0.0 0.0 0.0 8
2.0 0.0 2.0 1.0 0.0 3.0 3.0 1.0 1.0 1.0 0.0 1.0 2.0 0.0 1.0 1.0 0.0 0.0 0.0 0.0 0.0 0.0 0.0 0.0 0.0 0.0 0.0 0.0 0.0 0.0 0.0 0.0 0.0 0.0 0.0 8
3.0 0.0 2.0 1.0 0.0 2.0 3.0 2.0 2.0 1.0 0.0 1.0 2.0 0.0 1.0 0.0 0.0 0.0 1.0 0.0 0.0 3.0 1.0 1.0 0.0 0.0 0.0 0.0 0.0 0.0 0.0 0.0 0.0 0.0 0.0 8
2.0 1.0 2.0 2.0 1.0 3.0 1.0 1.0 1.0 0.0 1.0 1.0 2.0 0.0 1.0 0.0 0.0 0.0 0.0 0.0 0.0 0.0 0.0 0.0 0.0 0.0 0.0 0.0 0.0 0.0 0.0 0.0 0.0 0.0 0.0 8
1.0 0.0 2.0 1.0 0.0 2.0 3.0 1.0 2.0 0.0 0.0 1.0 2.0 0.0 1.0 1.0 0.0 0.0 0.0 0.0 0.0 0.0 0.0 0.0 0.0 0.0 0.0 0.0 0.0 0.0 0.0 0.0 0.0 0.0 0.0 8
1.0 1.0 2.0 1.0 0.0 2.0 3.0 1.0 0.0 2.0 0.0 1.0 2.0 0.0 1.0 1.0 0.0 0.0 0.0 0.0 0.0 0.0 0.0 0.0 0.0 0.0 0.0 0.0 0.0 0.0 0.0 0.0 0.0 0.0 0.0 8
5.0 0.0 2.0 1.0 0.0 1.0 3.0 1.0 0.0 0.0 0.0 1.0 2.0 0.0 1.0 1.0 0.0 0.0 1.0 0.0 3.0 1.0 1.0 0.0 0.0 0.0 0.0 0.0 0.0 0.0 0.0 0.0 0.0 0.0 0.0 8
4.0 1.0 1.0 1.0 1.0 2.0 2.0 0.0 0.0 2.0 0.0 1.0 2.0 0.0 1.0 0.0 0.0 0.0 1.0 0.0 3.0 1.0 1.0 0.0 0.0 0.0 0.0 0.0 1.0 0.0 0.0 0.0 0.0 0.0 0.0 8
3.0 1.0 2.0 1.0 0.0 1.0 3.0 1.0 0.0 2.0 0.0 1.0 2.0 0.0 1.0 1.0 0.0 0.0 1.0 0.0 3.0 1.0 1.0 0.0 0.0 0.0 0.0 0.0 0.0 0.0 0.0 0.0 0.0 0.0 0.0 8
1.0 0.0 2.0 1.0 0.0 3.0 3.0 1.0 0.0 0.0 0.0 1.0 2.0 0.0 1.0 0.0 0.0 0.0 0.0 0.0 0.0 0.0 0.0 0.0 0.0 0.0 0.0 0.0 0.0 0.0 0.0 0.0 0.0 0.0 0.0 8
4.0 0.0 2.0 1.0 0.0 2.0 3.0 2.0 1.0 1.0 0.0 1.0 2.0 0.0 1.0 0.0 0.0 0.0 1.0 0.0 0.0 3.0 1.0 1.0 0.0 0.0 0.0 0.0 0.0 0.0 0.0 0.0 0.0 0.0 0.0 8
2.0 1.0 2.0 1.0 0.0 2.0 3.0 1.0 0.0 2.0 0.0 1.0 2.0 0.0 1.0 0.0 0.0 0.0 0.0 0.0 0.0 0.0 0.0 0.0 0.0 0.0 0.0 0.0 0.0 0.0 0.0 0.0 0.0 0.0 0.0 8
2.0 1.0 1.0 1.0 1.0 0.0 0.0 1.0 1.0 0.0 0.0 1.0 2.0 0.0 1.0 0.0 0.0 0.0 0.0 0.0 0.0 0.0 0.0 0.0 0.0 0.0 0.0 0.0 0.0 0.0 0.0 0.0 0.0 0.0 0.0 8
3.0 1.0 2.0 1.0 0.0 3.0 1.0 1.0 0.0 2.0 0.0 1.0 2.0 0.0 1.0 0.0 0.0 0.0 1.0 0.0 3.0 1.0 1.0 0.0 0.0 0.0 0.0 0.0 0.0 0.0 0.0 0.0 0.0 0.0 0.0 8
3.0 0.0 2.0 1.0 0.0 3.0 3.0 2.0 2.0 0.0 0.0 1.0 2.0 0.0 1.0 0.0 0.0 0.0 1.0 0.0 0.0 3.0 1.0 1.0 0.0 0.0 0.0 0.0 0.0 0.0 0.0 0.0 0.0 0.0 0.0 8
2.0 0.0 2.0 1.0 0.0 2.0 2.0 1.0 0.0 1.0 0.0 1.0 2.0 0.0 1.0 0.0 0.0 0.0 1.0 0.0 3.0 1.0 1.0 0.0 0.0 0.0 0.0 0.0 0.0 0.0 0.0 0.0 0.0 0.0 0.0 8
3.0 0.0 2.0 1.0 0.0 3.0 1.0 1.0 0.0 0.0 0.0 1.0 2.0 0.0 1.0 1.0 0.0 0.0 0.0 0.0 0.0 0.0 0.0 0.0 0.0 0.0 0.0 0.0 0.0 0.0 0.0 0.0 0.0 0.0 0.0 8
3.0 1.0 2.0 1.0 0.0 3.0 1.0 1.0 0.0 2.0 0.0 1.0 2.0 0.0 1.0 1.0 0.0 0.0 1.0 0.0 3.0 1.0 1.0 0.0 0.0 0.0 0.0 0.0 0.0 0.0 0.0 0.0 0.0 0.0 0.0 8
2.0 1.0 2.0 1.0 0.0 3.0 3.0 2.0 2.0 2.0 0.0 1.0 2.0 0.0 1.0 1.0 0.0 0.0 0.0 0.0 0.0 0.0 0.0 0.0 0.0 0.0 0.0 0.0 0.0 0.0 0.0 0.0 0.0 0.0 0.0 8
5.0 1.0 2.0 1.0 0.0 3.0 3.0 2.0 0.0 2.0 0.0 1.0 2.0 0.0 1.0 0.0 0.0 0.0 1.0 0.0 0.0 3.0 1.0 1.0 0.0 0.0 0.0 0.0 0.0 0.0 0.0 0.0 0.0 0.0 0.0 8
5.0 0.0 2.0 1.0 1.0 3.0 3.0 1.0 1.0 0.0 0.0 1.0 2.0 0.0 0.0 1.0 0.0 0.0 0.0 0.0 0.0 0.0 0.0 0.0 0.0 0.0 0.0 0.0 0.0 0.0 0.0 0.0 0.0 0.0 0.0 9
4.0 0.0 2.0 2.0 1.0 2.0 3.0 1.0 1.0 1.0 0.0 1.0 2.0 0.0 0.0 1.0 0.0 0.0 0.0 0.0 0.0 0.0 0.0 0.0 0.0 0.0 0.0 0.0 0.0 0.0 0.0 0.0 0.0 0.0 0.0 9
2.0 0.0 1.0 1.0 0.0 0.0 0.0 0.0 0.0 0.0 0.0 1.0 1.0 0.0 0.0 0.0 0.0 0.0 0.0 0.0 0.0 0.0 0.0 0.0 0.0 0.0 0.0 0.0 0.0 0.0 0.0 0.0 0.0 0.0 0.0 9
3.0 0.0 1.0 1.0 0.0 1.0 2.0 0.0 0.0 0.0 0.0 1.0 1.0 0.0 0.0 1.0 0.0 0.0 0.0 0.0 0.0 0.0 0.0 0.0 0.0 0.0 0.0 0.0 0.0 0.0 0.0 0.0 0.0 0.0 0.0 9
3.0 0.0 1.0 1.0 0.0 3.0 2.0 0.0 0.0 0.0 0.0 1.0 1.0 0.0 0.0 1.0 1.0 0.0 0.0 0.0 0.0 0.0 0.0 0.0 0.0 0.0 0.0 0.0 0.0 0.0 0.0 0.0 0.0 0.0 0.0 9
3.0 0.0 2.0 1.0 1.0 2.0 1.0 1.0 1.0 0.0 0.0 1.0 2.0 0.0 0.0 1.0 0.0 0.0 0.0 0.0 0.0 0.0 0.0 0.0 0.0 0.0 0.0 0.0 0.0 0.0 0.0 0.0 0.0 0.0 0.0 9
3.0 0.0 1.0 1.0 0.0 1.0 0.0 0.0 0.0 1.0 0.0 1.0 1.0 0.0 0.0 1.0 0.0 0.0 0.0 0.0 0.0 0.0 0.0 0.0 0.0 0.0 0.0 0.0 0.0 0.0 0.0 0.0 0.0 0.0 0.0 9
4.0 0.0 2.0 1.0 1.0 0.0 3.0 1.0 1.0 1.0 0.0 1.0 2.0 0.0 0.0 1.0 0.0 0.0 0.0 0.0 0.0 0.0 0.0 0.0 0.0 0.0 0.0 0.0 0.0 0.0 0.0 0.0 0.0 0.0 0.0 9
2.0 0.0 1.0 1.0 0.0 3.0 1.0 0.0 0.0 0.0 0.0 1.0 1.0 0.0 0.0 1.0 0.0 0.0 0.0 0.0 0.0 0.0 0.0 0.0 0.0 0.0 0.0 0.0 0.0 0.0 0.0 0.0 0.0 0.0 0.0 9
4.0 1.0 2.0 2.0 1.0 2.0 1.0 1.0 1.0 2.0 0.0 1.0 2.0 0.0 0.0 1.0 0.0 0.0 0.0 0.0 0.0 0.0 0.0 0.0 0.0 0.0 0.0 0.0 0.0 0.0 0.0 0.0 0.0 0.0 0.0 9
2.0 1.0 1.0 2.0 0.0 2.0 2.0 0.0 0.0 2.0 0.0 1.0 1.0 1.0 0.0 0.0 0.0 0.0 0.0 0.0 0.0 0.0 0.0 0.0 0.0 0.0 0.0 0.0 0.0 0.0 0.0 0.0 0.0 0.0 2.0 10
3.0 0.0 2.0 0.0 1.0 2.0 3.0 1.0 1.0 1.0 1.0 1.0 2.0 1.0 0.0 1.0 0.0 0.0 0.0 0.0 0.0 0.0 0.0 0.0 0.0 0.0 0.0 0.0 0.0 1.0 1.0 1.0 0.0 0.0 0.0 10
2.0 0.0 1.0 0.0 0.0 0.0 0.0 0.0 0.0 0.0 0.0 1.0 1.0 1.0 0.0 0.0 0.0 0.0 0.0 0.0 0.0 0.0 0.0 0.0 0.0 0.0 0.0 0.0 0.0 0.0 0.0 0.0 0.0 0.0 0.0 10
4.0 1.0 2.0 1.0 0.0 3.0 0.0 1.0 0.0 2.0 0.0 1.0 1.0 0.0 0.0 1.0 1.0 0.0 0.0 0.0 0.0 0.0 0.0 0.0 0.0 0.0 0.0 0.0 0.0 0.0 0.0 0.0 1.0 0.0 1.0 10
3.0 0.0 2.0 1.0 1.0 1.0 1.0 1.0 0.0 1.0 0.0 1.0 1.0 1.0 0.0 1.0 0.0 0.0 0.0 0.0 0.0 0.0 0.0 0.0 0.0 0.0 0.0 0.0 0.0 1.0 1.0 1.0 1.0 0.0 1.0 10
3.0 1.0 1.0 0.0 0.0 2.0 0.0 0.0 0.0 2.0 0.0 1.0 2.0 1.0 0.0 0.0 0.0 0.0 0.0 0.0 0.0 0.0 0.0 0.0 0.0 0.0 0.0 0.0 0.0 0.0 0.0 0.0 0.0 0.0 1.0 10
3.0 0.0 1.0 1.0 1.0 2.0 3.0 0.0 0.0 1.0 1.0 1.0 1.0 1.0 0.0 1.0 0.0 0.0 0.0 0.0 0.0 0.0 0.0 0.0 0.0 0.0 0.0 0.0 0.0 1.0 1.0 1.0 1.0 0.0 0.0 10
3.0 1.0 2.0 1.0 0.0 0.0 2.0 1.0 0.0 2.0 0.0 1.0 1.0 1.0 0.0 1.0 0.0 0.0 0.0 0.0 0.0 0.0 0.0 0.0 0.0 0.0 0.0 0.0 0.0 0.0 0.0 0.0 1.0 0.0 1.0 10
4.0 0.0 1.0 1.0 1.0 1.0 3.0 0.0 0.0 1.0 0.0 1.0 1.0 1.0 0.0 1.0 0.0 0.0 0.0 0.0 0.0 0.0 0.0 0.0 0.0 0.0 0.0 0.0 0.0 1.0 1.0 1.0 1.0 0.0 0.0 10
5.0 1.0 1.0 1.0 0.0 2.0 0.0 0.0 1.0 2.0 0.0 1.0 1.0 1.0 0.0 1.0 0.0 0.0 0.0 0.0 0.0 0.0 0.0 0.0 0.0 0.0 0.0 0.0 0.0 0.0 0.0 0.0 0.0 0.0 1.0 10
6.0 0.0 2.0 0.0 1.0 2.0 2.0 0.0 0.0 0.0 0.0 0.0 0.0 2.0 2.0 0.0 0.0 0.0 1.0 1.0 0.0 3.0 0.0 0.0 0.0 0.0 0.0 1.0 1.0 1.0 0.0 1.0 0.0 0.0 0.0 11
6.0 0.0 2.0 0.0 0.0 2.0 2.0 0.0 1.0 1.0 0.0 1.0 2.0 0.0 0.0 0.0 0.0 0.0 1.0 0.0 0.0 3.0 0.0 0.0 0.0 0.0 0.0 1.0 1.0 1.0 0.0 1.0 0.0 0.0 0.0 11
4.0 0.0 2.0 1.0 1.0 1.0 1.0 0.0 1.0 2.0 0.0 0.0 0.0 2.0 2.0 0.0 0.0 0.0 0.0 0.0 0.0 3.0 0.0 0.0 0.0 0.0 0.0 0.0 0.0 1.0 0.0 1.0 0.0 0.0 0.0 11
4.0 0.0 2.0 1.0 1.0 0.0 0.0 0.0 0.0 1.0 0.0 1.0 2.0 0.0 0.0 0.0 0.0 0.0 0.0 1.0 0.0 3.0 0.0 0.0 0.0 0.0 0.0 0.0 0.0 1.0 0.0 1.0 0.0 0.0 0.0 11
4.0 0.0 2.0 0.0 0.0 0.0 0.0 0.0 0.0 2.0 0.0 1.0 2.0 0.0 0.0 0.0 0.0 0.0 0.0 0.0 0.0 3.0 0.0 0.0 0.0 0.0 0.0 0.0 0.0 1.0 0.0 1.0 0.0 0.0 0.0 11
6.0 0.0 2.0 2.0 0.0 2.0 2.0 0.0 0.0 1.0 0.0 1.0 2.0 0.0 0.0 0.0 0.0 0.0 1.0 0.0 0.0 3.0 0.0 0.0 0.0 0.0 0.0 1.0 1.0 1.0 0.0 1.0 0.0 0.0 0.0 11
3.0 0.0 2.0 0.0 1.0 0.0 0.0 0.0 0.0 1.0 0.0 0.0 0.0 2.0 2.0 0.0 0.0 0.0 0.0 1.0 0.0 3.0 0.0 0.0 0.0 0.0 0.0 0.0 0.0 1.0 0.0 1.0 0.0 0.0 0.0 11
3.0 0.0 2.0 1.0 1.0 3.0 3.0 0.0 1.0 1.0 0.0 0.0 0.0 2.0 2.0 0.0 0.0 0.0 0.0 0.0 0.0 3.0 0.0 0.0 0.0 0.0 0.0 0.0 0.0 1.0 0.0 1.0 0.0 0.0 0.0 11
5.0 0.0 2.0 1.0 0.0 1.0 1.0 0.0 0.0 0.0 0.0 1.0 2.0 0.0 0.0 0.0 0.0 0.0 1.0 0.0 0.0 3.0 0.0 0.0 0.0 0.0 0.0 1.0 1.0 1.0 0.0 1.0 0.0 0.0 0.0 11
4.0 0.0 2.0 1.0 0.0 0.0 0.0 0.0 1.0 1.0 0.0 0.0 0.0 2.0 2.0 0.0 0.0 0.0 1.0 0.0 0.0 3.0 0.0 0.0 0.0 0.0 0.0 0.0 0.0 1.0 0.0 1.0 0.0 0.0 0.0 11
5.0 1.0 2.0 1.0 0.0 3.0 3.0 1.0 1.0 0.0 0.0 0.0 0.0 2.0 2.0 0.0 0.0 0.0 1.0 0.0 3.0 2.0 0.0 0.0 0.0 0.0 0.0 1.0 2.0 0.0 0.0 0.0 0.0 0.0 0.0 12
5.0 1.0 2.0 2.0 1.0 2.0 2.0 0.0 1.0 2.0 0.0 1.0 0.0 2.0 2.0 0.0 0.0 0.0 1.0 0.0 3.0 1.0 1.0 1.0 0.0 0.0 0.0 1.0 2.0 1.0 1.0 1.0 0.0 1.0 0.0 12
6.0 0.0 2.0 1.0 0.0 1.0 1.0 1.0 1.0 1.0 0.0 0.0 0.0 2.0 2.0 0.0 0.0 0.0 1.0 0.0 3.0 2.0 1.0 0.0 0.0 0.0 0.0 1.0 2.0 1.0 1.0 0.0 1.0 1.0 0.0 12
2.0 1.0 2.0 2.0 1.0 0.0 0.0 1.0 0.0 0.0 1.0 1.0 0.0 2.0 2.0 0.0 0.0 0.0 1.0 0.0 2.0 1.0 0.0 1.0 0.0 0.0 0.0 0.0 0.0 0.0 0.0 0.0 0.0 0.0 0.0 12
3.0 0.0 2.0 1.0 0.0 3.0 3.0 1.0 0.0 0.0 1.0 1.0 0.0 2.0 2.0 0.0 0.0 0.0 1.0 0.0 3.0 2.0 1.0 1.0 0.0 0.0 0.0 1.0 2.0 1.0 1.0 1.0 0.0 0.0 0.0 12
4.0 1.0 2.0 2.0 1.0 2.0 2.0 1.0 0.0 1.0 1.0 1.0 0.0 2.0 2.0 0.0 0.0 0.0 1.0 0.0 3.0 1.0 1.0 1.0 0.0 0.0 0.0 1.0 2.0 0.0 0.0 0.0 0.0 0.0 0.0 12
6.0 0.0 2.0 1.0 0.0 2.0 2.0 1.0 0.0 1.0 0.0 0.0 0.0 2.0 2.0 0.0 0.0 0.0 1.0 0.0 3.0 2.0 1.0 0.0 0.0 0.0 0.0 1.0 2.0 1.0 1.0 0.0 1.0 1.0 0.0 12
1.0 0.0 2.0 1.0 0.0 1.0 1.0 1.0 1.0 1.0 1.0 1.0 0.0 2.0 2.0 0.0 0.0 0.0 1.0 0.0 2.0 2.0 0.0 1.0 0.0 0.0 0.0 0.0 0.0 1.0 0.0 1.0 0.0 0.0 0.0 12
6.0 1.0 2.0 1.0 0.0 2.0 2.0 1.0 1.0 1.0 0.0 0.0 0.0 2.0 2.0 0.0 0.0 0.0 1.0 0.0 3.0 2.0 1.0 0.0 0.0 0.0 0.0 1.0 2.0 1.0 1.0 0.0 1.0 1.0 0.0 12
5.0 0.0 2.0 1.0 0.0 1.0 1.0 1.0 2.0 2.0 1.0 1.0 0.0 2.0 2.0 0.0 0.0 0.0 1.0 0.0 3.0 2.0 1.0 1.0 0.0 0.0 0.0 1.0 2.0 1.0 1.0 1.0 0.0 0.0 0.0 12
5.0 1.0 2.0 2.0 1.0 3.0 3.0 0.0 1.0 2.0 1.0 1.0 0.0 2.0 2.0 0.0 0.0 0.0 1.0 1.0 3.0 2.0 1.0 1.0 0.0 0.0 0.0 1.0 2.0 0.0 0.0 0.0 0.0 0.0 0.0 12
0.0 0.0 2.0 1.0 0.0 3.0 3.0 1.0 1.0 2.0 1.0 1.0 0.0 2.0 2.0 0.0 0.0 0.0 1.0 0.0 2.0 2.0 0.0 1.0 0.0 0.0 0.0 0.0 0.0 1.0 1.0 0.0 1.0 0.0 0.0 12
6.0 0.0 2.0 1.0 0.0 2.0 2.0 0.0 0.0 0.0 1.0 1.0 0.0 2.0 2.0 0.0 0.0 0.0 1.0 0.0 3.0 1.0 1.0 1.0 0.0 0.0 0.0 1.0 2.0 1.0 0.0 1.0 1.0 1.0 0.0 12
5.0 1.0 2.0 1.0 0.0 1.0 1.0 1.0 0.0 1.0 0.0 0.0 0.0 2.0 2.0 0.0 0.0 0.0 1.0 0.0 3.0 2.0 0.0 0.0 0.0 0.0 0.0 1.0 2.0 1.0 1.0 0.0 1.0 1.0 0.0 12
5.0 0.0 2.0 1.0 0.0 2.0 2.0 1.0 0.0 2.0 0.0 0.0 0.0 2.0 2.0 0.0 0.0 0.0 1.0 0.0 3.0 2.0 1.0 0.0 0.0 0.0 0.0 1.0 2.0 0.0 0.0 0.0 0.0 0.0 0.0 12
6.0 1.0 2.0 2.0 1.0 0.0 0.0 1.0 0.0 1.0 0.0 1.0 0.0 2.0 2.0 0.0 0.0 0.0 1.0 0.0 3.0 1.0 1.0 1.0 0.0 0.0 0.0 1.0 2.0 0.0 0.0 0.0 0.0 0.0 0.0 12
5.0 0.0 2.0 1.0 0.0 1.0 1.0 1.0 0.0 0.0 0.0 0.0 0.0 2.0 2.0 0.0 0.0 0.0 1.0 0.0 3.0 2.0 1.0 0.0 0.0 0.0 0.0 1.0 2.0 1.0 1.0 0.0 1.0 1.0 0.0 12
6.0 1.0 2.0 2.0 1.0 3.0 3.0 0.0 2.0 1.0 0.0 1.0 0.0 2.0 2.0 0.0 0.0 0.0 1.0 1.0 3.0 2.0 1.0 1.0 0.0 0.0 0.0 1.0 2.0 0.0 0.0 0.0 0.0 0.0 0.0 12
5.0 1.0 2.0 1.0 0.0 3.0 3.0 1.0 0.0 1.0 0.0 0.0 0.0 2.0 2.0 0.0 0.0 0.0 1.0 0.0 3.0 2.0 0.0 0.0 0.0 0.0 0.0 1.0 2.0 1.0 1.0 0.0 1.0 1.0 0.0 12
5.0 1.0 2.0 1.0 0.0 2.0 2.0 1.0 1.0 1.0 0.0 0.0 0.0 2.0 2.0 0.0 0.0 0.0 1.0 0.0 3.0 2.0 0.0 0.0 0.0 0.0 0.0 1.0 2.0 1.0 1.0 0.0 1.0 1.0 0.0 12
3.0 1.0 1.0 1.0 0.0 0.0 2.0 0.0 0.0 2.0 0.0 1.0 2.0 0.0 1.0 0.0 0.0 0.0 0.0 0.0 0.0 0.0 0.0 0.0 0.0 0.0 0.0 0.0 0.0 0.0 0.0 0.0 0.0 0.0 0.0 13
3.0 0.0 0.0 1.0 1.0 0.0 2.0 0.0 0.0 1.0 0.0 1.0 2.0 0.0 1.0 0.0 1.0 0.0 0.0 0.0 0.0 0.0 0.0 0.0 0.0 0.0 0.0 0.0 0.0 0.0 0.0 0.0 0.0 0.0 0.0 13
3.0 1.0 1.0 1.0 0.0 0.0 0.0 0.0 0.0 0.0 0.0 1.0 2.0 0.0 1.0 0.0 0.0 0.0 0.0 0.0 0.0 0.0 0.0 0.0 0.0 0.0 0.0 0.0 0.0 0.0 0.0 0.0 0.0 0.0 0.0 13
3.0 0.0 0.0 1.0 1.0 2.0 0.0 0.0 0.0 0.0 0.0 1.0 2.0 0.0 1.0 0.0 0.0 0.0 0.0 0.0 0.0 0.0 0.0 0.0 0.0 0.0 0.0 0.0 0.0 0.0 0.0 0.0 0.0 0.0 0.0 13
3.0 1.0 1.0 2.0 0.0 3.0 2.0 0.0 1.0 1.0 0.0 1.0 2.0 0.0 1.0 1.0 1.0 0.0 0.0 0.0 0.0 0.0 0.0 0.0 0.0 0.0 0.0 0.0 0.0 0.0 0.0 0.0 0.0 0.0 0.0 13
2.0 0.0 0.0 1.0 1.0 0.0 3.0 0.0 2.0 2.0 0.0 1.0 2.0 0.0 1.0 0.0 0.0 0.0 0.0 0.0 0.0 0.0 0.0 0.0 0.0 0.0 0.0 0.0 0.0 0.0 0.0 0.0 0.0 0.0 0.0 13
1.0 0.0 0.0 2.0 1.0 3.0 2.0 1.0 1.0 1.0 0.0 1.0 2.0 0.0 1.0 1.0 1.0 0.0 0.0 0.0 0.0 0.0 0.0 0.0 0.0 0.0 0.0 0.0 0.0 0.0 0.0 0.0 0.0 0.0 0.0 13
2.0 1.0 1.0 1.0 0.0 2.0 2.0 1.0 1.0 1.0 0.0 1.0 2.0 0.0 1.0 0.0 1.0 0.0 0.0 0.0 0.0 0.0 0.0 0.0 0.0 0.0 0.0 0.0 0.0 0.0 0.0 0.0 0.0 0.0 0.0 13
2.0 0.0 0.0 2.0 1.0 3.0 0.0 1.0 1.0 0.0 1.0 1.0 2.0 0.0 1.0 1.0 0.0 0.0 0.0 0.0 0.0 0.0 0.0 0.0 0.0 0.0 0.0 0.0 0.0 0.0 0.0 0.0 0.0 0.0 0.0 13
2.0 1.0 1.0 2.0 0.0 3.0 3.0 0.0 2.0 2.0 0.0 1.0 2.0 0.0 1.0 1.0 0.0 0.0 0.0 0.0 0.0 0.0 0.0 0.0 0.0 0.0 0.0 0.0 0.0 0.0 0.0 0.0 0.0 0.0 0.0 13
4.0 1.0 2.0 1.0 0.0 1.0 1.0 1.0 1.0 2.0 0.0 1.0 2.0 0.0 1.0 0.0 0.0 0.0 0.0 0.0 0.0 0.0 0.0 0.0 0.0 0.0 0.0 0.0 0.0 0.0 0.0 0.0 0.0 0.0 0.0 14
4.0 0.0 1.0 1.0 0.0 3.0 3.0 1.0 0.0 1.0 0.0 1.0 2.0 0.0 1.0 0.0 0.0 0.0 0.0 0.0 0.0 0.0 0.0 0.0 0.0 0.0 0.0 0.0 0.0 0.0 0.0 0.0 0.0 0.0 0.0 14
3.0 0.0 2.0 1.0 0.0 0.0 0.0 1.0 0.0 1.0 0.0 1.0 2.0 0.0 1.0 0.0 0.0 0.0 0.0 0.0 0.0 0.0 0.0 0.0 0.0 0.0 0.0 0.0 0.0 0.0 0.0 0.0 0.0 0.0 0.0 14
6.0 0.0 2.0 2.0 0.0 3.0 3.0 0.0 1.0 1.0 0.0 1.0 2.0 0.0 1.0 0.0 0.0 0.0 0.0 0.0 0.0 0.0 0.0 0.0 0.0 0.0 0.0 0.0 0.0 0.0 0.0 0.0 0.0 0.0 0.0 14
6.0 0.0 1.0 1.0 1.0 2.0 2.0 0.0 2.0 2.0 0.0 1.0 2.0 0.0 1.0 0.0 0.0 0.0 0.0 0.0 0.0 0.0 0.0 0.0 0.0 0.0 0.0 0.0 0.0 1.0 0.0 1.0 0.0 0.0 0.0 14
5.0 0.0 2.0 2.0 0.0 3.0 3.0 1.0 0.0 1.0 0.0 1.0 2.0 0.0 1.0 0.0 0.0 0.0 0.0 0.0 0.0 0.0 0.0 0.0 0.0 0.0 0.0 0.0 0.0 0.0 0.0 0.0 0.0 0.0 0.0 14
6.0 0.0 1.0 1.0 0.0 3.0 3.0 0.0 1.0 1.0 0.0 1.0 2.0 0.0 1.0 0.0 0.0 0.0 0.0 0.0 0.0 0.0 0.0 0.0 0.0 0.0 0.0 0.0 0.0 0.0 0.0 0.0 0.0 0.0 0.0 14
5.0 1.0 2.0 2.0 0.0 3.0 1.0 0.0 0.0 2.0 0.0 1.0 2.0 0.0 1.0 0.0 0.0 0.0 0.0 0.0 0.0 0.0 0.0 0.0 0.0 0.0 0.0 0.0 0.0 0.0 0.0 0.0 0.0 0.0 0.0 14
6.0 0.0 2.0 2.0 0.0 3.0 3.0 0.0 1.0 1.0 0.0 1.0 2.0 0.0 1.0 0.0 0.0 0.0 0.0 0.0 0.0 0.0 0.0 0.0 0.0 0.0 0.0 0.0 0.0 0.0 0.0 0.0 0.0 0.0 0.0 14
6.0 0.0 2.0 2.0 0.0 3.0 2.0 1.0 1.0 0.0 0.0 1.0 2.0 0.0 1.0 0.0 0.0 0.0 0.0 0.0 0.0 0.0 0.0 0.0 0.0 0.0 0.0 0.0 0.0 0.0 0.0 0.0 0.0 0.0 0.0 14
5.0 0.0 2.0 2.0 0.0 2.0 3.0 0.0 0.0 1.0 0.0 1.0 2.0 0.0 1.0 0.0 0.0 0.0 0.0 0.0 0.0 0.0 0.0 0.0 0.0 0.0 0.0 0.0 0.0 0.0 0.0 0.0 0.0 0.0 0.0 14
4.0 1.0 2.0 1.0 0.0 3.0 0.0 1.0 1.0 2.0 0.0 1.0 2.0 0.0 1.0 0.0 0.0 0.0 0.0 0.0 0.0 0.0 0.0 0.0 0.0 0.0 0.0 0.0 0.0 0.0 0.0 0.0 0.0 0.0 0.0 14
6.0 0.0 2.0 1.0 0.0 1.0 1.0 0.0 1.0 0.0 0.0 1.0 2.0 0.0 1.0 1.0 0.0 0.0 0.0 0.0 0.0 0.0 0.0 0.0 0.0 0.0 0.0 0.0 0.0 0.0 0.0 0.0 0.0 0.0 0.0 14
5.0 0.0 2.0 2.0 0.0 2.0 2.0 1.0 0.0 0.0 0.0 1.0 2.0 0.0 1.0 0.0 0.0 0.0 0.0 0.0 0.0 0.0 0.0 0.0 0.0 0.0 0.0 0.0 0.0 0.0 0.0 0.0 0.0 0.0 0.0 14
5.0 1.0 2.0 1.0 0.0 0.0 0.0 0.0 0.0 2.0 0.0 1.0 2.0 0.0 1.0 0.0 0.0 0.0 0.0 0.0 0.0 0.0 0.0 0.0 0.0 0.0 0.0 0.0 0.0 0.0 0.0 0.0 0.0 0.0 0.0 14
4.0 0.0 2.0 1.0 0.0 2.0 2.0 0.0 0.0 1.0 0.0 1.0 2.0 0.0 1.0 0.0 0.0 0.0 0.0 0.0 0.0 0.0 0.0 0.0 0.0 0.0 0.0 0.0 0.0 0.0 0.0 0.0 0.0 0.0 0.0 14
4.0 0.0 2.0 1.0 0.0 1.0 1.0 1.0 1.0 1.0 0.0 1.0 2.0 0.0 1.0 1.0 0.0 0.0 0.0 0.0 0.0 0.0 0.0 0.0 0.0 0.0 0.0 0.0 0.0 0.0 0.0 0.0 0.0 0.0 0.0 14
5.0 0.0 2.0 1.0 0.0 2.0 1.0 0.0 0.0 0.0 0.0 1.0 2.0 0.0 1.0 0.0 0.0 0.0 0.0 0.0 0.0 0.0 0.0 0.0 0.0 0.0 0.0 0.0 0.0 0.0 0.0 0.0 0.0 0.0 0.0 14
6.0 0.0 2.0 2.0 0.0 3.0 2.0 0.0 1.0 0.0 0.0 1.0 2.0 0.0 1.0 0.0 0.0 0.0 0.0 0.0 0.0 0.0 0.0 0.0 0.0 0.0 0.0 0.0 0.0 0.0 0.0 0.0 0.0 0.0 0.0 14
6.0 1.0 2.0 2.0 0.0 1.0 1.0 0.0 1.0 2.0 0.0 1.0 2.0 0.0 1.0 0.0 0.0 0.0 0.0 0.0 0.0 0.0 0.0 0.0 0.0 0.0 0.0 0.0 0.0 0.0 0.0 0.0 0.0 0.0 0.0 14
5.0 1.0 2.0 2.0 0.0 3.0 1.0 1.0 0.0 2.0 0.0 1.0 2.0 0.0 1.0 0.0 0.0 0.0 0.0 0.0 0.0 0.0 0.0 0.0 0.0 0.0 0.0 0.0 0.0 0.0 0.0 0.0 0.0 0.0 0.0 14
5.0 1.0 2.0 2.0 0.0 3.0 3.0 1.0 1.0 1.0 0.0 1.0 2.0 0.0 1.0 0.0 0.0 0.0 0.0 0.0 0.0 0.0 0.0 0.0 0.0 0.0 0.0 0.0 0.0 0.0 0.0 0.0 0.0 0.0 0.0 14
4.0 1.0 2.0 1.0 0.0 2.0 1.0 0.0 0.0 2.0 0.0 1.0 2.0 0.0 1.0 1.0 0.0 0.0 0.0 0.0 0.0 0.0 0.0 0.0 0.0 0.0 0.0 0.0 0.0 0.0 0.0 0.0 0.0 0.0 0.0 14
6.0 1.0 1.0 2.0 0.0 2.0 2.0 0.0 2.0 0.0 0.0 1.0 2.0 0.0 1.0 0.0 0.0 0.0 0.0 0.0 0.0 0.0 0.0 0.0 0.0 0.0 0.0 0.0 0.0 1.0 0.0 1.0 0.0 0.0 0.0 14
4.0 1.0 2.0 1.0 0.0 1.0 2.0 1.0 1.0 2.0 0.0 1.0 2.0 0.0 1.0 0.0 0.0 0.0 0.0 0.0 0.0 0.0 0.0 0.0 0.0 0.0 0.0 0.0 0.0 0.0 0.0 0.0 0.0 0.0 0.0 14
6.0 1.0 2.0 2.0 0.0 2.0 1.0 0.0 1.0 2.0 0.0 1.0 2.0 0.0 1.0 0.0 0.0 0.0 0.0 0.0 0.0 0.0 0.0 0.0 0.0 0.0 0.0 0.0 0.0 0.0 0.0 0.0 0.0 0.0 0.0 14
4.0 1.0 2.0 1.0 0.0 0.0 3.0 0.0 0.0 2.0 0.0 1.0 2.0 0.0 1.0 0.0 0.0 0.0 0.0 0.0 0.0 0.0 0.0 0.0 0.0 0.0 0.0 0.0 0.0 0.0 0.0 0.0 0.0 0.0 0.0 14
4.0 0.0 2.0 2.0 0.0 3.0 3.0 1.0 0.0 0.0 0.0 1.0 2.0 0.0 1.0 0.0 0.0 0.0 0.0 0.0 0.0 0.0 0.0 0.0 0.0 0.0 0.0 0.0 0.0 0.0 0.0 0.0 0.0 0.0 0.0 14
5.0 0.0 2.0 2.0 0.0 2.0 3.0 1.0 0.0 1.0 0.0 1.0 2.0 0.0 1.0 0.0 0.0 0.0 0.0 0.0 0.0 0.0 0.0 0.0 0.0 0.0 0.0 0.0 0.0 0.0 0.0 0.0 0.0 0.0 0.0 14
3.0 0.0 2.0 1.0 0.0 0.0 0.0 1.0 0.0 0.0 0.0 1.0 2.0 0.0 1.0 0.0 0.0 0.0 0.0 0.0 0.0 0.0 0.0 0.0 0.0 0.0 0.0 0.0 0.0 0.0 0.0 0.0 0.0 0.0 0.0 14
5.0 0.0 2.0 1.0 0.0 1.0 2.0 0.0 1.0 0.0 0.0 1.0 2.0 0.0 1.0 1.0 0.0 0.0 0.0 0.0 0.0 0.0 0.0 0.0 0.0 0.0 0.0 0.0 0.0 0.0 0.0 0.0 0.0 0.0 0.0 14
5.0 0.0 2.0 2.0 0.0 1.0 1.0 0.0 1.0 1.0 0.0 1.0 2.0 0.0 1.0 0.0 0.0 0.0 0.0 0.0 0.0 0.0 0.0 0.0 0.0 0.0 0.0 0.0 0.0 0.0 0.0 0.0 0.0 0.0 0.0 14
4.0 0.0 2.0 2.0 0.0 1.0 1.0 1.0 0.0 2.0 0.0 1.0 2.0 0.0 1.0 0.0 0.0 0.0 0.0 0.0 0.0 0.0 0.0 0.0 0.0 0.0 0.0 0.0 0.0 0.0 0.0 0.0 0.0 0.0 0.0 14
5.0 1.0 2.0 1.0 0.0 3.0 3.0 0.0 1.0 2.0 0.0 1.0 2.0 0.0 1.0 1.0 0.0 0.0 0.0 0.0 0.0 0.0 0.0 0.0 0.0 0.0 0.0 0.0 0.0 0.0 0.0 0.0 0.0 0.0 0.0 14
6.0 0.0 2.0 1.0 0.0 2.0 1.0 0.0 0.0 1.0 0.0 1.0 2.0 0.0 1.0 1.0 0.0 0.0 0.0 0.0 0.0 0.0 0.0 0.0 0.0 0.0 0.0 0.0 0.0 0.0 0.0 0.0 0.0 0.0 0.0 14
5.0 0.0 2.0 1.0 0.0 0.0 3.0 0.0 0.0 0.0 0.0 1.0 2.0 0.0 1.0 0.0 0.0 0.0 0.0 0.0 0.0 0.0 0.0 0.0 0.0 0.0 0.0 0.0 0.0 0.0 0.0 0.0 0.0 0.0 0.0 14
6.0 0.0 2.0 1.0 0.0 0.0 3.0 0.0 0.0 1.0 0.0 1.0 2.0 0.0 1.0 0.0 0.0 0.0 0.0 0.0 0.0 0.0 0.0 0.0 0.0 0.0 0.0 0.0 0.0 0.0 0.0 0.0 0.0 0.0 0.0 14
5.0 1.0 2.0 2.0 0.0 2.0 1.0 1.0 0.0 2.0 0.0 1.0 2.0 0.0 1.0 0.0 0.0 0.0 0.0 0.0 0.0 0.0 0.0 0.0 0.0 0.0 0.0 0.0 0.0 0.0 0.0 0.0 0.0 0.0 0.0 14
5.0 0.0 2.0 1.0 0.0 3.0 0.0 0.0 1.0 0.0 0.0 1.0 2.0 0.0 1.0 1.0 0.0 0.0 0.0 0.0 0.0 0.0 0.0 0.0 0.0 0.0 0.0 0.0 0.0 0.0 0.0 0.0 0.0 0.0 0.0 14
6.0 0.0 2.0 1.0 0.0 1.0 2.0 0.0 1.0 1.0 0.0 1.0 2.0 0.0 1.0 1.0 0.0 0.0 0.0 0.0 0.0 0.0 0.0 0.0 0.0 0.0 0.0 0.0 0.0 0.0 0.0 0.0 0.0 0.0 0.0 14
6.0 0.0 1.0 2.0 0.0 3.0 3.0 0.0 0.0 0.0 0.0 1.0 2.0 0.0 1.0 0.0 0.0 0.0 1.0 0.0 3.0 2.0 1.0 1.0 0.0 0.0 0.0 1.0 2.0 1.0 0.0 0.0 0.0 0.0 0.0 15
4.0 0.0 1.0 2.0 0.0 1.0 1.0 0.0 1.0 1.0 0.0 1.0 2.0 0.0 1.0 0.0 0.0 0.0 0.0 0.0 0.0 0.0 0.0 0.0 0.0 0.0 0.0 0.0 0.0 0.0 0.0 0.0 0.0 0.0 0.0 15
5.0 0.0 1.0 1.0 0.0 2.0 1.0 0.0 0.0 0.0 0.0 1.0 2.0 0.0 1.0 0.0 0.0 0.0 1.0 0.0 3.0 1.0 0.0 1.0 0.0 0.0 0.0 0.0 0.0 0.0 0.0 0.0 0.0 0.0 0.0 15
5.0 1.0 2.0 1.0 0.0 3.0 2.0 0.0 0.0 2.0 0.0 1.0 2.0 0.0 1.0 0.0 0.0 0.0 0.0 0.0 0.0 0.0 0.0 0.0 0.0 0.0 0.0 0.0 0.0 0.0 0.0 0.0 0.0 0.0 0.0 15
6.0 1.0 2.0 2.0 0.0 3.0 3.0 0.0 1.0 2.0 0.0 1.0 2.0 0.0 1.0 0.0 0.0 0.0 1.0 0.0 3.0 2.0 0.0 1.0 0.0 0.0 0.0 1.0 1.0 0.0 0.0 0.0 0.0 0.0 0.0 15
4.0 0.0 1.0 1.0 0.0 3.0 3.0 1.0 1.0 0.0 0.0 1.0 2.0 0.0 1.0 0.0 0.0 0.0 0.0 0.0 0.0 0.0 0.0 0.0 0.0 0.0 0.0 0.0 0.0 0.0 0.0 0.0 0.0 0.0 0.0 15
3.0 0.0 2.0 1.0 0.0 2.0 3.0 0.0 1.0 1.0 0.0 1.0 2.0 0.0 1.0 0.0 0.0 0.0 1.0 0.0 3.0 2.0 0.0 1.0 0.0 0.0 0.0 1.0 1.0 0.0 0.0 0.0 0.0 0.0 0.0 15
5.0 0.0 2.0 2.0 0.0 2.0 2.0 0.0 0.0 1.0 0.0 1.0 2.0 0.0 1.0 0.0 0.0 0.0 1.0 0.0 3.0 2.0 0.0 1.0 0.0 0.0 0.0 1.0 1.0 0.0 0.0 0.0 0.0 0.0 0.0 15
5.0 0.0 2.0 1.0 0.0 1.0 1.0 1.0 1.0 0.0 0.0 1.0 2.0 0.0 1.0 0.0 0.0 0.0 0.0 0.0 0.0 0.0 0.0 0.0 0.0 0.0 0.0 0.0 0.0 0.0 0.0 0.0 0.0 0.0 0.0 15
5.0 0.0 2.0 2.0 0.0 2.0 3.0 0.0 1.0 1.0 0.0 1.0 2.0 0.0 1.0 0.0 0.0 0.0 1.0 0.0 3.0 2.0 0.0 1.0 0.0 0.0 0.0 1.0 1.0 0.0 0.0 0.0 0.0 0.0 0.0 15
5.0 0.0 2.0 1.0 0.0 0.0 1.0 0.0 1.0 1.0 0.0 1.0 2.0 0.0 1.0 0.0 0.0 0.0 1.0 0.0 3.0 2.0 0.0 1.0 0.0 0.0 0.0 1.0 1.0 0.0 0.0 0.0 0.0 0.0 0.0 15
4.0 0.0 2.0 1.0 0.0 2.0 3.0 0.0 1.0 0.0 0.0 1.0 2.0 0.0 1.0 0.0 0.0 0.0 0.0 0.0 0.0 0.0 0.0 0.0 0.0 0.0 0.0 0.0 0.0 0.0 0.0 0.0 0.0 0.0 0.0 15
4.0 0.0 2.0 2.0 0.0 1.0 1.0 1.0 1.0 0.0 0.0 1.0 2.0 0.0 1.0 0.0 0.0 0.0 1.0 0.0 3.0 2.0 0.0 1.0 0.0 0.0 0.0 1.0 1.0 0.0 0.0 0.0 0.0 0.0 0.0 15
4.0 0.0 2.0 1.0 0.0 2.0 1.0 1.0 1.0 1.0 0.0 1.0 2.0 0.0 1.0 0.0 0.0 0.0 1.0 0.0 3.0 1.0 0.0 1.0 0.0 0.0 0.0 1.0 1.0 0.0 0.0 0.0 0.0 0.0 0.0 15
3.0 1.0 2.0 1.0 0.0 3.0 2.0 1.0 0.0 2.0 0.0 1.0 2.0 0.0 1.0 0.0 0.0 0.0 1.0 0.0 3.0 2.0 0.0 1.0 0.0 0.0 0.0 1.0 1.0 0.0 0.0 0.0 0.0 0.0 0.0 15
5.0 0.0 2.0 1.0 0.0 3.0 0.0 1.0 0.0 1.0 0.0 1.0 2.0 0.0 1.0 0.0 0.0 0.0 1.0 0.0 3.0 1.0 0.0 1.0 0.0 0.0 0.0 1.0 1.0 0.0 0.0 0.0 0.0 0.0 0.0 15
5.0 0.0 2.0 2.0 0.0 1.0 1.0 0.0 1.0 0.0 0.0 1.0 2.0 0.0 1.0 0.0 0.0 0.0 1.0 0.0 3.0 2.0 0.0 1.0 0.0 0.0 0.0 1.0 1.0 0.0 0.0 0.0 0.0 0.0 0.0 15
4.0 0.0 2.0 2.0 0.0 1.0 2.0 1.0 0.0 0.0 0.0 1.0 2.0 0.0 1.0 0.0 0.0 0.0 1.0 0.0 3.0 2.0 0.0 1.0 0.0 0.0 0.0 1.0 1.0 0.0 0.0 0.0 0.0 0.0 0.0 15
5.0 0.0 2.0 2.0 0.0 2.0 1.0 0.0 1.0 1.0 0.0 1.0 2.0 0.0 1.0 0.0 0.0 0.0 1.0 0.0 3.0 2.0 0.0 1.0 0.0 0.0 0.0 1.0 1.0 0.0 0.0 0.0 0.0 0.0 0.0 15
5.0 0.0 2.0 1.0 0.0 3.0 0.0 1.0 0.0 0.0 0.0 1.0 2.0 0.0 1.0 0.0 0.0 0.0 1.0 0.0 3.0 1.0 0.0 1.0 0.0 0.0 0.0 1.0 1.0 0.0 0.0 0.0 0.0 0.0 0.0 15
3.0 0.0 2.0 1.0 0.0 1.0 2.0 1.0 0.0 1.0 0.0 1.0 2.0 0.0 1.0 0.0 0.0 0.0 0.0 0.0 0.0 0.0 0.0 0.0 0.0 0.0 0.0 0.0 0.0 0.0 0.0 0.0 0.0 0.0 0.0 15
6.0 0.0 1.0 2.0 0.0 3.0 3.0 0.0 1.0 0.0 0.0 1.0 2.0 0.0 1.0 0.0 0.0 0.0 1.0 0.0 3.0 2.0 1.0 0.0 0.0 0.0 0.0 1.0 2.0 1.0 0.0 1.0 1.0 1.0 0.0 15
5.0 0.0 1.0 1.0 0.0 1.0 3.0 1.0 2.0 0.0 0.0 1.0 2.0 0.0 1.0 0.0 0.0 0.0 1.0 0.0 3.0 0.0 1.0 0.0 0.0 0.0 0.0 1.0 1.0 0.0 0.0 0.0 0.0 0.0 0.0 15
5.0 0.0 2.0 1.0 0.0 3.0 2.0 1.0 0.0 0.0 0.0 1.0 2.0 0.0 1.0 0.0 0.0 0.0 1.0 0.0 3.0 1.0 0.0 1.0 0.0 0.0 0.0 1.0 1.0 0.0 0.0 0.0 0.0 0.0 0.0 15
5.0 1.0 2.0 1.0 0.0 3.0 3.0 0.0 1.0 2.0 0.0 1.0 2.0 0.0 1.0 0.0 0.0 0.0 0.0 0.0 0.0 0.0 0.0 0.0 0.0 0.0 0.0 0.0 0.0 0.0 0.0 0.0 0.0 0.0 0.0 15
3.0 1.0 2.0 1.0 0.0 3.0 0.0 1.0 0.0 2.0 0.0 1.0 2.0 0.0 1.0 0.0 0.0 0.0 0.0 0.0 0.0 0.0 0.0 0.0 0.0 0.0 0.0 0.0 0.0 0.0 0.0 0.0 0.0 0.0 0.0 15
6.0 1.0 2.0 2.0 0.0 3.0 1.0 0.0 1.0 2.0 0.0 1.0 2.0 0.0 1.0 0.0 0.0 0.0 1.0 0.0 3.0 2.0 0.0 1.0 0.0 0.0 0.0 1.0 1.0 0.0 0.0 0.0 0.0 0.0 0.0 15
4.0 0.0 2.0 1.0 0.0 1.0 2.0 1.0 0.0 1.0 0.0 1.0 2.0 0.0 1.0 0.0 0.0 0.0 0.0 0.0 0.0 0.0 0.0 0.0 0.0 0.0 0.0 0.0 0.0 0.0 0.0 0.0 0.0 0.0 0.0 15
4.0 0.0 2.0 2.0 0.0 1.0 0.0 1.0 0.0 0.0 0.0 1.0 2.0 0.0 1.0 0.0 0.0 0.0 1.0 0.0 3.0 2.0 0.0 1.0 0.0 0.0 0.0 1.0 1.0 0.0 0.0 0.0 0.0 0.0 0.0 15
6.0 1.0 2.0 2.0 0.0 3.0 0.0 0.0 0.0 2.0 0.0 1.0 2.0 0.0 1.0 0.0 0.0 0.0 1.0 0.0 3.0 2.0 0.0 1.0 0.0 0.0 0.0 1.0 1.0 0.0 0.0 0.0 0.0 0.0 0.0 15
5.0 1.0 2.0 2.0 0.0 3.0 3.0 0.0 1.0 2.0 0.0 1.0 2.0 0.0 1.0 0.0 0.0 0.0 1.0 0.0 3.0 2.0 0.0 1.0 0.0 0.0 0.0 1.0 1.0 0.0 0.0 0.0 0.0 0.0 0.0 15
4.0 0.0 2.0 1.0 0.0 0.0 1.0 1.0 1.0 0.0 0.0 1.0 2.0 0.0 1.0 0.0 0.0 0.0 0.0 0.0 0.0 0.0 0.0 0.0 0.0 0.0 0.0 0.0 0.0 0.0 0.0 0.0 0.0 0.0 0.0 15
4.0 0.0 2.0 1.0 0.0 2.0 3.0 1.0 1.0 1.0 0.0 1.0 2.0 0.0 1.0 0.0 0.0 0.0 1.0 0.0 3.0 1.0 0.0 1.0 0.0 0.0 0.0 1.0 1.0 0.0 0.0 0.0 0.0 0.0 0.0 15
4.0 1.0 1.0 2.0 0.0 1.0 1.0 0.0 2.0 2.0 1.0 1.0 2.0 0.0 1.0 0.0 0.0 0.0 0.0 0.0 0.0 0.0 0.0 0.0 0.0 0.0 0.0 0.0 0.0 0.0 0.0 0.0 0.0 0.0 0.0 15
4.0 0.0 2.0 1.0 0.0 2.0 0.0 0.0 0.0 1.0 0.0 1.0 2.0 0.0 1.0 0.0 0.0 0.0 0.0 0.0 0.0 0.0 0.0 0.0 0.0 0.0 0.0 0.0 0.0 0.0 0.0 0.0 0.0 0.0 0.0 15
5.0 1.0 2.0 1.0 0.0 1.0 2.0 1.0 0.0 2.0 0.0 1.0 2.0 0.0 1.0 0.0 0.0 0.0 0.0 0.0 0.0 0.0 0.0 0.0 0.0 0.0 0.0 0.0 0.0 0.0 0.0 0.0 0.0 0.0 0.0 15
4.0 0.0 2.0 2.0 0.0 1.0 3.0 1.0 1.0 0.0 0.0 1.0 2.0 0.0 1.0 0.0 0.0 0.0 1.0 0.0 3.0 2.0 0.0 1.0 0.0 0.0 0.0 1.0 1.0 0.0 0.0 0.0 0.0 0.0 0.0 15
5.0 0.0 2.0 1.0 0.0 1.0 2.0 0.0 0.0 0.0 0.0 1.0 2.0 0.0 1.0 0.0 0.0 0.0 1.0 0.0 3.0 2.0 0.0 1.0 0.0 0.0 0.0 1.0 1.0 0.0 0.0 0.0 0.0 0.0 0.0 15
5.0 0.0 2.0 2.0 0.0 2.0 0.0 0.0 0.0 1.0 0.0 1.0 2.0 0.0 1.0 0.0 0.0 0.0 1.0 0.0 3.0 2.0 0.0 1.0 0.0 0.0 0.0 1.0 1.0 0.0 0.0 0.0 0.0 0.0 0.0 15
5.0 1.0 2.0 1.0 0.0 2.0 3.0 0.0 1.0 2.0 0.0 1.0 2.0 0.0 1.0 0.0 0.0 0.0 1.0 0.0 3.0 2.0 0.0 1.0 0.0 0.0 0.0 1.0 1.0 0.0 0.0 0.0 0.0 0.0 0.0 15
