n: 500 f: 10 f_i: 7 f_red: 3 f_rep: 0 label_cnt: 4 noise: 0.01
500
10
4
0.6726914532279422 0.8694139153688278 -3.000592536343047 -0.5415396910384849 -1.1585700635116072 -1.034581135311595 -0.24598501842845255 2.9593081729279107 -0.15447540084022426 -1.4006384105610228 1
2.171521151477017 1.0312643454408497 -0.9116881677951582 0.7253309279535065 -0.17093906992092733 0.87117988110749 -0.11791127925894307 2.9110653170456784 -2.239405354249567 -2.767979564480542 2
-1.6775355551123374 0.04899724608693434 0.6865955325772187 2.138930917735553 1.6831330541804796 -3.504418168747198 0.628197061269496 -1.3033440741353992 -0.36367474428207036 0.1717160259253414 0
-1.144942149991099 0.36626201271828607 -3.8628199494540305 -3.2318407197349814 -1.3168807273557905 -0.8256349864079162 0.3502032480221191 3.3076731920547036 1.9935064828265214 1.3825844771170472 1
-2.2047089402613227 -1.4780113944898736 0.9333669254255114 -0.148243593659832 2.677684262030949 -0.06486258296314518 2.7725468716682395 0.43656832518735034 -0.443357223494911 3.045624771998172 0
1.411008999554429 1.569274209430295 2.605599678256477 2.3770912875328642 1.6724615041585937 -0.5113141540134336 -1.2753215538012346 2.5016493036174827 -4.024067007310762 -4.794437175087559 2
0.9629547994861296 -0.18050188937859024 0.6704928673065924 -0.42031854311028377 1.8606932112938082 0.3734979930137824 -1.2529060358435644 -2.1785583756129117 2.1383208213208595 -1.0465091621977183 2
0.837738953334439 -0.6131994449609024 -2.685137541220012 0.16865059258471266 -0.46322811349063586 0.574003933968418 1.8858562255163238 -0.2794316173243572 0.6845824478617817 1.6253824357222937 1
-1.2544148785313847 -1.4064585106586207 -0.8485445386817182 1.4446125472148703 2.900902309684484 -2.4125691451493045 1.8826754574434137 -0.3894224970606197 0.3412307650703965 0.9894505660258727 0
1.0325078007135282 0.8571344081471194 3.9855210698231804 0.576767230657186 2.601037129821724 2.2518836013427537 0.02305712629752177 -1.714593968149821 -1.1223713421642625 -0.6733729448122616 3
0.29357654333189764 -1.7694052539485994 0.48682928291271554 4.058457497818919 1.6879533387819614 -0.7154189750819182 2.7683745809569174 -3.817965268730352 -1.011191016437805 1.7077123966603256 3
-0.11872951965109324 -0.21932769566426358 0.9092934355363781 0.5874672994065722 -0.1038049612993861 -0.7260637213924207 -1.4490975431124677 1.2275856042230993 -1.1453214662915445 -2.130483766805287 1
-0.741642191855048 0.9904941769787665 2.2838472073168243 2.352006055427943 2.4177037077523726 -3.413134079968749 -1.2863998045261775 -0.5633728846199371 -1.1936840529239299 -2.8232075821358453 1
-1.026902112269772 0.23319389088076004 4.066987468921255 0.4406539612326894 0.2620130150780624 0.17733926237103925 -1.606380292035433 -0.1691093118724163 -1.745784316585582 -1.2127674102765542 2
-1.3799965780038428 -1.0694334842512137 -0.18457242974429167 -1.9996458120496414 0.7796761818831728 -0.6561836304991739 -1.2485761983842685 1.0301549898963893 1.8142380248231817 -0.10794657434526042 1
-1.2226947254940304 0.19585089072013528 6.193600679706441 -0.23987311412030085 0.743532810447219 1.0501403713318958 -2.792057225854098 -1.721363796744421 -0.960283286934066 -1.309219616782533 3
2.4394001595541654 0.9469894606170763 3.283609162395685 1.0722769281149875 0.045473527495805466 3.429423219390788 -0.6401083846895437 -1.2658700838535284 -2.1428959630063398 -1.6488669332979886 3
0.4970353258899719 3.5565528372377493 3.5221128902953303 -0.1227782251228056 1.8671299952183391 0.5357508003820418 -0.32192985261838847 -2.1347349153561264 -0.26659431793075716 -0.39760508433198716 3
0.39028739028173554 2.6798999747059256 1.2608474933638283 -0.5094948042868751 1.924194614772445 0.192988983066271 0.7040290229812984 -1.3162118135240322 0.5250663192309895 0.5086147294538981 3
-0.924072433029274 -0.8392263466199734 3.8136108078406457 -0.39635828360862607 1.180462751457469 0.6543847599598438 -2.1717379714017886 0.9040175741585057 -1.1772649945641183 -1.9602674539710987 2
1.3316261487391543 -4.215509369646 -1.9103350572124458 5.330060159989751 1.9291614651988302 -3.2658115900635236 -0.3770731271476757 -0.7914130003600288 -1.0838537057832913 -3.7868318384634554 0
-0.43318093616060227 1.392730459976968 4.0878366090873675 0.23323542067829667 1.6711206607820586 1.0401092647409356 0.16666213096824334 -2.660816122377769 -0.46194135380144175 0.8862217908097306 3
-1.571960088553275 -1.2269090335940571 -1.2620347566848797 -2.2968040676521193 -0.5433828890983625 1.3254280481260072 1.7101486167393487 3.6021796227971574 -0.4743137870026568 2.4406688537506267 2
-0.9488778386884661 -1.009616362882757 -1.6495030801821269 1.8250938053149641 1.963532134538599 -3.664056649229618 0.7251173980272168 -1.0786045104009228 1.0751629935408928 -0.05593073701967561 0
0.7650017222794228 -2.7474348144111755 -4.286934597958405 1.8335050445887793 -1.7777220387692387 -0.03092506903794623 2.6347086242330535 -0.23639472086423097 -0.03706381591437369 2.0429190699024486 1
2.939950414177905 2.217952467229166 0.40781243471892265 0.48649171080592984 1.6487328609322343 1.5180765095893656 -0.08835083705872104 -0.4713656637035176 -0.39283067292399254 -2.165769320165687 3
-1.3679273807323393 1.006642496824195 1.2471452086012653 -0.7406143176236963 0.22925284694712822 -1.530204880980087 -1.4864129807577076 2.1010206367461786 -0.7389906447517547 -1.5082978640873699 1
0.9181949038577509 -1.1352842569283688 0.18505251760617478 3.0414147142147048 0.19335349849047867 0.46094269623140094 2.0426208612404615 -2.259573281586098 -1.503679549225584 1.0102765772518278 3
2.494553595676864 2.1514224881569772 -2.4221946330995663 0.24814584366745468 -0.8716689218019402 1.060708535791783 1.2111008850909593 1.657817042687788 -1.085686574409778 -0.8049524385733715 2
2.218436025070435 -0.9320862231957388 -1.8129046831826825 3.414809879531108 0.7080613098094639 -0.542232466963672 1.2523839291431198 0.34688907618655973 -1.9776347060794564 -1.9370688065613098 3
-0.4185631486321323 -0.4437522567913441 0.31561986381356916 2.4141752321996166 0.3158502736309593 -1.3050097836791017 1.142958487020511 0.9632697322634718 -2.5976507990965367 -0.4439289135243971 0
1.5112474431302205 -0.5986218153189293 1.0193359248025735 1.4986261801463423 2.007068690495541 -0.685256943680495 -2.044052239834823 -1.6561318992396497 0.6189232223337384 -3.3367823037744446 2
-0.23225822967714704 -2.7380869536127013 -2.0192998106529205 1.321622357469962 0.09501770441152668 -0.9216720930059268 0.8169568681766963 1.5264605017764037 -0.6935335436423127 -0.2548333936967006 2
1.3070234420028255 0.05578947999518913 1.1148556370252665 -1.624477134442204 -0.08017670283371414 3.5714857304183907 -0.4726471341581101 3.2563911936146503 -1.7677974173582818 -1.3451044585672316 2
1.1371265870810912 -2.01989050579259 -1.309597016237856 0.5700227113041426 -0.048990743911525025 2.686482610363855 2.631014306235924 -0.2831566274923678 -0.5396454340511931 2.1865462720834166 1
0.18061773877304454 -0.0865692172895205 2.923008210709877 -0.18240543133227693 1.1651136405567615 2.523573296895293 0.5697537552573462 -0.8470614673886809 -0.9876115123945689 0.804920093771325 3
-2.0777364931465243 0.11655206553529229 -1.8814343531652677 -1.826886737327289 -1.442940329203284 -0.4174529385828447 2.122722980202597 -0.9126574688477704 2.016979344555293 4.7183668408754675 0
1.7574090032517287 1.1793559353301557 -0.700919326940983 -0.06877070213861959 0.14608282137580098 -1.4487885770822913 -3.57072258572289 1.672601692378994 0.427155218089015 -5.244695975519911 2
4.150990814180608 4.052022634950976 -2.218055255825018 4.83299440613755 -0.18802010255988555 -2.393450391887085 0.43335713230911743 1.8188788571675367 -4.194134181598702 -5.380554110710089 2
-0.49087374716394194 -0.04989271301296183 2.5624960616605432 -1.5803840570123902 2.4464399788239044 2.5276718074018327 1.0002521634985349 0.9064936417360172 -0.5937885817603177 1.1531668304864358 3
-0.8581168721341945 -0.5134270367851523 2.5022290795075817 -2.7408821875937552 1.888190461523514 0.31007225343395795 -3.4429839486759417 -0.2787501538311623 2.5646301144222923 -1.825008733872829 2
1.1552823784410622 -0.40954213621672875 -5.801280932686608 0.3483418012285193 -1.6586383006762428 -2.0266376479415023 0.5916479110034298 1.2058772369259598 1.554031523070437 -0.3996799012578606 1
2.4117085806122933 -0.5418429901645772 2.0437528243450833 5.187276327759472 -0.21384144116605608 0.8059791895892832 0.9194753879466018 -3.975147707139409 -2.95867163677833 -1.0693904944916963 3
1.3829670971209165 -0.3542097015021519 1.2819346400103533 -1.818114960506633 -0.04868633399819777 2.1801452200576965 -3.031392102683117 0.0059654134852307195 1.3024172914925067 -2.4678027077726283 3
-1.6081760313389686 -4.106592948184112 2.6720232264306816 -3.403886091981917 0.12695104093169063 2.7654342281349393 -3.2733615530477973 1.2979961857813351 1.609871240337311 -0.5751020219677998 3
1.1760304732129279 -1.559814856369949 -1.579550114104698 1.8884351188562758 -1.7107560928782939 -0.7380235181199395 -1.2907418224727016 2.3863944473074223 -1.9724796522706995 -3.2048449228113083 1
0.02543340518375592 -4.6902742721938075 1.3035920725358785 3.4017320486976383 1.6492838094064926 -1.1291387307010252 -1.3822795081275014 -1.121696869960322 -0.9867282531032113 -2.668596632561784 0
-1.2201285349372388 1.1016355960276822 -1.4616314986546386 2.704641147181102 -2.2298169845667566 -4.3679130869083735 0.36811460688844966 -2.5874809839474833 0.07763815012538733 0.8650539371806788 0
-0.14621633298126235 -2.5227433647555753 -1.474584991001106 3.1660400093459895 0.25097077804907375 -2.5870282839715975 0.3442061745479529 -1.175679586952747 -0.31588210810653083 -0.737758523604941 0
-3.1965367440318375 -0.4776941342273975 5.842563200384526 -0.23082624728940915 3.5925055818795375 -0.9920560651488963 -1.0956209915906245 -0.13432717635589064 -1.075790524862739 -0.2621250710624164 1
0.009532448550490624 0.9431590402696027 4.165762750492298 -3.282719346350274 -0.04381089837660923 3.163361237259138 -3.244582702094616 -0.412082341350259 1.0581196210840607 -1.0931663508128673 3
1.0835266296023696 0.8133294846756902 2.386331133798398 -0.6419429897052265 0.9803650869397558 2.3134362468179237 -0.749449866910896 0.1175295915511827 -0.7487868225373404 -1.1415135679516448 3
1.8670246511242174 -2.37875457312715 -5.160804303208822 3.989710121554801 -1.9358153634830542 -1.5454691779797491 2.2560387597979434 0.4743039651247719 -1.4966247025021095 -0.3636161651882296 0
-0.9414232393603069 -1.621490964495532 -0.647416806239643 1.1990521317854377 0.5224352877835654 -1.4844193894903306 0.5355473449598027 2.0942511484746706 -1.4764021340747484 -0.5992214312137434 2
3.5169606747533035 0.9466447101260362 -2.2404682492816805 -0.28479430880906353 2.0099918857929877 2.1741878746532244 1.080061598970469 0.29356599059194366 0.8468596280925831 -1.227877283303328 3
3.281030506817987 1.219066141663025 1.4241630162912027 0.7918498279014884 -1.9691001990251178 4.066838767507489 -0.5848583615882759 1.7357798997492635 -3.5716031219919953 -2.550451451126833 3
0.008641193710542838 -1.0494057322008548 1.1557125107357964 -1.177427895019003 0.9044032073604554 0.4565808263686615 -2.38138214302728 1.1837975754972163 0.5794298273211993 -2.3031372545681394 2
-2.1656646145477367 -1.066604355823957 3.741600554462458 -1.0849077208413955 1.3109351174046542 -1.126950052985443 -3.4109935646080296 -0.12620442459733017 0.7318401202113285 -1.9086222160044526 2
0.011095390111162562 -0.5557324651526717 -6.161466607277998 -0.30257869943422244 -0.9117207623792652 -2.708470913040261 1.4894237003313684 0.6305645351546099 2.6799983590840117 1.3454221867356448 1
2.1699798183312105 1.103521681317781 5.078652553369953 0.20165071448518657 0.9623280287325432 3.280558444364573 -2.6160417468987056 -3.4418359852264846 -0.19517161404631123 -2.337943249620216 3
-1.749942709527872 0.2272907860373583 -3.189916652523082 -6.484525422508879 -0.8576818821471519 3.0608510423806097 2.737661997069158 0.28571279568494323 4.958600298418378 7.049919644240543 0
2.6474480311922495 -1.1370159098468626 -5.231080612938883 5.826456393797054 -1.2131515949240415 -2.00838719831996 4.009030401607577 -1.6708752187526246 -1.9559693529248738 0.5410795520587561 3
-0.8389201073914291 -1.0698164817889986 0.12742614626809262 -1.8396100727209903 0.7831975744331777 1.1006627014907961 0.13498461220319524 2.19800632418338 0.15243894052012907 0.5218595956497569 2
-0.11102687324954874 0.15025352207048737 5.974157091617358 -0.052548536228419415 0.48192951582285004 1.1129567599772157 -4.261164736777103 -1.9231678643934682 -0.5555838386606633 -3.2062894478892687 3
-0.45409456379425495 1.1749027108047598 3.894915302412336 -5.79596576418627 2.4451732407828604 4.02204360944094 -2.2669566416217544 -2.3620776202995786 4.579162287270342 1.4772024605551364 2
-2.9979341111007223 1.2924514616731488 4.511964817808503 0.012827685933750452 4.834271957576762 -3.2152166162589473 -0.9128658703264889 -0.6364930441496139 0.07797953762989529 -0.8082031574082095 1
-1.901122090423339 -1.135068784559413 2.515139369763305 -4.130475528780016 1.625570995090147 1.7743456204367614 -2.3338378227134924 5.707321383147554 -0.5832346413226677 -1.7827830845273682 2
-0.8853793543774926 -2.098372477459103 2.9920059383259416 -0.7812025952724131 0.5267487790784771 0.8367664473872886 -2.7093120009740863 -0.11718924086204174 0.2682546553228269 -1.568764773960327 3
1.8676431149146557 1.303445479518969 2.5650969820798597 -0.35397519238423925 1.0946332025497179 1.7589991588534346 -2.2314952776511072 -0.7561994608077569 -0.06667673393957618 -2.858644633571208 3
-0.03651350488996541 -1.5256064581466422 -5.402990043610765 2.216707467717131 -2.1552263286323727 -3.311210169340494 1.602808868797385 -0.36106821214261087 0.8308134824511978 1.0397675912697562 0
0.2818294152063401 -1.8956861681253176 -5.803388504925029 0.5284254198938441 -0.7046482140368908 -1.7263402321890235 2.228753263362068 0.4193906642323397 1.8588998186459205 1.7404447149918394 1
2.4905709013096002 -0.7376460279588108 -8.7375796002215 1.3897216810263544 -2.3259812453681707 -1.9290063912617872 2.2563662649255267 2.289468457632305 0.8730289138999554 -0.24755530649183002 1
-0.19473881641862723 -2.1965021691555293 -1.0973415883312225 2.183956652983415 0.7600503026158332 -1.854611286610246 0.439661852698471 -1.6158809404035877 0.48967198147761337 -0.06308095136369395 0
-0.7300646992833619 -1.5635764053681633 -1.304781290408447 -0.20841981230021303 1.732716179735966 0.3856270416993641 2.5706546175764107 2.547424331630548 -0.8891781737023544 1.5504613618944911 0
0.9814820146848721 0.13436148483736865 -3.724783757892003 -3.0965832109394453 -2.654578353611555 1.630737600590137 -0.46427982702032844 2.1881575117804823 2.0126502895773632 0.5249482297897281 2
-1.5137683135580704 -0.567903454722237 2.173593688608331 -4.2995037435937284 0.6936601409491203 2.894977716392699 -1.219347953622674 4.737633157018843 -0.48758934422692857 -0.12599819317089092 2
1.2851415202336345 -2.592088106349631 -4.032321486106422 2.4214276277871822 -2.162995257856807 -0.7860806662895656 0.8820360431930978 1.2244278963778017 -1.0520219914968494 -0.7622038856638463 1
1.6267150053988328 -1.8161269022998114 -0.48432106308126305 1.0351600477369034 0.038670452803895694 2.3011360468034603 1.016324631458803 0.7912987573482395 -1.4742417908294192 -0.35286827648299246 3
0.4239899837771255 -1.1165242627404983 -0.5529154516424668 2.4045483039298636 0.7831244183446495 0.003287534296508632 2.5640700015814373 -1.9715400561693228 -0.7431829510633883 1.744015189248735 3
1.261966890353203 -0.7553117713558958 -5.038077417372186 -0.5971424666960214 -0.23153086688163615 -0.7606679680288723 0.7745903560883437 1.5365768360928302 1.8832647388925308 -0.20914340131801745 1
2.7427861996925733 -0.04138590977485812 -4.836242279295515 1.5432377188047472 -3.418847307565447 0.0020913547424050716 0.21320058384718932 5.209817502062375 -3.069279563751698 -3.1870877883052997 2
0.5788424112573605 0.5293796309734035 1.1671238909224708 2.6574645659372162 2.453107651095511 -0.7460154708145925 1.8069497670307115 -2.8829476897017443 -0.6649297883057708 0.5220500456064486 3
-1.75934117594975 -0.05771149474312265 4.570833624378529 1.0766427821206395 3.00902642787216 -1.1949432055434515 -0.7343125463278741 -1.7234391632232935 -0.783675014231513 -0.5338180483743772 1
2.0139858454675936 -0.05917142873063186 -6.457647110791467 -0.8048928285928129 -0.796646297293808 -0.8569430167677317 0.8315822058983866 1.931286901009504 2.240424442628768 -0.521381427277612 1
-4.251025639902355 1.8268416474241471 6.752849870553315 -2.430015275403101 0.3728109698212102 1.0688719711778694 -0.2320840724777169 1.7040133641800495 -2.6321622762376453 2.297606192820644 0
1.5434819423600075 0.21506904144185357 -3.4653435235695302 -0.16908651060643873 0.0889573244288524 -0.6434535321700794 -0.11965317454923652 4.668915285340966 -0.9761997179588084 -2.880804992879848 2
-1.6194825827662238 -1.2297543969735292 3.133155266444667 -1.9483852553597971 1.8468909693201687 -0.5512876240520692 -3.4854831104104926 -2.674928579795471 3.366894560493393 -0.8632305604795569 2
-0.3937221893702356 3.3868447240535406 7.87789204697501 2.5423477521417106 2.0956472482142505 -0.9091980261782204 -2.4265328472821097 -2.6341369179668632 -3.247943295849229 -3.205346785868431 3
0.6094694434341759 -2.3836164490446334 -3.4746237483871503 2.2166631684004927 0.4233497926718838 -1.1467903777430277 2.215217325394873 0.9752951901718343 -0.6638812819795135 0.2856131450965346 0
1.9938827254977287 2.5204008084965484 0.4601974893138564 -1.0678973409803048 -2.4883347748320324 3.124713636113211 -0.14008498089071564 -0.37353029402591 -0.6109129112963758 0.2683970902496484 2
-1.9401745797471657 -2.1676589278394705 0.28785988893462294 -1.3749781046557972 -2.8673653251625115 -0.9318429682674056 -3.216490500519872 0.7734464615752006 1.0423041406182532 -0.7952741252784589 2
1.5385751300590178 -0.011850485850343762 -4.656485725670474 -1.500198492623855 0.7594837102857392 0.6602316208976571 1.916047664243743 1.7197218959879668 1.9098205217894675 0.8844773912178377 1
1.4241164752721502 -0.9684348067724916 -1.1670599069224337 4.288614905963004 0.5459737963023443 -4.025664036186937 -2.2244141726056874 0.5195220347439281 -1.6055430706257212 -5.596720583006022 1
1.8396137247448707 2.5307926216253422 1.1715544051483895 -0.6295534332471713 -0.07789772363259473 2.0315884708505387 -0.4313250947550825 0.10013316292265817 -0.7117340601487804 -1.1126478751194908 2
0.038464525361545765 1.3797926822178528 6.580978489112156 0.7054179318307395 2.9156329677547568 1.9624394075359373 -0.7598870791392935 -2.9296565097283964 -1.4405345629282857 -0.6170799634211518 3
0.6270554530949848 0.6972407384564314 5.411130739012384 -0.574870958045249 0.2396354590159302 3.264921505784429 -2.257430295570784 -0.5865054053427865 -1.7366250148661737 -1.7708883753495477 2
1.6228731374226177 2.237645857464642 1.4507360573950465 3.346750240259304 -0.4331848752974632 -0.6339440955665097 0.0897370744592294 0.7541837644531829 -4.130420489907385 -2.8358459616164904 2
-1.5414628935751287 -0.2117300173146328 3.1525740102130406 0.8616247539100728 1.077916223767887 -0.3343520273189797 -0.012564755001571504 1.769997830973638 -2.9158976929655873 -0.6803654911447169 0
0.38451750927945305 0.5437449701297945 -3.1771760171344017 -2.710280851311978 1.5135517620022512 -0.3018847039862721 0.27404158396262834 0.918207159430378 3.373130374669543 0.5003470180317297 1
-2.3029255489305527 -0.82989303948298 1.2116660785542346 -5.62825048247696 0.5750683473238833 2.8331470707150106 -0.5507898080093625 1.9506807223400304 2.582747580288511 2.776786625809327 2
-2.2747740566162893 -0.7883016272975611 -0.7859445235511235 -2.71699530021055 3.559186793795914 -0.9432957254082236 1.2912183566700919 1.690579918478413 2.2990632934624737 2.0168433945631774 0
-0.9511887859524822 -0.2886399975507814 0.15580369867761384 -0.4409708546309334 1.7911270177705056 -0.5533251501609977 0.8631133706234266 0.03713828618008008 0.6099366916265321 0.9878879054723487 1
-0.692327141581595 -0.34683576784695214 -4.95506295140172 -1.3746458058076474 0.5512442907710202 -1.8370180489099464 2.2879228147541504 0.4143317679717241 3.071205152759833 2.735754633741965 1
0.2725105459302316 1.2887560636597364 3.787417029057022 -1.0459526552960952 -0.3840454769876088 2.2159853001757854 -1.8188148820372314 -1.3944452811402113 -0.273226501346179 -0.5793132789887728 2
1.0378869283664354 1.9959392947644146 0.5554819127791997 1.5421005036075566 0.02082912155630301 -0.13621043416095113 0.9530739208399989 -2.617505557961432 -0.3554764719994411 0.5113854387991459 3
-4.874188361106243 4.5280663786367 -2.5001893657538963 -4.291106580488786 -2.840214327079281 -1.543521796092376 5.3288102210766235 -1.1805162610551818 2.78936231081599 10.426335791944956 0
-2.8136920241975334 0.5998178311378639 5.691889243657922 -0.030648348318996217 0.3264949170451398 0.013380329972523697 -0.9864755346596186 1.082435164638309 -3.0979652703761875 -0.052506903910662275 0
-0.7417837257479545 0.45323904599728004 -0.7636623725132184 -0.04071904468621075 2.4555619781764793 -0.7779401976956635 2.6502146462245832 -1.0651881573715363 1.0448897624709148 2.569033408530831 3
1.0757794178136617 -2.8243614837115976 -1.782510361688032 5.306943787350876 1.5240144668551765 -1.864386577417283 2.5864947434817847 0.3525838097217736 -3.157175639146106 -1.184376380688578 0
0.07685830482723177 -0.841465863976605 -0.1934225266543017 1.2528691793095963 0.15058481173052873 -0.43288577726200406 0.3772158785917423 0.754763104248062 -1.238885262497935 -0.6145280205534702 1
0.36284427671717023 -0.9097211894377989 -1.2529744465734203 -1.3013720565550237 1.412269079943686 1.1887688227157938 1.1455932017813426 -1.4110210240587504 2.479216458641279 1.9164029238123177 2
-1.5045677251533616 -1.832828272615906 -1.082233209280257 -0.6699067957433945 -0.3292169473134986 -0.31683885315971505 1.057830005336514 -1.2256806766008532 1.7379543217253222 2.8458855651453256 0
0.8540497058804353 -2.500874715432401 -1.071076381943081 0.03297217614292698 -0.8227637344153754 0.9542763107024188 -1.0252775950978075 -0.6945452771528975 1.1603266506628551 -0.6075146462616644 0
1.167877085714581 -1.6990794801010893 -1.0249098373251988 1.700381743842318 0.5475449834884456 1.472136342998672 2.434572495642591 -0.4105905124840348 -1.1225048800848207 1.179935049530952 3
0.4756074967590743 -0.23621338459025054 -5.367215849025492 -0.8984253187314855 0.02739188429653705 -2.065880385751482 0.7368835742528186 1.3436688590854928 2.6207238489427995 0.15237825765007593 1
-0.5005712599264922 1.6853929066884934 4.397701774246997 -1.6247514631583664 4.271127973091302 0.6312005413673035 -1.321589071697895 -1.8121023349521233 1.422651141159525 -0.7287192868647001 2
1.087404974085429 3.2280673860140903 -2.276848968217631 -0.2425779650282148 -5.95736728127341 0.22303698842023634 -0.3655041139915982 1.5568453012486043 -1.5956781385044003 -0.04366635160563401 0
-0.9555746605409501 -2.7623855930657584 -2.9389558315914583 2.9459379733501225 -2.7622248916721306 -3.285683230568446 0.14552501862612544 -0.2457723247381387 -0.5920109005458913 0.01049061355294149 1
0.7444182820565051 -1.3511953009926527 -3.4662726130315575 1.1239940953155327 -2.420362343888648 -1.0593478695208847 0.1001998920562267 -0.36308633355781184 0.705040793491265 0.007149627477655007 0
1.783605393937175 0.37785906403595293 -1.313725793013422 0.8249397802602162 -2.584420452674088 0.5867302797007692 -1.0278438564186927 2.071902951729986 -1.8451988997240458 -2.4257069599656758 1
-0.2650043801688482 0.30180501224741674 1.5941774526396744 -2.2306545020036483 -1.0378436105809112 2.3938496034643206 -0.8525843305220802 -0.09840571768257722 0.5803188368258096 0.9397952742782991 1
-0.8945489297828424 0.9390933000018364 2.2823593759490874 -3.8213910822418504 3.4364279457181066 2.723155087329167 0.7421078282044153 1.9255190427436988 0.8299198378757705 1.4403068834167523 2
-0.8354446899886923 -0.8659203933452512 -1.81266260400151 1.1699815394984245 -0.7480555776682416 -1.8502853757113722 1.1621097284988808 -0.9243398824477305 0.4384513927823216 1.4659294931347617 0
-0.1432936552672236 -0.43861798929573026 3.9908565463676418 -2.3579972106767686 3.8731918871046935 0.34075723618685017 -4.712604365925462 0.7082489709203224 1.7754835782596863 -4.556499555612143 2
1.545744263976737 0.3439498065430311 -1.185679619761513 3.038362178315444 -0.6839452528783807 -2.6254620483196054 -1.6942142837939063 1.474426548074485 -2.0733665087721747 -4.587852363067156 1
-0.8852095277958545 2.467413420490404 8.541002145191639 1.4221251932364707 0.831209392099497 0.3995048889911428 -3.1047484558340814 -2.8475881837722214 -2.7851627892333024 -2.4054086334600067 3
-2.6673162480465074 1.359338260491981 -1.972675877775643 -4.20369280963192 -1.5207372299550417 0.8165687497354646 2.9501583971307324 -0.4202346948807665 3.0114471101899865 6.789792648151616 0
-0.34798870332072585 -1.25018463258112 -4.971223543192706 0.7923705721047085 -1.3775987934004141 -4.848354865005339 -1.8092821490389293 1.6056223506565892 1.8604293249747272 -2.546545368568509 1
0.0611489674559218 -0.9783752048001132 -0.851375691284838 0.1658501473203379 -0.1756965236262843 -0.10117493587265769 0.19392925862567578 -1.3427951743733249 1.1609651228857198 0.7560517977676954 0
-0.2949192150652886 -0.6896526015094202 1.5879679325899505 -1.7161227326119504 -1.0511753149482335 2.1222983925983283 -1.452057016543988 1.9336092394269762 -0.7449811570321127 -0.6451645175768399 2
-0.7372631841556957 -1.4936543108426759 -0.9303939132130329 1.5418317605811787 0.7224124405335826 -1.3694310274304584 1.4531224197884385 -0.05728203460173309 -0.508369663221258 0.8386161904613616 0
0.7143124847450715 -0.5421126706241814 -6.306120257412792 0.5850564676253988 -1.8369955217008593 -5.240356030941968 -2.771572368760057 2.5682050046112876 2.172738195799094 -4.2823846575152595 1
-2.0894014526248332 -2.0830535797523075 1.5903360575995111 -1.970231670236045 -0.11708030416060167 0.28504182975363324 -1.83284164047353 1.2852116568839562 0.6935406059307927 0.011269058965050423 2
-0.7326180642341092 2.5666500962504 0.6142476964790895 -0.9545735558789292 2.2669852812956863 -0.3548428036837181 2.028970589722213 -0.7460682221867054 0.6700445469755394 2.193181315330247 1
2.109353095599269 2.1993947612833717 0.1875220517761675 2.2368360330481245 -0.10686251155680604 0.12369029550215538 0.7918941900676058 -2.035820822754287 -1.148546464066546 -0.7371999744355429 3
0.4279092090105927 -1.7573449017775422 0.006192082585385087 2.5240485126721457 0.6551759347084153 -0.4047865099981921 0.6390027042989543 2.153320203858918 -3.0237826451209218 -1.8076762241823334 0
-1.8924135744351087 -0.36650008094416653 4.297150182976822 -2.0931738211413853 -0.9324392127268298 2.2933089067656587 -1.3482395939235077 -1.5951902103788274 0.378294297550406 1.891118545420992 2
0.42297315143489644 1.491478012084135 2.921444047965073 -2.2123411047753394 1.011253248888359 3.3226368555193937 -0.23942905518576207 1.2303742284601755 -0.8460295168241758 0.012715792879609762 3
1.2009710492812888 -1.6191123534023353 -0.09215865409014695 0.7163220442918724 -1.901502614647948 1.0579250838387235 -1.7376071901430605 0.22067429577861808 -0.6357509123615173 -1.9449454008646943 0
2.439082778856526 -1.866720074379572 -2.459773034721724 1.1918179683965713 -1.0115585639165687 0.9988821313933987 -0.5728723704477996 1.8205704531104718 -0.9133538166964017 -2.612139657119605 1
-0.2997104114799818 0.9814773801173956 0.31184158608704177 -2.373613157497376 -2.8358251246648996 3.0355176495028964 0.9705578839022426 -1.3597827417262756 0.9372552545958945 3.7848110177104735 2
2.0612225970099223 0.2089234312201591 -6.204766715763613 -0.791356322101656 -0.9063599770441768 -0.4806687797074226 1.1579992842312274 2.045367265400877 1.8235735564046804 -0.24818210822632963 1
-1.7328544890389521 -0.9851042310827833 4.030671656151015 0.7957153953259393 1.7539076574544752 -0.8024270985190362 -1.5149713145048422 0.8692494547385125 -1.9648157791135938 -1.7642426180170245 1
1.3621731832288446 1.6177635473891598 -5.8962839383875885 -3.3003798559061694 -3.5824320312376576 2.0537252806255086 2.233039883441992 1.6217404081179279 2.3269384253513143 3.391152929342248 2
0.11368443779257009 -2.6452497065788467 5.027751048745244 3.6654237016470166 -0.05232233237176098 -0.21562183889706266 -3.6386922164030038 1.539287956796006 -4.883423399618797 -5.713594611004181 1
-0.6457550419412019 -2.3248663792781725 -4.314671092356018 1.535601475168577 -1.4093232376499603 -1.766166960727391 2.737314316061673 -1.005760095889578 0.9866778584871488 3.0387142738965194 1
0.5025312725917574 1.0648268233209084 3.7695088973973028 -0.5756078712907852 0.6296275455696638 1.6583477246810072 -2.0911255692626476 -0.7167401664428033 -0.5989407466159242 -1.783218377311106 3
-0.4957922200112088 0.3467152164894861 1.5986399575213015 -3.7661350757619485 -1.5106845702323606 2.670354561669386 -2.1365957057738694 -0.07539561083291635 1.9443602473504118 0.7321962001589587 2
-2.9152336863228583 -1.2949385586526527 -2.0345128003791717 0.94135534195641 -1.3124598623866073 -3.101030180567054 2.293061663249778 -2.0246728931232427 1.225304139638328 4.269327100521865 0
2.1492799267540015 2.3191499266030586 3.307071448705094 -1.435937012030298 -1.1601511405038307 4.497620696818074 -1.4550665311310613 0.4356228722505804 -1.68863355242137 -1.444250088286095 3
-0.18923753944228316 0.30343543174940857 -0.004305852204519339 -2.1215159693476333 -1.8220820769710517 1.6516094013629408 -0.6024459113803622 -0.07698069162253329 1.0986087894302035 1.2256599239543022 2
-4.965488071597277 -3.8781659734375293 4.011536524058664 -3.7680546713072105 -2.1795414380377025 -1.1858832985414636 -6.633090725383633 5.085643607960431 -0.1555190565423623 -3.1628313714142937 2
-4.152552021827505 1.1135292490008042 4.306283320208431 -3.800659496519144 -0.6390929418741924 1.1837341332134077 -0.22350652380210545 1.2133890939058003 -0.26514165751721575 3.4815123789188203 0
-1.3721218310194618 -0.6448532952826953 -0.9016169481178263 -3.1231173096216547 -0.47551238876410085 1.4905865777767588 1.1331551366688555 -1.9197547903729932 3.494742589306496 4.436197982779197 0
-1.1270958986619948 -1.014294748365451 -1.399864893407662 -0.9662908162351438 3.146107239211529 -0.7716014245766203 1.9517598506786498 2.2022533126677803 0.6142663163225865 1.1327947186840934 0
-3.18768763237256 0.7596397420164138 3.5146580217133128 1.6422625666077062 -0.9345926676512875 -1.442198847554995 1.6043384259967417 -2.048018337841698 -2.2336269134030644 3.293608685032723 0
0.8396143062323485 0.36378120726020335 -0.7668189262474204 1.4602504473690936 -1.4753670919789008 -1.7628584993658365 -2.0915264498309916 2.2612177660564763 -1.7608408210539483 -3.858581881192846 1
1.9690330103847433 -0.02762795466702106 1.159761529558356 -0.5656403368372337 1.1058220269303303 1.8701226672581046 -1.9075337298849049 -0.746616038254905 0.8430020862401306 -2.3809361010676597 3
-1.3932194639745776 1.2195234621907578 -1.415483398492099 -3.535209826114021 -0.966721390867928 1.9031090383898235 2.4822461899632913 3.1470362650407426 0.11240717763871788 3.830687131861486 1
-2.778604210219407 -1.6634651080095346 -1.2485624678326428 1.9022512908186842 0.17471458246800387 -3.605016810762353 2.2305478422042464 -2.711451759477909 1.051851062902278 3.5281032451881864 0
-0.05110038604485756 -2.637927338606347 -1.674778367604128 1.708979053695135 -0.4154147386176352 -1.236583448446336 0.08772189291333443 -0.2680769503703072 0.053118192192722846 -0.3783334574496927 0
-1.1124456178093238 2.2876093087969247 3.552816314733584 -0.43402084329132584 1.8805663217814157 -0.017472725273099954 0.37481095666290165 -3.3520452055799166 0.8001697751034111 1.815045427963413 3
0.9839824743833155 0.14057212114563677 -5.992415296439795 -1.5583126306299577 0.009944890205511259 -1.540675818108081 0.7771202841360112 1.533296174703175 3.167325412486947 0.1892187837938588 1
2.340961863254674 0.10851082104663157 -0.6340661142277683 -0.3722149410904933 2.203664582534654 2.106872592595937 0.6197027683374217 0.12686094229688405 0.5510486146853131 -0.9286510380527546 3
-1.189704799094459 -1.1379363707207044 2.857932153953617 0.022672830422801507 0.8814207707201518 0.37915593551434834 -0.9251943569482225 0.5430798777642193 -1.1521939745887986 -0.6083459418222698 1
0.6701157030518452 -1.3070133837946867 -5.1756013295834595 0.7869102693017498 -1.1048065018602595 -2.440778051320822 0.2784737690402217 1.6040996473635565 1.0801793898573835 -0.9384034784076298 1
0.35550625366952704 0.15003042309357828 -1.8731597470125083 0.6305735238961815 -2.24576561504933 -0.584808593619554 0.24147830902197986 0.057347346192741844 -0.20309740253401243 0.2723770360462779 0
1.849493973251055 0.40496136764097634 -0.5688014447978467 1.872790413944049 -0.7789426088365097 1.2259068491628922 1.3687472828009077 0.3099993788449973 -2.222606211175818 -0.40755223615411024 3
0.49595920759931844 0.1895729447836999 4.254443227543676 -0.6913715161185185 -1.1470917984826827 3.475582141418058 -1.8184414004820413 0.5349126896085357 -2.2283174790738776 -1.245680281497155 2
1.9071370555545668 -1.715507392221247 -3.6168364816596643 2.567212468732431 -2.9846020799900526 -1.757903198020804 -1.7049227921207963 1.7564672883142816 -1.1696815419212903 -3.771895380085337 1
2.0083514422092064 -1.1580354954240093 -1.444724211740768 4.597349635313792 -0.6982391456231931 -2.8543365338748536 -1.68076556674706 0.8509024881787901 -2.5563770540811337 -5.2006843669260805 1
0.4377045134020413 5.58384088610522 4.4888181853406275 -3.1912009092847344 1.915986988751845 1.8537415152255208 -1.6975523403078694 -0.6417724970501186 0.6501365401508017 -0.8695945546161922 3
1.8552222320686576 0.9232386073471013 -0.8534465717379216 0.5641405039017222 1.568432915798807 0.7750580132068936 1.0939570403222594 0.3432541518256027 -0.39536848650591483 -0.7894814402796534 3
1.5965577146776604 -2.5314858847671546 -2.5505263278288495 1.9420734864532514 -1.799941702654663 1.504716461632619 1.806043616183362 0.08896757696581226 -1.2214202783003367 0.7649611148599862 1
1.353867083761984 -0.18437787185351406 -4.924724079595869 -0.01803597121891821 -1.1019017572284804 -1.293178989989534 0.37391432612035536 1.3361991769399737 1.3922443680910144 -0.6925325513505798 1
-1.0966728634639855 -1.8591400247404062 -2.079346398455796 0.8264573062498802 0.19703995185870093 -1.6982865985296018 1.4829311287702347 -0.6809501165394458 0.9517113026321076 1.8098105544983194 0
-2.7215992998040903 -0.07167083132244823 3.5872310070505 -5.88438819593413 1.9232565272790103 2.5578084613852035 -2.1040948810193942 4.828650429891341 0.5718739431628654 -0.021879681210724273 2
-1.1082247350675736 -1.044133592308526 -0.8546468696206457 0.417940357001369 0.904597073061831 -0.09562885737904459 2.7717175375185117 1.5659592012053918 -1.245717391250883 2.18242195428518 0
0.3830757980540711 0.6360134480448929 -1.280301691072872 1.0749947522319976 1.7539985090854235 -0.6828298554653074 2.5255421780559653 -0.7751179675637608 0.045048619696887116 1.390336544878654 3
-1.3251146600021924 1.2887611555260623 -1.4203720687427699 -2.600822910243866 -0.28812171126698227 -1.4960419305706523 -0.9065504333656415 2.098786918941723 1.6682180795918642 0.04949045957636794 1
-0.32247410923727005 3.127605413109026 1.9374882440960142 -2.1816274770319257 1.8527435912641046 0.8611036311112082 0.32689088677275957 -0.36808279145676015 0.8423222674912938 0.9829217206101725 3
1.578595342177331 0.6511206782981139 0.7366676974657439 1.6963883804215283 1.0599521668805005 1.0569541443965211 1.1730429782489609 -0.3570679379291317 -1.7734266237477718 -0.6387102470906766 3
0.4091352384182717 2.1626869259025545 2.05461972876397 3.1994091381136585 1.1568275665438954 -1.7345524738303726 1.0207771537986823 -5.46853613370338 -0.09121686515004834 0.8034533710404396 3
-1.0362353191896867 -2.62356922872255 5.213368377448066 1.8279221274150734 2.334094076511458 1.0924572394152854 -0.8239131730209114 0.424641286521648 -3.1957805084916617 -1.6305817305495502 1
-1.152390231394847 -1.5019359270510386 -2.197744071810057 -1.7877059865633689 0.3338079230053552 0.10957402157763663 1.6206622072081993 -2.0175261320209215 3.5452022809329486 3.8969751488460327 0
2.4422623161538617 -1.3482438722818224 -5.15038372125722 1.849393114034718 -2.337668840183206 -0.20995774069002404 1.0743399995063625 1.5300317091062516 -0.6189049585974424 -1.0365917371980657 1
1.4467274793409295 -0.2751520710690504 -2.3869131401254577 -1.37621893885021 0.6792737934887985 1.543637686029745 0.836367768762289 1.1004582771010207 1.2709759962734948 0.23172239800451358 1
-3.143984090663127 0.3418187914022037 7.281614517112252 -0.9730831815309899 0.5742830106358991 2.017099850407027 -0.567494720685952 2.4666181275483927 -4.3196583071993455 0.5383809848617568 0
0.8610931806550421 -1.5503459417345105 -5.037448607219796 0.1336534402655548 -0.42155079905230375 -0.5245444098345782 2.0169203312166424 1.220793184024749 1.1898951071864796 1.0988186981519443 1
3.2270248784466498 3.5158925877558387 -2.3419373424871353 1.7337162628667644 -2.9963551470331087 -0.44697757607619626 -0.5788442776483019 0.421702203793478 -1.5277733267018885 -2.7604870071057146 2
0.043633499853374946 0.14664434038145102 3.0940775822172597 0.5913998820088652 0.2764430770253711 0.4996128339940715 -1.7195141824505824 -0.5463350979969056 -1.1743513072236826 -1.7594883071904093 3
-1.8789497953949146 -0.48885371919572185 -2.3396172361785212 3.2061940651808025 0.8318885600077301 -4.791379713928919 2.8816213841522753 -1.7859899410472537 0.0032175728137534554 2.2625673192288303 0
-0.8363014606872856 -2.761780288823076 -2.449899691065769 1.4025063329240894 -0.7764705062094752 -1.428570045406861 1.2624200003129054 0.46527943658778603 -0.14927681619251243 1.082673499276691 2
1.5816548809243052 1.1810719604157975 1.6569260234152465 -3.2918111316712233 -0.26270258951071457 4.11105614862509 -1.8746753836976442 1.2472760351111378 0.6194142031794578 -1.1681925475988741 2
1.4062977633170641 2.6098900294513476 1.2751906712740675 0.47332903164583057 1.6536350059818885 0.37433026823512316 0.2060071557544636 -1.0806333743973686 -0.3588372826909618 -0.9706326212614554 3
2.129018636655891 1.078224225607797 -4.385620729335911 -0.22577317857576704 -0.709088532370689 -0.06755414249413283 0.8962111208849053 4.070390740408046 -0.8118381252916775 -1.7435574239272986 2
1.0995666334082983 1.322208685137142 5.5115429853129365 -0.8189150912064874 2.0137731955847187 3.905309122390279 -1.1307823704941997 -0.44306828353887373 -1.7193622652021656 -1.3776606564167448 3
-2.4088352826248194 0.18037996296787728 -1.3798635033448294 -3.8732877028573705 -0.6266601414367887 1.0701113797483668 2.354599534666221 -1.4018922281756936 3.584354401922625 6.2153363544564195 0
0.9879380583259727 -0.015972948395144737 0.7755817898020229 2.232388714719381 0.40628734547331524 -0.4697270776299438 -0.3629427179650371 0.7901231203947021 -2.3367862740564096 -2.429470756996431 1
1.2944692221095533 1.5849610080848437 2.530164838997081 -0.4173564130808437 1.7646337081846224 0.7262789101357736 -2.4299778532166574 1.6704648863164104 -1.1459997746782153 -4.035843337455474 2
-3.2555734300736416 1.4546964071108412 4.568686887843478 -2.384131354880599 3.4570459107244393 0.39789445989246164 1.0338821900354742 0.9862284665521381 -0.5663664888023308 2.3695746416891614 1
-1.3459580982356811 1.611548006711998 -2.956218043686052 0.04128577415431217 -3.442161559974473 -1.975391958183407 1.9655814391531718 -0.0018551690132554421 0.078126135213615 3.182115510610444 0
-1.879105928408491 -1.8942315185797511 1.1707233318651045 -3.5969784360572845 0.024114560939074492 1.732904999034729 -1.4025728903855161 1.6047357038347132 1.6312890767352506 1.0476790360068808 2
-0.005072032318288677 -2.250272001315648 -3.194662137512363 -0.15138715174285344 1.1226655282289015 -1.3206849634418218 0.29195522983000954 1.4351532911556553 1.4891149955143779 -0.48215752511628335 0
-1.9537751941392405 -0.7729800536560405 0.715489949389324 -1.3981781743589605 4.284231184110631 -0.743107244075903 1.3462500541711835 2.19826321674966 0.36487045639791216 0.8637059268171121 0
1.0003866121802865 -0.016462842814738643 3.1271570150539665 -0.49622693691551933 -0.4517784838770377 1.933275509218066 -3.2463136751294766 1.1564186949148978 -1.3834619841233755 -3.5358760896665746 2
1.1115615421333036 2.176925664742438 -5.502395956003851 -4.1208028810709 1.8787889397677229 -0.5044611068482099 0.8319021106523556 2.6546339933294485 4.272816333553637 0.3524010171598002 1
-1.7168075270195164 -2.37897619225652 0.8600719186098339 -0.3283203162664785 1.27184772132959 -1.024349791150884 -1.0445789309170015 1.3265947307399442 0.126250565196234 -0.7331250064460247 1
-2.2829297613637642 -1.1207513998149592 0.5492466159986749 3.2132338625463417 -0.4583426123635994 -3.5723802115017786 1.0337308929746543 -1.9093721211624601 -1.2569752307927362 1.2937132497865393 0
0.4330148928174461 -2.3307950959655512 -2.440255501333395 1.633888782746501 -1.2169026485691168 -0.3514765153164633 1.0702687548471934 -0.1357235710887601 -0.26300976348881444 0.5628531619661173 1
-0.4446785513247864 -0.7578726931387931 -1.0075470189085665 -2.2101463285805276 -0.8698175977948879 1.2396347356015252 -0.21341602592802766 2.282761720980404 0.5367026436122702 0.5776645289559774 2
0.08205290335180782 -1.627707975159847 0.6062739563855276 0.38786201036595025 1.7615644105301078 -0.5123913381052798 -1.4505384628759828 2.096870206046012 -0.7474263186331391 -2.877888146429404 2
0.7911034524162268 -1.7424700447681527 -8.063708501357306 2.4454692472402835 -2.7423985867982386 -3.8642240245355275 2.027970066873392 0.7519587900469943 1.0864950469026036 0.5699661933189402 1
1.0011882108671237 2.1700367325522865 2.762541191374395 4.732157464644939 1.213765989099092 -2.957495284890105 -0.8823748010037795 -2.454953588460552 -2.7778653758624197 -3.44221098899225 3
1.7052900122596117 3.076640273341217 2.2576446317157135 -0.5649834804752216 -1.0669573791824416 4.00692710687411 1.4964240784082645 -1.2232259445454057 -1.6340536801723158 1.7178165230135 2
1.4974846852754058 -1.1561645433765244 -5.4618035684411925 0.6551434666356563 -0.9228989417194131 -1.5054783195711714 0.5566895523316389 2.134227972968336 0.7875893570575383 -1.2382024322096907 1
-2.7338518321999317 -0.15211921128767136 3.983270374533633 -8.068571177128097 0.31352927380345985 5.039056730633773 -2.190151381472783 1.2254690518116202 3.545733358414898 3.1521791952946154 2
3.212964299427658 3.859004967631638 4.814040299486318 3.129641330225273 1.0643729416512042 1.2605909224393481 -1.7329025722018527 -0.10697010933160533 -4.692586234098607 -5.312614091244384 2
-0.7812809979298132 2.4727356980746755 7.30897812315083 -1.5688937259833566 3.8781656248535663 2.286373224043546 -1.1893859850917745 -2.2207752277922665 -0.2758249626692426 -0.12060553460210947 3
0.5698893718595692 -0.1778432159122716 -2.18219903954396 1.6859444805325234 1.939597656961683 -0.8857830313282069 3.1406194409428316 -0.6099537063582834 -0.08129342093261993 1.5117181445248697 3
-2.2751126989688055 1.0010631946595547 7.088051488301465 0.018719706713493434 0.7076525188203888 -0.37549153482466324 -3.159960908582113 -2.119475106267325 -1.1263950995259646 -1.264147658863635 3
-1.9363200759536112 0.2942486953401502 -1.9044830233710839 -2.3882244669822774 0.3135866129067537 -2.1384920756688164 -0.4095010497711431 2.109312109644268 1.9885555772938823 0.5910736613147806 1
-4.093020412678502 0.06776923576263028 5.763804228812073 -0.14281902560019255 2.2104696011612686 -0.15923120710116034 1.4742367861829164 -0.5515924768947369 -2.1054911049336607 3.1892502903811724 0
2.316159024065671 -0.8673417301000546 -3.159481635581858 1.1310346845309087 -0.6935044251148816 2.005386628996649 2.4764971934630875 4.090698299316032 -2.978882646546052 -0.6517324188295833 3
-3.6821280576700453 1.6617124746907894 8.76154155440053 -1.078431308162829 4.942318993722743 -0.6931230073225102 -1.6534635620181883 -1.7782615781696895 -0.6254714038049559 0.02192584679718532 1
0.7826156500616483 -0.09070777508056527 -6.894100116804294 -0.8964712982914627 -0.21295926584605074 -2.4952285594158123 1.2172016800512402 1.6670075589942264 3.0083303021417978 0.32782206892855736 1
-0.7188792167037154 -4.167397405661992 -0.18954590270435617 0.8866348381434573 0.8368198077222297 -0.309958483073991 -0.3303025741494874 -2.0135394864487397 1.562066081755444 0.5696840063969449 0
-1.2313718524187869 -0.054085249133693836 3.9349868355905446 -2.8708520844358474 0.5177991623960512 3.4752020972133675 -0.40474956411734153 -0.050982408004831115 0.08619557014152068 1.8567737478230038 2
0.2572533388279723 -0.554580965045431 2.1965681495339435 -1.8070270915246547 0.7497141518317474 2.3814790589507 -1.598966344662316 0.6535541855150775 0.2703842280378663 -0.9841797674878092 3
0.43002239741334336 -0.44048639415956947 -3.9553755801441337 -1.0137263540432904 0.1940082641627734 -1.1100454997632838 0.5032257625689965 0.7959632395556806 2.3516757014031544 0.29830986032007906 1
-0.8083731650452376 -2.796378573165205 -0.6696187149039567 0.7977031696433019 -0.13946810856575098 -1.1547140075029123 -0.9066112342627767 2.5806234127447 -1.1297491437499958 -1.7268570530496312 2
4.721761673773006 4.219979005142482 -2.2637262218594842 6.110042755408677 1.8238553116715581 -1.1191618330472273 4.385289193939666 -1.6269866658616101 -3.819570109177772 -1.5695059012193149 3
-1.6545201691684128 -0.9629364251173622 1.85862815373495 -1.384991352359625 0.6826260653326492 0.8067885584024694 -0.20120123132220225 1.6946337235199 -0.620725961236287 0.6062405472907377 1
2.1042184527149264 0.15917586572283948 1.540599484917648 1.7061991959887468 1.879064044827769 1.2709794296805228 -0.07981451589601607 -1.4870690415927317 -0.8864718371353292 -1.8011180136374834 3
1.6144277795387887 0.16048025567372026 -2.0326027988077775 1.670173024125762 1.979259710554755 -1.106174644259601 0.628198855612387 5.807664631504902 -3.445664757963805 -4.142441249756492 2
-2.326290505173117 -2.577793498087803 -0.1889122011577439 -0.03654738382758959 -1.4384653678422485 -0.8931984180425607 0.28502100907293393 -1.5888926680735116 1.1576786794853795 2.703122902918734 2
-2.749806740343511 -0.2732120663378321 2.2158273847805243 -0.47685646324337094 2.024113281507653 -1.0493157623756324 1.0093496821089964 0.08883567032304407 -0.2754801884151643 1.9452282722451375 0
1.2597120604839032 -0.04758424960754315 1.2063764246510529 1.5578412302380416 0.30834265859100274 0.301652848442575 -0.8949601215739147 -1.232108907876787 -0.7634431971034509 -1.8038312220745505 0
0.29798196343925476 -2.599886260469493 -5.849926708198118 3.2055168863828194 -3.02067694369728 -2.9117613317970603 1.9582391860808581 0.7902553332452953 -0.6870428140020315 0.6147412332573106 1
-2.4554604979050247 -0.45504969908570214 1.9925691567127277 -4.873650712890931 -0.9441358900228523 2.857803802037348 -0.8260276145298708 2.7082640747956486 0.7745366291022416 2.3047462448476557 2
-2.3565358769742337 1.8654116990325642 -1.8756905741788525 1.241007259785969 -1.7216858040050762 -3.5566977028590285 2.8529458350545163 -1.2137222876842984 -0.198303985037388 3.8221295064226353 0
-1.7959278088758461 -0.6672472982142761 0.04658433765172195 2.262215448299179 0.6836986513782368 -2.753178220690863 1.7449299302377141 -1.8325523708685831 -0.411083127977795 1.8647280199981717 0
0.9568196179532089 -1.7861473633464953 -4.354705271505836 2.5063801787576208 -2.8249996838813725 -1.5515347012841048 1.0764225277708452 0.2694812687179463 -0.5770739416464219 -0.007567209830696301 1
3.016413833833804 0.9153403445691042 -3.21000499183709 3.920259252404808 0.19925302187979765 -0.9877162567845972 2.554242102456583 -1.0160817889952156 -1.5206773057632943 -0.8554045807374274 3
2.401224310316135 0.4397338284086081 -1.7975465191569262 1.8232761297626303 4.3797811852290724 -0.3994313580568325 2.41623114242512 -2.282708737270512 1.32017572097308 -0.18743852407693287 2
2.833635580897698 2.170643673528578 -0.4096234751854688 2.422717551560868 0.1858016002643743 -1.4402582833289994 -2.0616099469663665 2.809943916188354 -2.9106631575988438 -6.15510477847159 2
0.9700182401068037 -2.035208879397073 -5.777291156246897 3.3346911603181613 -3.988580804651453 -2.517329451595983 1.4669342670185084 -0.6094432595194932 -0.2146727782822646 0.5758263360248916 1
2.829008749351053 -1.9060479163779558 -2.0687958179667043 0.5357903884604204 -0.93917631895398 1.3971134353522752 -1.676330425301574 -0.35354844365103966 1.0187303700463133 -2.6175716895051946 0
-3.090381146302837 -1.372164293849091 3.1869697530598624 -4.220922040322226 0.218337511943263 1.4198171272596591 -2.640554802638163 5.911778979194086 -1.147081224649893 -1.1167981703956331 2
-1.5101557621890027 -3.2831985880161803 2.776822547002124 2.1862912647579833 2.5891325446712816 -1.716472654799361 -1.2443424233534954 -0.5755463960397205 -0.9597389873720963 -1.8146938698989432 1
-3.1014932228344887 -3.231208231726012 7.0261702921507965 1.2752753122350085 2.9956170270211224 0.594619566389003 -0.7535618927946818 -0.0259620123328288 -3.0292436485334395 -0.21097867608908052 1
0.3225797862549452 1.8367655864181098 3.282313545275235 0.9970507532115211 -1.7157874735470005 -0.33712781431842687 -2.896705823435143 -1.667845332195851 -1.174487365106264 -2.4227396906845833 2
2.867964309029546 1.072167592972062 0.42043989571781815 0.3829660294423638 4.318932291303071 0.6851812738199694 -0.5357196704273672 -2.183897101557735 1.8447501913296596 -2.510659364791657 2
1.6916464865917271 2.630257274725432 0.5001672892074209 -0.14335637862171216 0.30491440708266127 1.3141364073705035 0.3849209230160098 -0.015342558731085143 -0.7174549606947067 -0.6312163184534617 3
1.2613837709731195 -0.40180853734765076 -4.027562294362693 0.3115598418193355 -0.9580543488126423 -0.16639758053692988 1.523588509141738 0.9621791690547881 0.5070842374125877 0.525556312499389 1
-1.3141240612652882 -0.7380832645974604 3.5626704208329922 1.1794904207007766 2.8166058536033134 -1.7876252929150045 -1.8835530921372658 0.48209361029758546 -1.3016159670889542 -2.766502356037163 1
-0.5386269144557985 -3.2473512130316897 -1.231074129970031 -2.157429699149306 3.232276788807607 1.7272909211515093 1.2421585791653302 4.257293414328858 0.29741243921839344 0.28021183266554767 0
0.7276007969853107 -2.1945394312126605 -2.702742674962979 2.2127717839405445 -1.717255509406587 0.6448557781328241 2.8750086270824946 -0.8352616271732438 -0.9568526700436699 2.3524549925039415 1
-0.43166244635369844 1.8531123635116233 -0.09153062733579953 -1.7486385924488976 -2.175376579211891 0.9882544565550908 0.4060750051280696 -1.3259572332146088 1.1597628817120018 2.5491511476601763 0
1.4368721698739497 1.8290561217226493 1.0288246480950782 -0.9992938452907699 -1.1176871937646586 2.930481008485838 0.1758587610268827 0.24984228466160574 -0.9292888616304199 0.22534211886553393 2
3.183040754163942 -1.0248151732294972 -4.736479713639049 1.1500880184215365 -1.7516130626342616 0.6088765427786933 0.22105329560302678 2.1625895175256846 -0.45879332103384574 -2.270561310383297 1
-0.7425147662624456 -0.32962739317448964 1.4638814328794063 0.6026853647031951 1.055970184358315 -1.3698836041248148 -1.363048078649062 1.1819004125100463 -0.9966138566732269 -2.086200774615292 1
-2.6901551491219475 -1.503701307844398 1.9112671007223032 -3.4442849660011965 -0.07964486223414435 0.7920925261355517 -1.9865557425233251 3.8846795242885817 -0.022669685907767745 -0.20139080781089158 2
-1.345105639989061 1.0753624455870026 -3.645638888040548 -1.6766217548842277 -2.160327942282825 -0.9193261562751288 2.520799460741312 -0.321495563943219 2.0359641737771836 4.465832108522207 0
-1.2711412367362416 -1.39570682870196 -0.9238098143122174 -1.0674865688002175 -0.628048244848352 0.7745840304712934 1.4720817134741657 2.076497790231292 -0.5012557230549384 2.0824080794170468 1
2.595997431728816 2.614664724521009 1.0566713817059816 -1.6701843298729842 -1.7269307168323205 3.694770671637471 -1.2516629988227381 0.02309287966087148 -0.28116134794110503 -1.1395775679742122 2
-3.81131119350963 1.9446887415325103 5.918184355072543 -0.9910166656245577 -1.0462005079260908 -0.7523216503124894 -1.4871187488033102 -0.28125456829797457 -1.8770555798938222 1.2201877208760805 0
0.5933517393103713 -1.6647855666290796 -1.5834258101544483 0.4020694163397607 1.3565736213213708 -0.003445401190118047 0.430399191105333 3.9843069504460624 -1.572518664570158 -1.9873524970370984 0
0.08931561142512179 1.3071573659609124 0.9830997797227704 -0.20188798711289274 1.4943832427691561 0.6080256607575083 1.2332633529851154 -0.925588026935364 0.03817136066886495 1.1334911707067725 3
1.8393348641312177 -0.023612185843250533 3.3840775237609684 -2.7010484008410653 3.235190824486199 2.692610529529932 -4.378521716337674 -0.12540168137848773 2.1507044962979998 -4.396356718814816 2
3.794277506911481 2.5626797369057317 -0.3742997718266127 2.5783995595328744 -1.2150708848618805 1.252188738723241 0.21213464282951988 -1.3027925121722799 -1.97066803573923 -2.253371758123618 3
-2.002058987554438 -0.07921582571993058 -1.6714788566293857 -2.2016613741603877 -0.7980101366494847 -0.046610021277374014 2.105525880124881 -1.4335197159456965 2.6701462895358388 4.933777319260379 0
0.5045865452045775 -1.0670791761212992 -3.597441180721031 4.551894730869921 -0.13444892502097971 -3.6672806358058443 2.4829058032290288 -0.9733305754147819 -1.2107858630682542 0.07557953615691453 0
-0.21292306064326882 -0.08692763113058821 -5.066275112217348 -1.0395657719142248 -0.08891977739494905 -2.6911974889896655 0.583406576872601 0.7697893750374953 3.039401571935786 0.6336858642878614 1
-3.3843358268132837 0.2691676074553637 0.8896247733522746 -3.684158269355743 2.299610354375636 1.1379910941846454 3.3168772056454268 0.7526244637208719 1.4864855317343713 5.82943533125421 1
-0.411148451409979 -1.66935125740715 2.3534407576229888 -0.7704825128598825 1.0250659117546108 -0.2817399695664897 -3.966170290316627 1.5300316090631285 0.13581816034728633 -3.9797018784292804 2
1.5115245995035753 1.2712129095304046 3.567521143113309 1.3030974447160752 1.7956162514002239 1.1794049291935798 -1.148133667494096 -1.6537266242116835 -1.3033912843049433 -2.324339086415224 3
-1.2413793208425523 0.32209774485031795 2.3249020985570836 -1.6064900383955658 -1.6517660650439066 0.7905708679484266 -1.815375673930447 -1.0721337947655583 0.70862165541141 0.655630629127372 2
0.5005759951660895 -2.6096800659823485 -1.9237102938126598 -0.4229008393344678 0.5551343816693297 1.9367030550014923 1.6254745099298304 4.375741474612723 -1.723883402951364 -0.08005557588001694 0
1.995791623549669 3.0648136053143444 3.832152560446347 2.626422937884609 1.7677265964630315 -0.35320878622628626 -1.544598850114499 -2.4443881488462935 -1.8712742363715502 -3.5586911452051218 3
0.47072701458974087 0.380167112465417 1.9626007891465822 0.025165072318196906 0.3689544007415627 1.0455009912712099 -0.923710883206671 0.03935144743344732 -0.8639432373202565 -1.1897378605410471 3
0.28957622762255486 -0.16714184308743074 -1.5625972429710873 0.20358045385908421 0.20114376773564413 -1.1001253748400366 -0.19126251082564116 0.69425042275601 0.4634013636836556 -0.8635427857493703 1
1.5322016472891362 1.7349861895930023 5.600445538724448 0.8349463252600388 2.147826187123366 2.768646440251699 -1.1018205010907764 -2.197846298382794 -1.8166752837932654 -1.8283214627629107 3
0.22425611861731987 0.21655580184636303 2.3849836148488905 0.8480779570305612 0.31166961149823746 -0.11557420617909053 -1.720881953551563 -1.0264909779940352 -0.6381465619514705 -1.8525581838420857 3
-1.9653283817764144 -1.7422545434630696 -0.6954134080041873 2.138395914915328 -0.5707662054500814 -2.7388777680617435 1.207655218575927 -1.165535678107165 -0.40751797846229976 1.670331358268461 0
1.8711934470982259 2.828291582152585 1.705535207467413 5.897313903474849 1.4831503763056537 -2.987157799763447 0.7840769830639136 -2.512352410781359 -3.618149590738606 -2.991056634911548 3
0.5037071441824008 1.3292873362679296 1.8152149643237694 0.12598430314592554 0.8945303944776009 0.786460999576533 -0.08968576416598717 -0.18562430957200537 -0.9080639594884483 -0.6239897206658962 3
2.95556244399687 1.3319923425131572 1.405827864079476 3.5317384427808713 2.1905990611458384 1.601713946798386 2.2975200038801376 -1.3537264026468299 -3.115041469715341 -1.0897767724680723 3
-1.7242259824716248 -0.2711730924042359 4.988498413226844 -0.3808906951358126 2.108407644693619 1.7087479205243086 0.4245228897198192 -0.158192489141608 -1.801861372546672 1.1445814922955186 1
2.2433938279319054 2.4036941093085264 3.293187061347542 -1.0180150409393496 -0.38172563556602834 4.1185396114680435 -1.254977551724108 1.586598891345898 -2.5271928869733484 -2.245457727787949 3
0.3593939515221549 -1.2618792195882418 -3.3893714825083205 2.734757608101093 -0.1835462932000027 -3.4866655346153737 0.40091582556166183 -0.759197914634659 0.530800239444492 -0.9826033246124367 0
-2.3204655162857404 -1.4384995161871026 1.589693202354904 -3.927982486764144 -0.8347562579496186 1.8918050560559787 -1.3513300977046998 0.6777524294458543 1.9444078048825935 2.0871250374929042 2
0.7022071210408278 -0.22076488124227844 -1.9682875983237829 1.3387624293625597 2.208511568806524 -0.17385591958309576 3.4778826752171375 -1.4231544177067783 0.4603774053822792 2.2655368686739 2
1.9632232843596418 2.2070271138331217 1.6530119647904145 2.262247846131508 1.4449457243761445 -0.05300919458219 -0.06920363364588367 -0.42304162526383093 -2.210177530975192 -2.612429787470356 3
-0.06642868269442337 -1.411676707443206 -1.8840991311743331 2.712908794450869 0.9526928637350494 -1.5951753188555893 2.5696666343103196 0.6576334296889896 -1.6331741595082732 0.5898852314356093 0
-1.414964640515777 0.989447362133987 -2.810560565889118 -0.8651346550386126 -0.8690765360678687 -1.5173917045794236 2.589737660810627 -1.7157584384129485 2.2872499088819396 4.34526351710726 0
1.8147950047791181 -0.7810475144555444 -2.3395464450310612 1.9066808285867987 0.025467117969395048 0.8611213902947527 2.5036557908269566 -0.19827100073250037 -0.965122296206344 0.7290717405490122 3
1.8196897097885127 1.6920036983270896 2.61087945650725 1.056346587201783 1.0044023713758021 1.359072220828208 -0.876288349123343 -0.5612855034085593 -1.6932470689764383 -2.3607984285792925 3
-0.6551612338380453 -0.5211060560386174 2.991677820243548 1.981620252217546 2.1467402927188433 0.1703032889448166 1.506054002267616 -3.1627775495557504 -0.8371771281598548 1.5854688736951033 3
-2.601692349573032 -0.1987239451562237 0.6709558722129462 -5.316910827979161 -1.186615160430954 4.460925451632417 2.473418709734962 5.404344822813508 -1.1664712870175213 4.80010903558571 2
0.170176188902749 1.4202877101955047 4.432595968758753 2.7129322364515103 1.2908276423723424 -0.05592911463267036 -0.20566740523952154 -0.3796821522157593 -3.8137449421856036 -1.9361000957549719 3
0.05223669323227842 -1.659758628422522 -1.875606084797363 -0.08871094876047236 0.06334345839044031 0.9203922847456872 2.0992768403821347 -0.8751111498896653 1.0330996571623048 2.586524176616412 2
1.130267266316595 -1.6362871581069731 -2.460732945832866 5.086516519544959 -1.101105983055955 -3.6561266024686367 -0.16291347002930023 0.02530976753023806 -2.2569107925772047 -3.117584709570905 0
-2.7843473572156636 -0.8254448755963542 1.6609972476089454 -1.7757050151668057 2.897487578061111 -0.4220448796761497 1.0184753593373712 1.1057083217156178 0.5742788470504836 2.0438143971381684 0
-1.0141257222603277 -2.1052580239266137 2.048925216096601 3.954156817102903 3.7318719937603113 -2.248534713119521 1.5530412017836062 -0.8778724201228774 -2.345914877739803 -0.622345425075817 0
2.5196447109646627 2.514461257770292 -3.4160320349742457 1.4855801525018708 -0.8446503498440789 -1.9854304047631746 -0.43851941604727884 2.322351524824027 -1.0913617081594498 -3.5847259781838026 2
0.5174228706440034 -1.3516651942900175 -6.47869773140165 1.8352155935746106 -2.1988247976402193 -3.1200163440177318 1.6681545873671575 0.8390882442083999 0.8160679161648869 0.5145474369991799 1
-1.1089024253592283 -1.4024974157337762 -1.0454953339240534 3.4979012668578657 -0.27166623044451943 -3.497082146093882 1.0425361494340706 -0.5586376088917717 -1.4868098831278287 -0.02956010252432397 0
1.1005607532356032 0.13320582498153077 2.7850086044504403 -0.8961939598206831 1.2779553455860007 3.0695760130510252 -0.632476055652621 -1.3366623333321965 0.17470650422996448 -0.2633792206889486 3
-1.2417833108654213 0.06197820121958186 4.8269480774709725 -0.46191572943971315 -0.3020732377976786 1.9123702313174333 -1.0195965501858684 -0.9316785877532447 -1.4921943492188974 0.5458737683400074 2
-0.5506684498145331 2.101737439084519 6.704161125138778 3.8176390071587525 0.9267039280045142 -1.9146914383265807 -2.2850477091682064 -3.5343312889100678 -3.130409861270257 -2.8902349115019894 3
-0.38896836741884566 -0.7799774070724135 -0.4864746327424798 0.6874156907581845 0.2549643175566694 -2.2214111043293823 -1.678197144830604 0.7644852377229696 0.20781210076391043 -2.252654300133289 1
-0.08151489890530583 -1.1160641926028272 -1.4282033973055992 0.24768009570496718 0.2184389750701552 -0.4692604745873964 0.7114493199501333 -0.9295208650525414 1.1578512899811408 0.9777556375530141 0
1.2145196113653742 -0.9526911517508344 -3.8643921396899734 -1.522116019874142 1.0084651252347103 0.7281420760353812 1.126633531715648 1.7714036091126384 1.9093032487971096 0.3117698382550576 1
-1.3190151612648209 -0.8603363665359807 5.3658250752264385 -0.9384063394721877 -1.098736776991525 1.454746313562585 -3.780601963290903 -1.161693351451694 -0.49393078211913644 -1.4471789872728889 3
-0.09327356320199276 1.2029765007499027 2.3664749930675684 -0.7980656573154966 4.263845055133048 1.0091196675885823 1.210380286847985 0.4730030401507419 -0.3548617049163896 0.1887682203678791 3
0.7709936404244678 0.4703621856431932 1.0960724054838074 3.6243573416753962 1.3011123200319945 -1.0858304208516936 1.6904326325341916 -4.4545984104349206 -0.6180618073026898 0.790051937693801 3
2.259789335772709 1.9554007670823539 3.5890203179580107 -0.02463131499310141 -0.08708147407758571 2.4214044577157856 -2.8986402440816237 0.05749879416291226 -1.6427445440939161 -3.8614883448614177 2
1.2831987276980588 -1.4918937811909745 -0.39889433256496676 0.18959312812330467 0.6380910464337339 0.7950691739892778 -1.2935146040109506 2.82186986759666 -1.1280986110720947 -3.136127346214842 2
-2.5495041626342516 -0.33090504696579726 9.845066936046466 1.6339395739675395 5.733240825961583 0.6340916709001729 -0.41924572387107273 -3.5947839610402665 -2.2308907867622167 0.11757756548703631 1
1.1991246841601437 0.5787852288436148 1.692102905007903 2.473631418803214 0.4067709002744522 -0.7636859008040777 -1.5439790951254793 2.227229224308237 -3.5704301026777343 -4.455925045384422 2
-0.7043727793846011 1.3098551196321662 1.551823889490427 -2.779010972340607 -1.7280929680786967 3.5792425583453573 1.4454334363706547 -1.5279986365877507 0.791325886140688 4.426209246515035 2
2.004785033534275 -0.36100467005673587 -4.894614661297637 -0.1379527133454706 -0.22930421064286366 0.6423282429067565 2.215938215432012 1.6815911076201209 0.6899631576101499 0.5840015712318098 1
0.851557345700344 -0.7085346941955228 -0.22140923356158565 2.643436468613526 2.24201881911982 -0.2127293468652387 2.5113156789914264 -1.5832870121163203 -0.9610707289547114 0.7313122057949996 3
-1.7123998374026321 -0.24143829053219845 1.205744982153713 -1.3685739762315898 1.7896511148828549 0.424598468884837 0.9653030137522147 4.483078647455519 -2.1143931201329402 0.16758926091557902 2
-0.6795818170145317 -0.7816209419174798 1.6894476602263142 2.887688745830894 0.6604640801681871 -1.5816553621951353 0.24169933259680831 0.4084321405232657 -2.859910152600599 -1.2556187777168812 0
-1.578348295835673 -1.6607609644470824 -0.4380813909372446 4.860572031749434 -0.7998137445675099 -4.65608593197941 0.735358710040666 -1.5206150291617302 -2.078701979983743 -0.27761698306852556 0
1.564173204486917 -1.0930096984574278 -2.873964173868915 0.219687724771916 -0.6291345421120337 1.1599279617225187 1.2844982176187052 0.47873529825528294 0.3505239510689153 0.4787839422035432 1
-0.36640974487635547 1.6488181950718304 5.424370464053114 1.9052814333901844 0.6262399547083154 -0.7179672658341592 -2.3378470308621004 -2.446809671611601 -1.888388155356668 -2.3236032497079844 3
-0.2153536675682468 -1.4458042385741732 -3.41845502227512 0.9674659282403283 -1.3284732785490845 -1.8781309913824336 0.7853695183366272 0.004188315261001496 0.8236721656536677 0.7079281263824779 1
-0.11834142045437623 -0.8320448958064746 -0.8210563275944238 -1.631112272676736 -0.11647315162965999 1.9294272984101308 1.1440924940293637 1.4933132834385607 0.2057702939613405 1.6040744252836954 2
-2.7910044341686113 -3.211779814431351 4.459145155429873 1.9443940354728089 3.6616832837158038 -0.9825319029384539 0.46446775915396543 -0.48297624395491456 -1.9438565923999847 0.31534021050705335 1
-2.7531778590055103 0.10237968049608326 1.851080637826863 -0.8976869131094777 1.7249402716735194 -1.2059547510415707 0.7652735028657452 0.3776371186777506 0.014646061784475028 1.835919197560327 0
-0.23215259922965403 -2.090971959980194 -5.097258216437113 1.4827753199407274 3.1860548422300914 -3.455091864581809 3.027914342068351 -0.61954436473728 2.5136301868029056 1.5068133982525438 0
-4.042134208597274 -1.2821692520414234 2.197412699233673 -4.878626089003602 -0.701259150895335 2.002852888097574 -0.28822379241461527 5.201348776487632 -0.692377861185467 2.529842203666107 2
-2.326358406472645 -1.6489968000987403 -3.7096783437463037 -0.020192056264855637 -0.751446068122438 -2.581218490144887 2.7794367037991776 -1.995783982689604 2.7392999580442217 4.80400959976785 0
-1.0947618432669102 -1.1823567363542329 -0.7086570225319295 -2.0974447552094766 0.5765245725352592 1.093115554809335 0.886325487889934 3.149254009294424 -0.07343486661090737 1.1644090043279554 0
1.971265538595711 2.2225203849267334 1.6806958990013894 3.53340277025022 0.7977476780788532 -0.43630770697616206 0.6500757547530005 -2.0647796888091037 -2.504023715309609 -1.7254230183294805 3
3.304248652980052 2.8599556029596904 2.6242561583107573 4.728873934824571 -0.07490310363484709 -0.15376011145398527 -0.9909964915406301 0.3403177385670312 -5.305346873197519 -5.346433186929189 2
2.730498135472734 -2.8467457079841476 -5.613141124219056 5.390950367457984 -0.41727185558993773 -1.3590172446170228 3.6255903137612187 1.84620548153858 -3.180355547340476 -1.1307288746969422 0
1.2186838285834978 -0.31961380573298714 2.8492047496917987 1.365206086776671 1.7833926262987316 2.312985799704662 0.6491134037895874 -1.11598859476379 -1.800711382142841 -0.472283413961783 3
-2.848730956945392 -3.4153059214078048 7.134207582097616 3.0328372830792762 3.663614780688539 -2.9374171597659284 -4.044097609560817 -0.14002929286644417 -2.7276961816836565 -4.771869632849845 1
1.8600421130835916 1.4394682409493469 0.14328537525555352 -0.37975959809413934 -1.7451544646973494 1.7692949766011785 -1.1649591873856266 0.801892121084978 -0.8925547106606189 -1.6976291693345618 2
-2.590685780702132 -0.5318688525088273 3.0305672002761606 0.2341707271004447 1.3982105910955789 -0.9597917328056303 0.3486248202637996 -0.38636016158373643 -0.8929716759887076 1.2922380843152195 0
0.1434999876603551 -1.4651520609361848 -1.472340737720864 2.4526233748770307 0.48183867184475504 -1.7720855417023693 1.013150093182197 -0.6346758174478249 -0.4899461969276464 -0.2126252418219405 2
1.0948867149222261 -3.396655888199362 -4.13882789942722 1.4424534610225965 2.628916701246413 -0.30655208422802627 2.7424918264197364 2.7050080499430784 -0.3870735643979254 -0.25768579958434784 0
0.8371431671280463 -1.415535910276236 -0.8830037828198809 1.0289730066518874 -1.3122746639212348 0.5955872135375271 -0.20527139647696369 1.6124124255193513 -1.5780987700208144 -1.2576012911680963 1
3.4011530684747626 3.9048440293704734 -0.14432182443541924 2.5696643389302047 -1.2334267690147165 0.5721436158853027 0.5274671061172895 -0.6786715517899271 -2.6189652345877956 -2.1806388715868232 2
1.6019885672902823 -1.8002006647966513 -3.695223278815971 1.439247230632531 -1.2091470312813652 -0.13018445666128908 0.6454769475619049 3.560057155377386 -1.7960261530449797 -1.9203580349827931 0
-0.14803524925215472 0.41412590240041847 2.2390084551002873 1.064220768428278 1.9637609188668055 -0.8599356401232838 -0.713842420654304 -1.02598428432144 -0.4877933707367048 -1.355094904687922 1
-2.845793493112235 -2.5700853828756687 1.868412884635412 -2.6539296972286963 0.465569258575415 1.3228213282266483 -0.34074031834660023 2.758575208476689 -0.1712835695347359 1.5167158732519426 1
-2.9703650726907176 -0.8032844546536558 3.7483821912397652 -5.719631235815775 -0.023956127491759016 3.154469299103778 -2.117886163876414 1.5618792629012432 1.8949009113677011 2.0365141677631318 2
0.06831017705685771 -0.06866388385334155 3.4492144946082157 1.260515831931628 1.2312270954661215 0.5803040452874932 -0.7952577783171757 -1.415634662474393 -1.3186729970732873 -1.098433177043131 3
0.5821440366678303 0.10157403851522973 -5.879174873421766 -1.3234944217936748 -0.04418349019788759 -1.9374939356412288 1.0110929940010733 1.1461873804099003 3.1631349928088976 0.6488485314525618 1
3.26027511904294 0.0038334183848146575 -2.0539879469540216 2.961242366456731 0.9970402607763391 0.3263475632324194 1.4249753542411852 -1.1617163827437442 -0.813659238209342 -1.5477049107374807 3
-1.3174237510559825 0.639532286951974 3.3199825150140616 -0.4376277813626922 2.1625676121764568 0.6681739529092863 0.8975435723032262 -2.914916504283817 0.6850568737589653 2.3667633167075515 3
-1.9550163716836924 -0.28329048380675215 -0.6717338058281157 0.5614108891985355 -0.8362803748186612 -1.8398135544221401 1.505708132223374 -1.5966776189863914 0.5948749134422792 2.924875527692619 0
1.2108895418520886 0.004235719480518485 -5.515433859973354 -0.9839969918477095 -0.2945827901484981 -1.1379242909358946 0.875169635144269 1.6181291366092352 2.28165206727346 -0.01651426899696059 1
-0.42739967317519667 -0.8543270846478012 0.141526898927936 2.1112935646013486 0.9823574799992443 -3.6141530337570664 -2.269610309109744 0.878267167278152 -0.6967565752635654 -3.860089638257097 1
2.1387583616079437 -1.927408555007052 -6.385811280176345 4.1223380989194585 -4.503081131058334 -2.8491845576159363 0.25988315256619676 1.5008029219630175 -1.6214737887963833 -2.3366570380377496 1
-0.8925350545960044 -1.1669215938515278 -0.5495635906451937 1.7387123592027975 1.4047603024194721 -2.3028436230414666 0.8164931249955516 -0.3612337369174732 -0.199719439233086 0.040359031259025055 0
-1.251117292375522 1.8830357201303363 -2.1858448032610243 -3.7467850172653443 -1.237514140828151 2.278966055261356 3.7364257084416312 2.694132559076267 0.36890925335901104 5.291441558851292 1
-0.7750979435417462 -1.645878888060155 0.6798868508092213 0.870607035160694 1.0757781226278087 -1.6729942240913962 -1.4445197692476663 0.5140005368461479 -0.16316052296936034 -1.9172654404832432 1
-0.5770980327126372 -1.2809025718366789 -0.18390711043608995 -0.15227893176769355 1.2566527114623454 -0.4225990327677147 0.10484720164176364 0.4851830107442595 0.4458529929346515 -0.00566282877156569 2
-2.470116660605287 0.3429048858238477 -0.4814419103584604 -0.45839585166339125 0.47303346581141914 -2.729465932716317 0.8014154620401682 -1.4151143720144317 1.7830392204602679 2.442728308845237 0
0.3042095632667403 1.6005909872035913 5.055146119580591 -0.2255544662574515 0.7508257490543385 1.5753536609514445 -2.3099162590853886 -1.9757347289715752 -0.6765074770538385 -1.622461316902465 3
-2.8192490021476164 -2.358315626271021 3.7882002789645948 -2.47864025069901 -0.09107682244390136 -0.3755890350215507 -5.033081037435933 4.768251243660144 -1.1023176160944224 -3.8950939152942508 2
-1.5160648858781967 -2.941435872836122 2.928197497909125 -3.56220843035853 0.9952772428653859 2.5227450705265486 -2.9237681250329324 1.057297732887935 1.772942682124424 -0.48025424966175817 3
-0.24109433579357742 0.12797506033992212 -0.45436633568855683 -1.28918744555465 -1.28065231510163 0.9517099631240507 0.19532846000069604 -0.8624683645580574 1.2102327643800643 1.731539771485637 0
-0.7289016442470018 -3.0137900767187378 -2.491954039933583 0.1719912110657675 0.30299215247418276 -0.8866135838970668 0.9931050752045474 -1.3867389730999593 2.2821568209541097 1.9128783052431078 0
-1.0653830300512812 -1.1439849287095778 -2.5509642371911094 -1.670052747924274 0.6256525847089165 0.19216803344418243 2.2204351410621133 1.8284277203080617 1.0876333911810767 2.657339151149369 0
0.9925076120998798 -2.1948062951432945 -5.870818968467853 2.513394654896926 -2.792053649869629 -2.4623910911306774 1.037962023002231 0.9180450814795902 -0.03549984817159291 -0.39379000543568315 1
-1.7958482439623151 -2.5416413505407824 0.38797343738737855 -2.3236622054883824 -2.1639337479829033 1.1798938590456833 -1.6430667740624827 1.9923615592615689 0.4439105937068243 0.610073750519835 2
-1.0737881918796202 -1.27553641050897 3.367737992451637 2.397815214418082 0.0962488503359481 0.5228273653915767 0.788346823638841 1.3137553849646069 -4.410875791078898 -0.27493238956619814 0
-1.2299554313095096 -2.775418681167609 -1.083204461902531 1.3910902336118067 -0.06094526042716386 -1.9177022386897549 0.04688381095260996 1.0192011150711198 -0.5428634154134937 -0.3355016428210129 2
-3.2285032894681405 -0.4773096012956384 7.334244589367992 -1.810353171947729 1.1449031464936368 3.417200338254079 0.27663215725518 2.2402946225447926 -3.746433315732235 1.927946205796882 1
2.2904070675559387 -0.530383525159888 -5.40384191714326 1.5831035779565885 -2.641146740828516 -0.9395078207399039 0.6360349484952875 1.7496903352282076 -0.3744652866830702 -1.3901466351402574 1
0.921825133615477 -2.7981226605016056 -7.169142288175001 2.279166473424492 3.1580531149370707 -2.802690293849941 4.640504142813777 0.42306554465693125 1.7759265005727682 1.746326844788482 0
0.11806823035702818 0.08899724814058452 2.4273992758566667 2.4541845611619633 1.1239449442802731 -1.5778200270328981 -1.5356645798118316 0.33523378567723516 -2.348466470529602 -3.321228062615954 1
-2.972884718971604 -2.7704390977383584 -2.098327044555097 -3.3138094955297976 -2.876166030699846 2.5670823942730805 3.2177735466562254 3.100837209626177 0.03664006562890565 6.204535581652966 2
0.8845072938681209 1.5706391282401548 4.239695449191102 0.23177016621454086 1.9205660228779786 1.5043451946691833 -1.381467610191151 -1.4116375750193075 -0.9303143340038527 -1.830129309502091 3
0.01846858991473055 -1.1063658011990025 -1.6648323974683392 -0.5546796666535326 -0.019948960431238838 1.1852472495344135 2.0327258759121545 -0.04909101188171916 0.6645288111260367 2.4230850121511223 2
-0.29100041761806694 0.714485904214746 1.6626281048525466 -0.44387158709424057 -1.324199138223932 -0.56349869720508 -2.8077767380707144 -0.856845645754857 0.49745236046206265 -1.68729457055065 2
-2.7120583443671484 -1.3510211004220098 1.915141314924516 -1.8407871973173189 1.8229335845724646 -0.9009873903682105 -1.18343361027605 2.0404551274780625 0.39028452824765814 -0.14071402252929371 1
3.101153720575136 2.5111963882558905 -5.422167904687156 -2.1729332176554683 -4.584147757229819 2.2539541692457083 0.5610766505523692 1.2574099664728937 1.474708039187445 0.7221382256535817 2
-2.789000725377549 -1.0329557224140933 2.7835020235932992 -2.706240847220216 -0.8249481836840027 1.28641413549075 -0.8709999610706626 -0.6869959515668844 1.1781326429912786 2.6657926765835422 2
0.6507196574394174 -0.2631921321701005 0.6146416059465063 -4.473334312507523 0.49569180233723387 3.055764061479925 -2.7029989268221044 0.8854560848437247 3.0607963848720097 -0.9274093470011592 3
0.5068691319940792 -2.41778276323904 -1.4718879957202198 2.849118039375436 -0.9234073936820968 -1.7688326405008334 -0.5337433199206865 -0.9651370352707183 -0.4147386120045691 -1.4502215922408657 0
2.0977093695543263 -0.49518154735482034 -8.761682168026905 0.9883844708797875 -2.3509737712395715 -2.5832003443418676 1.706973801041208 1.9266940941671753 1.6425940029894206 -0.293308518695499 1
1.17750840324503 2.0292459485430174 -3.2240609722486395 -4.101207450988627 -4.152067216706338 2.8871308649889893 0.0821008789840989 -1.1491725990700274 3.637153590463198 3.1885568798776034 2
-2.837387560598047 -0.7986281552810343 4.274531199052713 -2.595985268973927 3.6599939761262688 1.902389399947436 0.8667760082504775 3.478045691326367 -1.6518587213092792 1.3390372080814252 0
0.948638616806746 -0.3615895094406276 -5.802170009097524 -0.7223192474036844 -0.5541739378935611 -1.670401689998851 0.8191086945985543 1.0300010719016335 2.663802591690775 0.23916598550022655 1
-0.548617560948099 -0.5685951770730737 -3.4506047954823758 -2.4584592937476173 -1.9148321348331638 -0.3712325972460062 -0.38148352897146165 1.722149623466776 2.2648323042466 0.9521843562104838 2
0.6398601390057528 3.6092061913421976 6.831599878445176 2.460599502534103 0.5472787432269156 0.4032802658029161 -1.897424468726204 -2.745236149659866 -3.4037385055458595 -2.6204578693475606 3
-0.10503686696099024 1.2269177746141846 2.6641088917539744 -2.6217055530787237 0.5235810311648772 2.9295171582220227 -0.5304057639546673 0.5772671858164327 0.05852817322133497 0.604901210794194 3
-2.205275331735769 0.6290811687115856 4.195314542419334 1.9842855790740102 0.1683084308954863 -0.9996157575391293 0.575503226519813 0.3004445878861537 -3.7811860649116227 0.4066201995552712 0
-0.09238411590137796 -1.0863728203694991 0.8323048925436453 1.8498479598294937 -1.1340866387221267 0.6439664950597468 0.8108889292053272 2.315522460360806 -3.7586748102431473 -0.5762570546710807 0
-2.6367956601788842 -2.523396239085872 5.799137245554323 0.6742034310334498 3.5044954438739615 0.07673361815770274 -0.7791291082227971 -1.2630508439763148 -1.075549380521474 0.07934383214945151 1
-1.2484806427318076 3.442793522213454 -2.0816794977750552 -4.576794124724495 -3.8289132214121007 1.831516016246486 1.9211817598266911 -0.1844909044846349 2.442205424793307 5.713851534586009 0
1.7836871401923062 0.2752241660064896 0.7237934434496266 2.13731156558678 3.2836855245284515 -0.6279310884874651 -0.18288445453495072 0.41141807356745874 -1.3250279349758927 -3.310311999889756 2
2.8548375937618475 3.322729069362981 -4.458462743773379 0.10438442401754454 -3.322876968867923 1.2467486291240104 2.51025381846009 0.665978381794611 -0.5537666120322599 1.3223141157585352 2
1.5073743162878714 -1.3726057289168554 -1.3573108585938618 1.3601896328280163 -1.5751755422575215 0.8379993830578563 -0.11951894959091813 0.8901130140053599 -1.3015430580698997 -1.2930511236558093 1
3.55670049697179 2.4471483452463287 -1.8216101381374377 1.892739997613937 -1.4143122455172423 1.0433930417725537 0.7712036655044493 -0.013139932374276242 -1.6903595892299448 -1.7558840686007122 3
2.3228119356352144 1.189531853841825 3.916591780010977 2.175220220594025 1.240619580194648 2.351684938320977 -0.4705795715318386 -2.1954363142018662 -2.32940375398943 -2.0314296759539543 3
1.0835888618754528 2.0408100385993184 3.80453274869187 1.842940419464803 0.7579966685848291 -0.26697898526878183 -2.17168382417029 -1.2850507784804537 -1.9261010392753342 -3.402146017055552 3
0.504798960810561 -3.2740944637124616 -1.700557002336245 2.1388785051218617 -0.7296149889819207 -1.0536084013612284 -0.6398813424421155 -0.5530659966154194 0.07384653022314147 -1.2885214997225796 0
0.3235154655417565 -0.6243800185060215 -0.7015858994060883 1.582592156467111 0.9220299368861046 -2.757199496146125 -1.9339812050406664 1.5914416484637663 -0.599742157764318 -3.8952218902908893 1
-0.8606973525655657 -0.8628302232243861 -0.4179471758497616 -0.34321477356624713 -0.2848236367092949 -0.07900604295640223 0.664824292955032 -0.7439473266711136 0.810218540858261 1.7031131192991975 0
2.349055127968336 -0.6440858830637477 3.787871289321612 2.8273280189789713 0.3529342967867152 3.261698004210228 -0.13535207369936186 -1.4230703946074952 -3.480905314281728 -1.8737451584756761 3
-1.702228610049231 0.48686047549243094 0.5694927361479138 -0.3967410158779081 2.533406353213228 -0.8904991948847785 2.3857855791690183 -2.2963732894892663 1.5579796279285705 3.4681052796957856 3
-2.195161219397927 -1.8283581187880027 2.4120776247471127 -3.725171575697383 -0.17213895973159044 2.1971839562092805 -1.6709142774617396 0.39529858079665614 1.8253963942082851 1.6151009703335264 2
-1.3093109100211011 1.9081306942840008 -0.8731883783337252 -4.4171339199465285 -2.8164051008725357 2.3734923072770666 1.1723227058425139 -0.6832314970661406 2.6282477084240297 5.066652734885627 0
3.714606892770518 -0.4481328808410242 -2.6381714631709934 -0.16421699083561764 -0.9203671750611728 3.243739960688318 0.16106330165018556 1.7798493186801265 -0.47470948320168294 -1.8428263564628273 1
-3.580804490066626 0.439438537311162 -2.547304227280625 -3.723182678266557 -1.674931725403821 -0.36858603386247246 3.386324826701013 -2.27536645712331 4.223386338284671 8.231076612097665 0
-0.7330785302000031 -1.1907875945392368 -1.3141414784850185 0.15199798734562206 -0.9641675124143555 -2.252551041771323 -1.9963343844885286 2.689689976430426 -0.33613509768974237 -2.5439077393389593 2
0.008327952085191992 1.4528275821882384 1.470377777191079 -0.19823011846933122 -0.1711894372737932 1.0388714713242926 0.6922720228213026 -1.2798880175924405 -0.35161546584700154 1.2990852750441269 3
-1.193606511175176 -1.3076587085844964 -0.10472267512511592 -2.1698273208288903 0.22575570415976376 1.504224475567596 0.5837916941965826 3.5915542789271115 -0.639213285855095 0.9263818060278726 2
0.029885240967834292 -0.8866853951684578 1.3517373367629624 1.4731148621698205 0.2539666190819436 -1.1593949055471273 -1.9389155029366592 0.13752576187494403 -0.9920859093084909 -2.731530548953539 1
-1.0597794943369183 2.6970746530349636 3.8871050744046807 -3.780835925524939 4.045339988044203 1.973210521241795 -0.040293867386791415 0.2404016829204625 1.3295243733191273 1.0722013265218915 3
1.160322302236811 -2.344630685768525 -2.3531869636959772 1.5048599548668187 -1.3881095401196082 1.8399979612994906 2.690551549770305 -0.5343730583837161 -0.797175657065839 2.2038241579355997 1
-1.118228839003463 0.9544219147612744 5.1870931488921945 -0.36697639983264907 -1.4526921582594012 2.7165538973952703 -0.20569637192349632 -2.4990040882109166 -1.5357068589990917 2.177883241639057 2
-0.7820800856111481 -0.8499962800363878 5.786639411997351 1.136673736216054 4.939754986229192 1.3909641710704075 0.7488098412879316 -3.7533246134952103 -0.3770804461911691 0.952949518386738 3
1.4282200991246299 4.610617938619642 -2.277544646054568 -0.25535022175188005 -1.32211189398451 -0.9800595864703696 0.9634344882565696 -0.24477737280829148 0.37831690955008557 0.27294286194165546 3
-0.5416999442065955 -2.1279215572723555 2.916722118126474 4.736538382882877 3.5634303134604015 -1.2967201179051977 2.505508979657768 -6.884613654411704 -0.10525880692547773 2.2938273737421575 3
-0.3498211983248387 -2.006505717182306 -2.1826791590502097 1.3683582047910128 1.9097325601284756 -0.26917972652122835 3.818403165986049 0.035307794626466604 -0.27455473802552577 2.744686283695354 3
-0.46252110861268747 -2.4928021622289607 3.1916228623859637 2.8871477527301077 1.0416676889976424 -1.3014544675316235 -2.3864647792051965 0.5804120994321471 -2.6943481916859406 -3.86566255254546 1
-1.6314530545095767 0.13536772638956363 4.789841431228836 0.7651259598412345 2.217962310281811 -1.162755472880084 -1.8712138775647158 -0.9215290589756886 -1.0699359000590691 -1.6553882689525299 1
-0.7223586831481511 0.6512035830165319 -1.8270623709558507 2.5717576967062556 -2.684484807028414 -2.9944374451401625 0.9845205150497347 -0.13335883301060847 -1.6148314522212752 0.5276492572342888 0
-0.9075029197908036 -1.3501130108171844 2.3725078630720544 0.8139851892824542 3.343218003263541 0.7739550429686768 2.0262236444599067 -1.8350571404934346 -0.2653806569812338 2.0211122117256415 3
3.6412649572346605 2.142711794160639 0.01257100769291832 2.394018072892113 2.4604457085085305 1.6174117054496833 2.0577184157971806 -1.4213687956233512 -1.491282006232275 -1.2363863505917116 3
-3.253453173617375 -1.8259973096457056 1.9930208492269677 -4.122892687226081 -1.6394869039552953 1.814323694866651 -1.4711457541420119 2.967861986261313 0.3764052512097448 1.8505908073612305 2
0.1352600210146393 -0.6150461864322765 2.9108275986844787 -1.155141784577205 0.8806742904395763 3.2352695913461123 -0.21863333853443168 1.698490374506901 -1.7024328741384218 -0.31498518577490664 2
-0.011934217839790762 -0.44853217926884315 0.1811636001022576 -1.7895868287593282 1.549671498078978 2.1687831462793095 1.2728201166850792 0.6770844712934129 0.6599815913525847 1.6121621726633526 2
-1.6012899705156125 -1.020771091625425 3.8245395569896776 -2.1340192883088234 0.9766543037998225 0.28825452923339157 -3.9626826267566586 1.7166893618755292 0.1960759480082488 -2.7621800818022546 2
2.7787153195968126 0.3272842487724028 -6.350055309342167 -1.546508460543414 -0.22096629002710455 0.8368484245850949 1.5431598954060286 2.312521080562483 2.1593402345844463 -0.07841035436474254 1
0.44800712933228515 0.6037299965214775 2.3722373724386827 0.09735654130001788 3.1456393948812327 -0.23831254922185252 -1.4089127029430346 -0.22439504650595898 0.07379173741519063 -2.4763402136788053 2
0.9980088050855622 -0.5908088371616296 -1.583929256417211 0.7739800231915309 -1.2520193026936877 0.5980511504502606 0.555256134276638 2.273527442041164 -1.7537498873435653 -0.8590160612736436 1
2.022221382467625 -2.7233618205170433 -4.0460024248323 1.519279521115211 -1.313734208190554 -0.4696320179047436 -0.5480289566325212 0.6306163079385805 0.6001322089765692 -2.0124599716401126 0
-1.469586624106309 0.09356546595094328 4.927648734135075 2.3061165425175725 0.8146489241331082 -1.1085723359140482 -1.3115220437373747 0.9215369774825487 -4.00647456269623 -2.3261254691818545 0
1.1503617450500192 3.265708940223032 -0.998038051715995 -0.8297576298148883 0.9709564777967865 0.10829953682906579 1.0955091257890244 1.039258929218318 -0.020971430374280176 -0.1330039387214279 3
1.0000602680814532 1.4155226828702452 1.7467537764582262 1.711770984449535 0.2010550564916357 0.5635046434086872 0.6001878528106701 -2.4611370126953926 -1.051209916054733 0.11356687215865736 3
-0.2381895497209271 -1.7174961475455164 -3.994465731090786 0.9910667191623792 1.9012231052259962 -3.444728168847363 0.8253053971603402 -0.5517846807220259 2.5410682932839412 -0.04373203377903468 0
0.8555402947279642 -0.2175812174343532 -5.426175296125862 -3.880341572979285 -3.71012331401323 1.9893895359271465 0.37257358495002757 1.9959905433865814 3.053701337594404 2.204910901830101 2
2.0658015113210393 3.7259653923753144 2.3363211156420935 2.948918675355453 1.7752180284410555 -0.20786210935446348 0.963703198490576 -1.4928909049285384 -2.7864786161477015 -1.8132988597305044 3
-0.44377146603820306 -0.28903752924141546 1.2785486735468734 -0.14842668346037896 -0.2974204495038537 0.21178742420901808 -1.035915539298868 1.7907816184633367 -1.3981929616732347 -1.298581432335026 1
-0.741349887471383 -1.6743509723498824 0.016078250232249246 0.3496488206354412 1.2199470248533977 0.12009406316729132 1.1104701864167006 2.1365948225596734 -1.3850974541183665 0.1973055930870608 0
-1.5418505565280225 0.9143689108536712 3.9323327617375186 0.6040775866444718 -0.1736113079229913 0.05958952337352996 -0.5585145858204672 2.7614870173175565 -4.093499029704402 -1.1992753877627143 0
-0.9308400978340599 -4.467747753510217 2.4604869249930457 1.2573302238868602 1.1974034765690176 0.3921051642136346 -1.4308379860947618 -1.968010178627288 0.28907159640829594 -0.5738378168875075 0
1.6728634850848487 0.2512554085997435 1.6734878392634387 1.4381101877839861 0.9162133068181537 1.6229448065833725 0.2855169103135342 -2.1843582699635267 -0.7225273106185555 -0.5162452069288027 3
-0.5106812734631683 -1.0192504033748038 -0.02301257470204054 -0.7575847905958579 -1.4445914196045417 0.8442392582732414 -0.26396971846268147 -0.6848916981213709 0.7303743225170993 1.2389485793763082 0
1.338339936844747 -2.666279907927512 -3.7307790189147942 2.8750765727179375 0.05382141420540931 -1.3162539928274688 1.3651277865645246 1.5651587031463123 -1.2265446624755503 -1.3544895094051947 0
-0.31563735851207975 -1.5559102106424685 -3.0275085716209666 1.030245189551076 -1.1921056531289862 -1.6082113105824964 1.0066447123035402 -0.23562951474369132 0.6821237328965363 1.036034244825152 0
0.19258012639931277 -0.42477576786889637 -0.9498496483100004 -1.641180998164869 1.1804297479569625 1.9962020438871244 1.8684648115784057 1.16802983636684 0.5491722031807837 1.879606423714713 2
2.865631641454754 1.6704518979725087 -2.6073511578252297 2.295738002828468 -1.675554054585604 -1.2859822282049596 -1.0114397206747687 2.7578627746632067 -2.4470542287043817 -4.5141382403134305 2
1.7681473559137695 1.318079685437155 0.2907746753488963 1.8417359886947233 -1.3810608383529819 1.0694067542502879 0.7483056481911375 -1.138615657998069 -1.796135423737379 -0.26260643206381434 3
0.05152884901064714 -3.95681039675659 -0.5254207135020877 -0.5610159296394158 0.16660601169325018 1.3638692486677866 -0.8783027913656916 -0.9261718249639512 1.855930440544531 0.22439245584498235 0
-0.8845060759489947 -1.3491962477957613 -1.1172555999788807 0.7349921644197748 2.9145164882446237 -2.5361403343378273 0.5021799603126653 0.5090438136238145 0.857733930570383 -0.562363158119246 0
-2.012952297115852 1.619040147899582 -1.1435758700092917 -1.3605455469375847 -1.6030387182492523 -0.7820246658263637 2.204006683738039 -0.6165688712505875 0.9075470504104747 4.290816300133587 0
-3.712475407509285 0.7788248129291795 -0.7314778060765563 -0.19273229182410248 -2.057770594780046 -2.658845758199968 2.6217120865211365 -2.710505774748511 1.2875124257621664 5.900631973058718 0
-2.723471228599789 -1.3070536855626376 0.16798847544433637 -4.64311357692168 -0.01692099161839078 1.8023365930149766 0.48002247894853345 0.036691179176452926 3.299654681906391 4.402820493994935 2
-1.1259737906212792 -0.6788656399581909 -0.9471727139199161 -0.32235739008303954 -0.27061710336177347 -0.3079550814889279 1.3657542252133825 1.1602056539400256 -0.30576472581131253 1.662156406320697 0
2.3188855066280665 -2.3660920117392674 0.38748682974303267 5.4772638544583865 -0.7971342249109015 1.0677418015265168 1.9197687858287198 -3.153188427196456 -3.120345689817841 -0.20832086935286354 3
1.2776178627115775 0.8433179594226947 -1.2272164347863268 -1.427260398554342 -1.1594985940974851 2.2256235646849465 0.5310260575545169 1.6821637614205316 -0.25867624936865974 0.2900509357048227 2
-2.2073310455947883 -1.4810810388754354 0.2566674040842214 -1.3579333527935942 0.7427698643269924 -0.785530907694985 -0.1836478439833933 2.378033226034483 0.04476149024618814 0.4937341852336715 1
-1.0569069619883262 -1.7837607588546631 1.2175956504366305 0.8678231960859926 1.2838846659095875 -1.8022272913940511 -1.811616118839932 1.4746703712689402 -0.8211345916535419 -2.575944267501376 1
2.500958353414651 -8.115089717222705 -2.0052265686486677 7.83327979204145 0.20447586170163978 -3.3914823446513327 -3.1724597913669346 -0.399039502938326 -2.3965101992357103 -7.620425267197311 0
-0.48299451280675654 -0.8274152701578821 5.7354439559296555 -1.978999958072133 -0.671311158124805 3.7775177240020836 -3.2056756306454166 -1.4260858154021696 -0.12221458640473781 -0.6260830190507004 3
-0.5425946026005862 -3.829652571274905 -1.3608044668913786 4.297384580216099 -0.42293008035749113 -3.251260079177422 -0.082731659461732 -0.3712493384452472 -1.5306733929512055 -1.5821862339226096 0
2.9681466253457196 2.7752011307899997 -3.042152955892516 2.1260120888053264 -2.9850275762421656 -0.13561232499420628 1.1844165393180695 -1.6555237738379804 -0.6356184455361341 -0.18729214640912895 3
-2.0788564499348006 0.9935388145704778 0.8319384856023233 -2.6918613816599612 1.5415424493447687 -0.3962590455878008 0.19587674049698411 1.672760302172606 0.9608043175438439 1.3272285423052652 1
-0.5865805907431435 -0.028310468472262595 3.243617867238671 -2.328238469818638 2.652730268609007 1.1908380544186579 -2.368007186995082 2.0109344504530857 0.1613151771922312 -2.2739971296563652 2
-0.30369171049710686 -0.11071912695601971 3.8487674880914966 -1.2405094553454383 1.1482899363103927 0.7426894298310718 -3.5049029666834617 -0.6508200328553444 0.6707313373084787 -2.5366050740841164 3
-2.269277711692469 0.9419137859343099 4.5095842479249795 2.271534137866619 -1.8895784534065019 -1.632988312933646 -0.9968591492507439 -1.2458632825433722 -3.2423034905049883 -0.0613313794917457 0
-1.0191406559928624 0.7304875702936549 4.8910399853848325 1.6403632554144367 1.4873399280275517 -1.3570089848453168 -2.094446309144645 -2.3710035858545537 -1.085152440717597 -1.874589337030691 3
1.4920263088850856 2.4344562605317415 3.1654612524890813 2.8747756208949298 0.5602220641844984 -0.29076871867132814 -0.7005806126779605 -2.320543627685237 -2.286737854259374 -2.270432045908745 3
-0.7884300488953777 -0.8584959483016383 1.454714176108337 -1.8521476654848201 3.0762012561116525 2.3396580895557557 1.772367926858891 2.1706016615529187 -0.5392360867977424 1.5247097174797142 3
-2.413311660561356 -3.3640091956339844 -1.0486181682538915 6.29173353510635 -0.11715118438135796 -6.364007510848105 1.2669181680051547 -2.2558902672142196 -1.9102655456138722 0.07111069104901296 0
2.011227371630821 -0.6376500829050332 -6.780309948874007 1.0756062789370995 -1.9751531653053473 -0.974628849799839 2.265246644766994 1.3435295278990664 0.6885408618314857 0.5386004742515175 1
2.053380982312965 2.2010751276781337 0.7302814657671867 2.97157141880589 -0.8507002437555935 -0.09862587978084236 0.552349027932508 -3.2849248456557145 -1.3016653953909874 -0.586550349986503 3
1.7236129755008442 -2.0759524349538383 -7.82402734080428 2.5080605307670494 -2.803796654077205 -3.1133411707937237 1.0017817464054106 1.8132523327449772 0.44429069698340096 -1.2456370121531752 1
-0.019752247504683407 -1.3552785012624513 -5.174418117232202 -0.888563644247193 1.6679524282979783 -1.2175257675059643 2.589058621093467 2.51217008572218 1.731758812153 1.3961744472448465 0
2.13333429174651 -1.1992692354217218 1.3299788719496886 -2.211742980970173 1.4505124667012517 4.438186267819442 -1.385674785749254 0.4741870261857386 0.981699449189176 -1.433503510415546 3
-1.299928018168268 0.7596266605343518 0.9344936244987486 0.91433145762418 -0.4204073133057582 -1.0337823212681456 0.9520707936835189 1.572881777382908 -2.435874811333655 0.4343418369861592 0
2.0616951029957984 1.6751609584891791 -1.4608508818748112 0.6716292287743192 -2.2467839987411304 0.1983867068735723 -0.936437362490863 1.6867858152524469 -1.4648505889397967 -2.4920648357946673 2
0.15282750799507427 -0.7241408431314624 3.3258998767600234 0.25207981165568566 0.27049133664187786 1.3765218701692847 -1.9444366787841392 -0.2757179821062583 -1.1543618525940957 -1.8182079525363073 3
2.2029643347505377 -1.9384205497612106 -8.249463705828486 1.927000732490465 -2.4650170315094604 -2.331519336044301 1.3204579647204129 2.485768913121737 0.5406068272891382 -1.223423659102244 1
2.1538693347513775 -0.18878473755647318 0.05273390661517042 3.1288453348161394 2.2456324319131173 -1.3364613515458657 -0.7235009436855263 -0.5452883755436493 -1.1332738882953395 -3.8359912529861413 2
-2.435083407555491 -1.9763157637555504 -0.30870813911822736 -3.6914167379489315 -1.518565789036347 1.6229832286767532 -0.0674775910592269 2.139047521350978 1.3555390270528478 2.8548180282503255 2
0.1700016457352319 3.4108768740614805 5.521212179885844 0.44855687139738815 1.9006714175891812 0.5234407463080996 -1.41227122637041 -1.6506179194894317 -1.647860860670349 -1.7404543226953415 3
0.030045069571223104 -2.1030323377850086 -2.1222661688940203 3.331563744167991 2.5714345384992154 -3.4380662401018878 1.2552523671135685 -0.8102857205828582 0.07233011809854362 -0.95945717051326 0
-5.433319387457979 1.358966470408137 -2.310187024167828 -4.188340693288721 -1.5331731404181892 -1.4354453331025356 4.914349205053412 -2.7693545272435918 4.462538440594623 10.858128531376906 0
0.5520988672890699 -0.40262596612686397 -2.7450020095469245 0.9285266531366975 -0.16351136428822644 -2.1304911729719755 -0.3795883218596915 1.3493543262227021 0.21054840395588403 -1.777659404774709 1
0.5183353367190446 -2.989767872176201 -5.721410573194904 -1.0928996677238556 1.463213740771543 0.6569064537573448 3.396189090395372 3.3291930052584395 1.2879924736298842 2.015785433277647 0
0.05943569406307514 0.0599866948874892 -7.186647597934421 -1.5261625898041005 0.6215115170516965 -3.8053305762597183 0.6622026457886747 1.7242068112040547 4.169322471408839 0.09249002223555625 1
-1.146073455688417 -1.4567760967855867 -0.9961901053429318 -0.9000711747691664 -1.7023258165264659 0.2023361936403021 0.3674288317633859 -1.331226545564248 1.6386589993065135 2.5579672445508996 0
1.106529636415262 0.8978315778512287 2.8251609601957135 -2.959395157029817 4.007051866927901 2.325062055911234 -2.1328698336433862 -2.197858288768233 3.4382158317628018 -1.2243622197294297 2
-1.6198541006011884 -1.1222093977435557 -0.03150265389417456 -2.1156377830813 -1.2829448492713786 1.2815551453159277 0.27912664881694504 3.5580268263635744 -0.9898480656423368 1.2299343948369637 1
1.3641541078744257 2.019630095420381 2.556271611190741 4.714196586702088 0.9454713882449916 -1.143520155022991 1.074019434939577 -2.4430647303478734 -3.5477976302565537 -1.5137064744402222 3
1.9427332291277222 0.2719920448030686 -4.108646198715542 -0.5154534664766075 -0.4067762985984401 -0.20293231055108463 0.13016269902726585 1.8958963066720607 1.0479246350421842 -1.353721091385759 1
-0.2902674734871272 -1.2090882187186598 -0.7747550971711672 -2.0193388958124285 -0.07431160887503951 2.3287102662095633 1.2462408853687204 1.497803968654455 0.4549463100731105 2.0357982814608913 2