n: 400 f: 5 f_i: 5 f_red: 0 f_rep: 0 label_cnt: 2 noise: 0.01
400
5
2
-0.9921431257505962 -0.5085735705106134 0.845825265469943 1.6865519935742292 1.1800319712651026 1
-1.1194667736041224 1.7830669977943028 1.5985490748636502 0.5720580734074283 0.09845006270977619 1
0.7327301179579064 2.9461794958920553 2.3972855923218446 2.220629598536472 -0.8701891519541037 1
-2.9102652939138705 2.930204044868967 0.18303041633573325 0.29374288770511847 0.14435830389716942 1
1.6066058259627023 1.0962712271434365 -1.0879357188083554 1.2304892025537506 0.47037314805549857 2
-1.367582966416653 0.8570509318512233 -0.10219309237633589 1.334460475787014 -3.3006899034506696 1
-2.0071320186314523 2.5198806616560576 0.41272224882804986 0.865394154913371 -1.8049403402862376 1
-0.6004837267323303 -1.2791721505313935 1.5243469335307742 0.9586746640598762 0.4885921907357458 1
2.939186911099702 0.025985671637683172 -1.0547994054105954 -2.3981777702945464 -0.09236611851046961 1
-2.6889880125682213 2.449917326035692 -1.1421033805489906 0.9377372054903845 -4.726710369146818 1
0.7259536395089063 0.9594278623074822 -1.8105582860681269 -1.189691888398138 -0.9265841433888398 1
-1.998240902875442 -0.863143573231105 1.10599002462283 -0.8947750561640185 -1.799311801635017 2
-1.9238541878278892 1.0121548100019995 0.7663752816080873 -0.6696895730419866 -1.908798180247206 1
-1.1422528338704816 0.680818086058744 -1.9105309520101401 1.7152672186706688 -0.26247869721208383 2
0.6032147156042206 3.304927080565297 1.3106565012622506 -2.3111675029075665 1.8016166724323708 2
-0.5535077463800442 0.013266115156985503 0.36303324170952633 2.015539533688873 -1.2097383899199985 1
-0.8052882053119936 1.9944293302927725 -0.3236843055607921 -1.613385087426808 -2.507035516644562 1
0.2662547705423489 0.22476309092804403 2.8162618345683845 -1.3812774302617838 -1.710189787850823 1
0.2983283239686749 0.9054877325467261 2.072713738066472 1.1421153872290155 -2.3355849737068333 1
0.008623044186483186 1.1633416109914214 2.3696756571556583 -3.640501816435155 -0.10208968289537812 2
0.020445167780218765 2.0440411141137638 -0.14758921498237998 0.18040328454070476 0.679458164288739 2
-1.0299570719309552 -1.160245830866599 1.283114478762051 -1.183142953593704 -1.196707922362422 2
1.3990118148238553 0.07705984476391148 -2.1926239109382517 -0.6103431390069153 0.1579280083640895 1
1.338351408845814 -0.371371337775533 -2.2798397451208263 4.117724271323496 1.9622583104099038 2
-0.4583517815097652 2.122446962466344 0.7041547402437205 2.2259806721614708 -1.3384611322189723 1
-1.8232406672496175 -1.466849449881938 1.0256034772829237 -0.30384547137426177 -1.433472046921731 2
2.0765544194952206 0.5176628756841402 -1.8677335315914037 1.5380798384050491 3.4868671512429263 2
-0.4010297153025435 0.43105134851742344 1.5093188306219592 1.3288209316250927 -0.5501342500345467 1
-0.22726827696366203 -0.8962902476891584 0.056707718856571665 -1.7930411974409273 -2.2883606256028277 2
-1.1337322151162617 -1.5435425382609054 2.5575942772741787 -1.766252932379254 -1.551212530103542 2
-0.9858504302267861 -0.7997132059146934 0.5676876973185858 -0.8427025964831657 -0.6810196787372358 2
0.07228964272937377 -0.9668940678870899 -1.5187009065264716 0.12938638259181423 -0.16934617747134462 2
-1.5252090272950745 1.0839593937240302 -3.3466780426623344 -1.1274181839670483 -0.8220668746850456 1
-0.1289738207340767 -0.9612504911486761 -3.3305813432251155 -2.0058828022079616 0.8843309439798919 1
2.809213866037967 -0.6731646502896376 -0.7368245571970304 -1.251873486770643 0.6811822399566858 1
-2.8841247540451724 1.78514849342249 -0.640521159851654 0.9733394203080105 -1.0402012880336124 1
-0.3541165643636721 0.21317794606162 1.8668826179888647 0.5846976497322509 -0.19362187100368222 1
1.8225888583885477 -0.40516044317337396 -3.5262154979547824 -2.6965412234487087 0.5323094699315252 1
-0.15050761473373253 0.022037054463754258 1.7489360872118547 -2.1112710444457505 0.374107662242928 2
0.35966990829750367 1.6519131034619017 0.10368041296032049 -3.337483952483738 -0.7443986701343575 2
-3.239599780278978 3.58600185072895 -0.5200913808993501 0.44231229189807575 -1.3255368073017206 1
-1.9441888161575265 -2.8290088558290063 1.8781487032282 0.014983950463615114 -1.9050069168260493 2
0.9747322873308814 2.686703218720741 0.09175846348858752 0.2964091479846176 -2.0565571712946538 1
1.4191786886360322 -0.30794044771577633 1.9604998222258816 -0.26343792846705993 -0.049540314619461956 1
-0.18751260501876743 1.9538634526145366 -1.5657263062881621 -0.27320810648264726 -0.44346367005276854 2
-0.10863239025983029 1.5592413603695316 -1.8060114854960976 1.573336845868028 -0.6357010347790994 2
-0.48628391534891435 1.3220157689403402 0.6923993326036119 -2.673877873364448 -0.5653463903719151 2
-1.7754797457210094 -1.5382555530275268 -0.26354102292278747 -0.3537476096407466 -2.815888116210314 2
-1.774188708278591 -0.1559160493054248 1.1353719129170614 -0.040465067009051836 1.4125098179692532 1
-0.7898360914497409 -1.0185458848762798 1.2055193034219664 -1.2712280134114522 -1.0077027381959207 2
2.1335822332393874 1.303455274194715 1.095136398155622 -1.1757611647278423 -1.347928425565221 1
0.5095181586198321 -0.6166361289579008 -2.5255800938393036 1.1729324669585033 -0.24600917729934557 2
-0.9196131615577833 -0.2561425366237623 0.8675733639360306 -1.5531777614896911 -1.1361323867691213 2
-1.8230076023073187 -1.9289193740938368 2.9781867583339126 -0.8297235753961592 -1.0084687587470962 2
1.5897799878453682 0.4989932144212976 -1.592199604948203 2.05907439046301 1.5898177022865352 2
0.7241439356594599 -0.5744563858161897 -1.0841642500189885 -2.3903759561468045 -0.07569135398801785 1
-0.6356870803961321 -0.5523876566222019 0.10616419680075095 -0.34126174033813383 0.07544491882230653 2
-2.8088372550138017 1.6727326305699444 0.7406352831677383 -0.9494043537131895 -0.5759582380445348 1
1.9410357886437755 1.1348313997574662 -2.410544405242852 0.41846922981754897 0.1071198508468818 1
0.43196774427187523 1.4742748428412091 1.4925325673630663 1.9047840287971578 -2.473984731630879 1
-2.06919721680577 -2.4495954792631216 0.026065691663245127 -0.4211096824565824 -4.1231425621651745 2
1.326643562984585 0.7522580505942775 -1.8742527707188819 0.8948048902889452 1.2086771605361728 2
1.4377704604165238 2.540499128664308 0.29849726591433656 -1.255988553042696 1.6208481745509713 2
-0.8240847430387934 2.1619376650501647 1.8429667210513219 1.1138818722755137 1.034545676081141 1
1.778475176816647 1.4110997894544164 -1.4657776846906165 2.84817396594838 2.7162330640035677 2
2.1188205940902165 -0.8946484387460911 0.7651379641988096 -1.8134070872696912 -0.03246734999298151 1
2.6576721174282074 2.239971555272818 -1.3815451618802501 1.0535393969617577 1.4772177071410284 2
0.013074238054755938 1.5320909537779275 0.703572725626626 -3.251371498187995 -0.5655030551049083 2
-0.6858366633185049 -1.5042404638992504 0.05502973433621405 -3.0853192973549257 -0.03269085342765354 1
0.3690990916981005 0.6488772094827135 0.9749131045811481 1.4889961148162971 -4.97531182672248 1
-0.3946526558812815 0.48672625602724173 -1.2783603862040835 0.2588566677937959 0.9712838089037789 2
-0.296891764441648 0.6867619195063377 -1.780271597440517 2.270937635507228 0.7222457569544808 2
2.0585805375149087 -0.6812700352547836 -2.47704360580067 2.525888850310621 0.9963738744189222 2
-1.9558600340308567 -0.6365784606769629 2.0873060836435977 -1.9582827532617495 -2.11699776333119 2
0.6833497449898551 1.24007968822049 -2.4694834169884823 -0.2828585899517536 -1.1682486102559753 1
-1.282744669591793 2.0949864124867403 0.667517884030143 1.3447998585830165 -2.644630618154397 1
2.8464214805036505 0.622665852380057 -1.127307807340792 1.0007439463602954 0.6425460227733388 2
-1.107674257045642 0.9662874324653234 2.1759739568368897 -2.7900345629288847 -0.4987549697778565 2
1.8289688547147147 0.44867843429647714 1.7211027371178735 2.6584599779263014 -3.339135384579012 1
0.04504733332726585 1.542221778142602 1.8398216645302132 1.770285946344877 -0.1202522870518602 1
2.7462401062114066 2.5565371035017757 -0.852102617224157 1.6574118991717297 -1.1902728915826926 1
-0.11082861465335314 -0.6355044332845248 1.2036613091116848 -0.6710287972010217 1.3121798509524334 2
1.1277810368683316 0.969600479062297 -3.7586199510645573 -2.5872694052961487 -0.67912441895544 1
-1.1432298716441391 0.04754454274144182 1.2172508628803014 -1.534018851680099 -0.6345027343023311 2
-0.678340446781001 2.115739434156926 1.0228775034349828 -0.06852082189578823 1.6318468376756923 2
-0.2640494253236898 0.4006360472130639 -0.8850868547482769 -0.8738181600143564 0.2430133915986754 2
3.0182483354294023 3.234667111536135 1.5649870947618179 -0.13278652105297606 -2.6788492845156853 1
0.9088711065187115 1.359242380514305 -1.057376465358294 0.15885484668755168 0.10751226409860981 2
1.7682198184291256 0.9338713045990649 -2.592917068247064 1.8992469150271027 1.3618775333081947 2
-0.946977649469879 0.2911367506108804 -0.3018847074637723 1.0954655101127209 -5.050448133274875 1
-0.4487488842233731 1.904609952527074 0.37726053217007993 2.309545636448422 -2.0422189883935324 1
0.9639463510530909 1.8654927065701594 -2.8662569097126607 -2.1943654808681097 -1.6835436046957581 1
-3.085102640770052 4.960899200596346 -0.5274392438209741 0.8473381896550651 -2.638138422776687 1
1.6728623831890357 1.5609123767067112 -2.899262195168701 -0.27333448767720236 -0.4342794153708027 1
0.9976538540906312 1.7546256890036447 -0.11158189349631686 -0.3280741865278156 0.738454692243611 2
2.436884897698374 0.021462453185237762 -3.0004412045138515 0.5520536258702342 1.4351814846430067 1
-1.0368051139051369 -0.5176110468816444 -0.5197859151114705 1.0353903767269375 -5.020588321497415 1
-1.1412148476681254 -1.658747931666479 4.128326376744221 -1.889514961758418 -0.40045588801719767 2
2.6146747144531197 4.605199337061869 0.6310179376390137 1.4651046011520252 -3.3149550509474666 1
1.124462382902068 1.6934106282423955 -1.8033825236724943 0.30180417370159474 0.3880965845044062 2
-2.22437888268905 -2.7581105056749466 3.25362611664336 -0.1861621701926196 -1.1945532796941396 2
2.8413800704924213 -1.9402507114200458 0.12234276318164206 -1.8969957628399596 1.0859257536330387 1
-1.4320857022202564 1.5069111969034439 0.8905456418472752 1.3124944299168522 0.839755779530176 1
-1.0698576151381145 2.920975388521731 -0.3666404299372781 2.2536963516489945 -3.250548181467032 1
-1.8642621137608346 2.8912822081586476 0.24533268998957236 1.0907472073089202 -2.674280066398438 1
-1.8658902237757682 -0.6327660148840335 1.2130897264417577 -1.215106534220371 -1.846057264575056 2
0.01695986063838606 -2.7074305839552952 3.7037123380504244 -1.586501230885749 0.11815330502781562 2
1.4094800734755712 3.1755775807017743 1.3333981459979634 0.1797503996703691 -2.6156308605351284 1
0.7467673358453455 1.7067802392207643 -1.3980587466027328 0.4028369953487586 -0.9934131516597853 2
1.0288227958152885 0.19429108411741325 -1.3632968005159403 2.1293951426390194 1.3983661675880856 2
-2.0735777078964377 0.8467340627710029 3.157971010491623 -2.388674594903905 -0.3630886022980393 2
-0.44022652018826025 1.261159987970422 1.6383952691147408 0.8975269914207409 -1.4404488235678237 1
-2.125022456976922 -2.105553452157947 1.1763556151690269 0.20332560031342628 -1.6222376622815857 2
-2.043562606976369 0.9606254025528387 1.1160684630634141 -0.31009818878263506 -0.6943523371466678 1
-2.1211103323776634 -0.6231894786653287 1.5156895029906576 -0.5305526159560674 -0.7842262759691623 2
0.027883411359005628 0.7303991323197845 2.512664566995106 1.2011109574139156 1.1374777049239109 1
1.5966812497566623 0.14033465736233253 -3.383965693822235 1.6199076527243608 0.562262416846942 2
-2.6700239071820855 1.4225134616127149 0.0851794285856673 0.14026612694373097 -0.6774421809896111 1
-0.8031510565688987 -1.0207539226131785 1.1983570120781777 -1.047038547757065 -0.5370613768578336 2
1.8429692331325678 1.7216126801484042 -2.525113858798691 -1.856650113467923 -1.3076915293289688 1
-1.2772836859989747 -1.63972404879825 1.3621311094089115 -0.8945338765722436 -1.6644002671344698 2
-0.3423171257556814 3.5520701290349774 -0.881619263604544 -1.3133476399260982 -3.2813898600697042 1
-0.44414958994051745 -0.7895125257596436 -1.4818061125358808 3.4829987703553584 0.8516859727385137 2
-1.5377826217003612 -0.795299022799181 1.0334558683598851 0.4558563993259588 0.9712668763226713 1
1.3005596067605554 -0.6257701093537424 -3.7286580103327647 4.332515159005279 1.6219620917856035 2
-0.7142572155145499 -0.42726557679252797 2.915223407015479 -2.4584696623932114 -0.2058236468351896 2
-0.5551794043496708 0.9263827313621584 2.9486128516706334 0.35322092554316087 2.3542336644599993 1
-1.9699510351971212 0.28792019410012926 0.2766662141407925 0.6142696428930484 -0.7263911324519177 1
-0.7932165346503484 0.6079082356189767 0.9893769551268417 1.4014483059136342 -0.028620428167395184 1
-2.195894783827891 -0.5121736562464461 -1.1439506373040094 0.7732360148080665 -3.5504728693633782 1
-2.8494813499774723 6.360733767304983 -3.5357894231647973 1.4282528575140105 -4.71433138738829 1
-1.4028261359757168 -2.6418312886615 -0.9606300082089092 0.24333774759118154 -3.2659603811522766 2
1.093026998518131 0.9962368539417074 -2.4515275923560296 -0.47631619435851935 -0.7043221893828107 1
-0.5023251854833575 0.16097636895422207 -0.3213867760790343 -1.5542624368956477 -0.9035296969973649 2
0.06187059811605944 1.9714095618427727 0.28045851917379205 0.11123419524552969 3.0369898169305376 2
-0.5824561111487749 -2.110439897670697 0.7727140123593225 -0.001520834413079153 -0.5367755471383392 2
1.7158172582870481 4.254455366088827 0.13264608246071652 0.5227569143240536 -3.272059645370525 1
-0.3057889887402393 -0.9566685166186597 1.3004144373617823 -1.7071893183943723 -0.9988279565380126 2
-0.15564281487814724 1.0788535770720682 -2.64618291504837 -0.6849858026418852 -0.9131238055263217 1
-1.0100152258558048 2.5304998857852867 -3.566250559288068 -1.3350656307344535 -2.437058870606786 1
1.1854464662785682 0.23774012379639664 0.017298489463155153 -0.550602413614326 -0.2999717006590751 1
-1.1383517057008228 1.046720504871168 1.311180950192487 0.39625579166072367 -0.9038979251778613 1
-0.4051086104956332 -1.9127788374658978 -0.5139681542540906 -3.9096800745189233 0.21024146645381148 1
-0.5334756493976438 0.19175985480795876 1.1645819863593854 0.5643623406697601 -2.8484204882666466 1
-0.13506125384542966 -0.6410020515617301 -1.862943921411151 -1.7611371840468522 -0.019064016219422997 1
-0.8397929177071153 -0.8521067458238745 -0.34015428700900485 -0.3897050442208376 -1.017081194583762 2
1.506950325293785 1.5337023318790246 -0.6708648245135775 -0.41070206939375176 0.7067662047059811 2
-0.24798067709386862 1.5473067116690653 0.6714018003186386 2.010907460416279 -2.9590266142343817 1
0.4810749265802865 1.6927115296690605 -0.5798297429205701 0.4943788845204765 1.9209955416596887 2
-2.344092157750268 2.7556684473802227 1.6944904850269378 0.08660103671154418 2.8983872872094096 2
-0.649131187799751 -2.068929675750682 1.7479793382897961 -0.5022008756372864 -0.5264737876575495 2
-0.24776491351649965 0.9541861392076599 -2.3634229454711484 -2.2341311234269767 -1.1415763447236351 1
0.998550956369755 2.3788484616735155 -0.2863122813566865 0.08062993048382228 1.079560569996239 2
0.12230732453856796 -2.663799124943734 2.0819763913459615 -0.06294720787036667 0.6516833798802069 2
3.592979091479496 3.372958290264455 -2.091936742694614 0.5842326243872753 -1.8108662899151797 1
-1.380636181600691 -2.290513498342621 -1.5542011305146093 1.4986535340575258 -1.5730331860521904 2
-1.1613363471075464 -1.9428932475493754 1.3573955451597477 -0.40715696946394 -1.2517081599231024 2
0.6001793647109395 0.7817572802853361 -1.2197771421540615 -0.31197154802707794 0.4388607429178375 2
-1.340225934072579 -2.0890380339451955 1.5009022038854585 -0.3088293473934336 -0.9200929741422017 2
-1.013061419897876 -2.0250602990272943 1.8821364152678095 -1.29839287884492 -2.020375225615597 2
2.281435148780232 0.13368994931499978 -2.8500554964622036 0.4224574446505015 -0.28282546559295496 2
0.7020959574102918 1.3878601938937094 0.1026477632625944 1.8661567633261116 2.5058443337315817 2
-0.5743601983319784 2.845343941567588 -3.3357732546852765 -0.84312814301503 -2.2594875026344985 1
-1.9396504336480087 -1.008870769748913 1.077364542650737 -1.0942746538987598 -2.143447002152924 2
-1.295717075019644 1.6581372388611793 1.8493747120691308 0.5642887671368995 0.29628029175892756 1
2.319570163624676 -0.254156885940098 -1.9990679454378286 1.9989436543304038 -0.6557781989327511 2
1.3357261616550529 -0.3716293332121363 -0.7775927471658078 -1.7487168899509062 0.047875179311321014 1
0.5901123730271449 2.1374151485870847 -1.2134340482992911 -0.6250559847945333 -1.9697686629733169 1
-0.53370713314678 0.24663331018011936 -0.013205955702134453 2.0532445758773656 -2.499723882816002 1
0.24218795392509995 0.6073830760863126 0.6391026167374455 -1.7462442757945786 1.0452567431218616 2
1.3424638675882283 2.91544122860073 -1.2136918842403253 -0.5279779550684471 -2.407566604321136 1
0.5035231995933593 0.48117963348694304 -1.936082462143606 1.5496321184803068 -0.8322082911869748 2
1.2633971459190017 -1.1359470400772786 1.9314374423794853 2.5022749487518645 -0.5395470427596643 1
0.3445005221804396 0.004405304685033085 2.7479426051887037 0.9565893064642236 0.7525545194627192 1
-1.216543053067289 1.9264231786287973 0.3600458549457881 0.12061446192701353 2.86001387030917 2
-0.2578009870781839 0.17500428925012934 1.2663131905653953 -1.2116297186399028 1.3230708768102217 2
-1.6090941161526562 -3.1295477366972215 2.4537712290072893 -0.19836885838227258 -1.532829931803772 2
5.30263691744145 3.829596793790668 2.701909937756071 1.9183693696920656 -2.447715314474073 1
-0.734876665647909 1.978782984919204 0.682969620392252 1.8117681498670697 -1.0155503934900842 1
-2.8197069425567234 1.9043306646281957 0.01838787402256503 0.2648181651908462 0.12305317243144298 1
-0.47792530220078755 0.2451992115526438 1.8106665600681384 -2.291648766662794 -0.20016770845485565 2
-0.3626425160289004 -0.9248735530416471 -0.5442949814076514 -0.03778585799446499 0.05731995770556608 2
-0.42307238605767084 -0.7243198172524683 -1.2366421663565914 4.628923317633208 2.4461168391364607 2
-0.9368954801756149 1.352759150545878 1.1555663632623077 1.1158201605218603 -1.1498518469597263 1
-1.3700613154154035 -2.6659533103266506 1.082932062944499 -0.17960360516945673 -2.0545292035077423 1
-0.4037940863714926 1.0315552377379034 1.9426117374232559 0.5406363671416611 -2.0848007162426834 1
0.7409611449739373 -0.6450620954953081 -4.171458051535956 -3.1038434542681745 0.1414775856402355 1
-1.68430572918348 1.1292121910325066 0.7466448900234979 -0.7750396582433161 1.11747982278674 2
-1.936222275137819 -1.0158641294396413 1.972296059992352 -0.5672829642393002 -0.697701368215248 2
-0.7093455381728606 -0.414071571868714 0.8651502341390436 -1.7489825640402872 -1.0574002956654769 2
0.3343505040792283 1.105667070465942 2.7436319482219775 1.1606235101682245 -0.033547669738695496 1
2.151613602321098 2.192961013202744 -2.1655787063570315 0.8778217509045776 -0.635177942574014 1
-0.32342780480821953 -0.47556518172028084 -0.9570557778592966 -1.038563934498626 -0.2738108011404926 1
-1.819298229012659 3.4252527545557583 -0.48721202574579214 1.521697380695271 -3.714745555782377 1
3.6760935757207847 2.0934190658698526 4.0915243390636045 -0.4385488463021936 -2.6524783362538193 1
1.6178071979779398 1.4189865079211952 -0.7505001467730374 1.0706226183387222 1.7542339531697673 2
-1.3585818231977727 -1.3564731195997641 1.2500358679585695 -1.3379886199615558 -2.2339421889877795 2
0.3785544440964841 0.34484438974134046 -0.6565035216716928 -0.44307895054973534 -0.40789785905001386 1
0.5463828755342075 0.5395824625038057 1.6906943035398594 -3.0258150272047675 0.216742398655001 2
-1.4092393343483312 -2.864779525959336 1.3447807635827522 -0.44874445660331574 -2.710502575684265 2
0.2913798843226354 -0.48295102578959415 -1.4083662723297734 2.860679014597779 1.1975131405124388 2
0.35623253468821847 1.7092352469474195 -1.8432669336031433 1.286588286099785 0.6092589263845263 2
2.5791113037886912 0.9113627377173154 -0.6745539977394299 1.4646508731897045 -0.07691854488826455 2
-1.6376373609661303 -0.9925344339849731 2.1854699871751304 -1.5398564241840869 -1.6723453881687065 2
1.1473692019512112 0.8448419674611185 0.05901081058849633 1.2118065822218314 1.3813068048263355 2
-1.1281932230189133 1.205661053084272 0.8742740203762188 1.1130236634924344 -0.5120296772238154 1
2.9117670563180322 -2.36080871954201 2.365545529471879 -2.7918644054426953 0.5083708758652636 1
-2.6556297333004437 2.328745016499025 -1.809630666106612 1.3341797625751897 -5.248551347512722 1
2.301066024664009 1.850491231196219 -1.0066407939246118 0.34086990295437114 -1.2004035282246326 2
-1.228861346307275 -0.6626038738555668 1.7861477449965624 -1.9258404267574698 -1.560890190596273 2
-0.17687868568038967 -0.3153681953578966 0.03675580742732332 2.3418713172439123 1.501774325147276 2
0.6501478426741465 -0.34484528898425004 0.8440673710277106 -1.7809592884497623 0.2600264285208498 2
1.4243723779452866 1.297754364400054 2.077337458773533 2.20483688614598 -3.139385633196057 1
-0.5515732805597868 -1.1615294926461823 3.079721330729744 -0.4993216431899261 1.9494916032838092 1
0.15084192932110851 2.0617467229864523 1.7474381260257852 -3.9678789584081113 0.10256534696577879 2
-0.07478988895089556 0.11203006075105193 -2.351467153093373 0.2081465474370463 0.08209585837101585 2
0.28298534661715746 -1.612476936486269 1.358903758495182 1.2763919002873274 -0.929487270490458 1
1.8164615635154209 2.120235118078818 -0.9680223618669055 0.08840445084772774 1.7922960720597816 2
-0.660589313106333 -0.6534667521825546 1.1036443467327308 -1.7481223747232464 -1.155982000506271 2
-2.1176866235226983 -2.9744699765651292 -0.9207334878353337 1.5100930423247982 -2.716343586096969 2
2.3579163175548317 -0.7584135326530921 -1.7873192238762483 -2.1909995041794033 0.6238757950504272 1
1.433839554253165 1.9056330687333922 1.009013415357316 -2.8275827603920414 2.8744731421294785 2
-1.3063405598656075 -0.36874759292795956 0.9762232610493277 0.4428837016317686 -0.5247832640577068 1
-2.2689999213745473 -4.8589570872754635 -0.12427909746165566 1.7043362501192143 -3.921746314028996 2
-1.6827778514345386 -2.671335811662502 0.15101264181130303 0.6215982628047936 -1.9713547555774973 2
0.726046846545226 1.379982010882939 1.5123377351568275 -0.9874805764614514 -1.801975568140175 1
2.762063150051227 0.8593581863416464 -1.8225469300466544 0.20542419576169746 -1.0041236132082272 2
1.3495326329708774 -1.174819928412679 0.5782075087895775 -1.4023317749956772 0.19330957186942088 1
-2.3001581190098985 2.769665267293764 1.6214101524424658 -0.06053301313174542 2.660618924938696 1
-0.4820488076883511 -1.665799702379183 1.3429975097759974 0.4049154539043438 -0.4549768132141041 1
-0.6555128716248549 -1.2297426881518834 1.2837816180952188 -1.5050910011779037 -1.4211793628510654 2
0.15540650722259142 -0.5169738801594719 -2.880336875338383 -3.7563301476573616 -0.41021684603773734 1
-0.4324917785663738 1.9095839558816454 1.1736881575300855 -3.149554759873218 -0.20061815983235176 2
-1.394030591047319 1.8648118777407663 -5.034493056935551 -1.3659592091096786 -1.3921978117891864 1
2.479968882353299 4.686416778170784 1.0380872027148862 1.3538534453878492 -3.700559050118503 1
-1.186914735635134 -0.8033357656717743 -3.3160609412100555 1.757584487358657 1.5157522324891457 1
-1.3913648950777247 0.10723817275448044 0.586037765493071 0.3222969505068537 -3.20064196533201 1
-0.5379775259358253 0.8447438782053849 1.484209204317376 0.4349368920943677 -2.316382124982752 1
2.5476254506435705 0.17006854894861856 -0.9526791387209148 -0.26288013659671683 0.5083367733308826 1
1.9162143174566386 -0.0902178447428661 -2.672381206453048 -3.673769104248698 -0.24448093277665972 1
-0.14529026220717434 -2.1888717357337777 0.36618132988252317 -4.552848765365508 0.022007598301422515 1
-2.4659102761068934 -0.7187951265016537 -0.1928428470322292 0.11065359349018744 -1.3453756627508278 1
-0.3376146784095202 -0.22175936253981376 -1.327007507315741 2.0969455994570203 0.7635546422871633 2
-0.8879547647541837 -0.04498433396768431 -0.4713375654524159 -0.5440882575434662 0.9066474462837093 2
-1.6891356800977375 -1.6224256202031286 2.8122534455126873 -1.1523073010309965 -1.0892349988498924 2
0.7119630517481079 0.8009036993404126 -2.4900077651192847 -0.7473484646311119 -0.33273604795378764 1
1.9525193289725147 -0.7667757862458695 -1.882967518456341 -0.054625930543049095 1.2366077382862137 1
-1.8927371891591793 0.22555759924068186 -0.8684439699261981 0.8124202786167942 1.2996819885062747 2
0.7786271306468968 0.519601235770051 3.0843950939896683 1.0317622662834867 0.5711314830010119 1
-2.3287087083209004 -2.78728316682994 0.6482996809179544 0.9853992248233405 -1.9326003657220745 2
0.577515919134115 1.3791921951099466 2.2884090396309373 1.952583173759601 0.49023248980214507 1
-0.6716995085589331 -0.00037474397339054555 1.5645207702181028 -2.3452647323466316 -1.1333629142055628 2
-0.32651483320887587 -0.7632885561869246 1.257205180874494 -0.8962064854459114 0.43833303191800344 2
-0.312140454656505 1.1674146731327055 0.7780733437815215 0.415497778266116 3.6459267075739445 2
1.2926783518584963 2.520564014160708 -0.41114873384115136 0.34378084233570094 -2.2498339243600136 1
1.0157014472478816 -0.5401709244795576 -2.422393651926578 2.941160781103204 -0.4578055437556203 2
-0.21176890370409485 1.2492937015042445 0.2378772863707792 0.7860561699672505 0.38217615753917655 2
-0.6705405622932938 1.0528150635794669 -0.8963945536995152 -0.8195368919144362 -1.2116760023549176 1
3.0835718460611803 -0.12418206542943477 0.25224266954941155 -1.0228773827615147 0.09392961907389386 1
0.2419863183091704 1.326792384936912 2.191258704914458 1.3777423767022872 -0.1572455053794184 1
-2.172563180852374 -1.523573307568339 0.5361571577452147 0.5263827744441139 -1.1034530081419578 2
-0.29798163708512315 -1.6047325313753182 -3.6478871772454364 2.1426765216020884 0.34773016373023036 2
-0.24279964448360114 0.7505585813787531 -2.8263101762416056 -0.9554754341103745 -0.6203113848259568 1
1.4185788053848385 -1.4443138806885059 -0.7925608227790122 -2.7284077036413863 0.5736237589506674 1
2.4288429504241638 -2.1140215657293986 0.2190187615219863 -1.9740851743862309 1.5833792614204087 1
-0.5856445985480112 -1.3790706937308825 -2.26269404768349 2.5004344474270033 0.5345110566966298 2
1.0839719168460242 -1.254073330839495 -1.8748061898520025 3.119812065092885 -1.1919561417391358 2
2.347642266812696 1.7844220986857455 1.2148771843574182 0.011076198159057915 1.0620902038310926 2
-1.6753042264972922 0.9811891413247368 0.03885853850375054 0.8990223132369913 -2.27213515359509 1
-1.7014946248384981 0.9656070279156621 1.6079772800511838 0.12871411874418703 0.8054497423417735 1
-0.642905087915248 1.129566448062545 -0.08252123247052767 0.995837644147916 1.1100276251461578 2
1.9341723339218793 0.8111679307735675 -1.74785031154712 1.9492409298569287 -0.8767579985357123 2
-0.5130381488817533 2.4832817020188545 1.029427397292294 1.4511611838526943 -2.9212864558273393 1
0.15822887814815356 2.8930974165236205 1.4998305936363867 2.4369010635060433 -1.498532247079872 1
3.0024059763215307 -0.36139285398185894 3.3862344883809645 2.5019879809145102 -1.554560655707721 1
3.037366931426751 2.1257097120849737 -0.807208106313846 0.9363898603229839 0.8145243330324368 2
-0.20306845802801154 2.019616519507678 -0.01916041728850526 0.29127267987989724 -1.6374320145980026 1
0.464002940710584 1.250562269072524 -0.004491892983487733 2.2604781784224013 1.4779708257084074 2
0.6894918355053434 0.2582228345308637 -1.415529900016709 -1.5898809712138768 -0.4837288625091348 2
-1.59361765316942 -1.2360965398641606 2.2967751842161386 -1.0287863152811423 -0.926753689354311 2
-0.10687979750410204 -1.679109153108957 -2.746615529045868 -3.547792666071833 0.6418899175103667 1
-2.1202706121829675 1.960501898393324 0.97260362840396 0.41390447824884624 -0.19471273133207834 1
0.48680035949993905 1.1267284779956634 -1.1400944647374929 1.2961291573694662 0.1068434581714709 2
0.2367857764951573 2.886954158820809 1.3082330926858639 2.0878537655125537 -2.2379158298407704 1
-1.29279541617925 -1.0153880175295418 1.7292409341957358 -0.7645169551064493 -0.4882943070542185 2
0.5451052037091737 3.0155493949072576 -2.269035702094316 0.4522268333170669 -2.0073317690587666 1
-2.0529019985445895 1.6438874027748858 1.7493360437300196 -0.2822379566440629 0.8379536806770582 1
0.7755815140130118 -0.3712670368155262 0.40563553923240603 -1.1102504973172926 0.06237966898878167 1
2.4040468508847046 1.5410772826651253 -1.2090064170201362 1.1886758854356292 0.3051288333090706 2
1.3406806794096564 5.210114512113082 1.2829744222438544 1.3570444072684444 -4.173236751289156 1
2.2111681377301347 0.28385082575095444 -0.17435540351458967 -2.179150628104127 -0.5316338479850506 1
-0.849872348002753 1.0711055448470201 -0.6963725464006016 -1.934794497979841 -1.2085799432430209 2
1.8688336549378475 0.9156849075524397 -0.5332325895796843 1.0887918485682708 2.635010716567245 2
0.3477000841039195 2.0944563526467777 2.606161250059821 1.4556996887245872 -0.5776280157100881 1
-2.1496023066347947 -2.5332298921929493 2.7121992654526106 -1.2215881774303428 -3.103470000692257 2
2.9821541176480846 2.29495147534851 -0.4127399931373439 -0.8746508304120262 -0.8005387774557793 2
-1.4389645463590828 -1.6738472700427072 0.8967419553444855 -1.3835361424023482 -3.0433458589134457 2
-0.8385444355383317 -1.6933602472833758 2.521010724454645 -1.359391548442515 -0.9164607265260845 2
-2.3080770449856898 -2.3090325895080115 1.2880013197993456 0.03611266996376239 -2.305759172161003 2
-1.4288508850036523 -1.122491768041944 1.5276738795354818 -0.2007617102352961 -1.18256904152799 1
-1.0591906586006687 -1.9957046488190273 0.9127387111945651 0.4784766467286392 -0.18963650954429445 1
-0.12354039222665036 -1.0498384002665935 1.130005268481387 1.8086048852018042 -0.894316318115928 1
0.12399217816304464 -0.05357246411189154 -0.45587569049034027 -1.5998979546571386 -0.5895934247641146 1
1.190454007668531 0.7514030587406133 2.1369141339153717 1.91187155489375 -2.6940976515231174 1
-0.6780509717622623 2.161038862641022 0.9038395102642263 1.154872571583173 3.394459185062012 2
0.6825913302173752 0.5258521854195407 -1.112152717714431 1.6715055981443196 2.2666529778289375 2
1.012679077628991 0.9462412130663825 -0.9490284786366883 -1.1177663409574692 -0.9655630063142325 1
-0.06521835875725546 1.7414982418159446 0.7705676427168636 -2.6229811941379557 0.5541042918704173 2
-2.750072057928498 1.6441574823836942 0.5089865105185369 -0.6501055537045071 -1.5260558537872089 1
-0.1706320417790701 0.21552328829187084 -0.8248753930579006 0.844101437529355 0.9605165242018869 2
3.6387777421999283 1.2609759608737692 -2.090677678203489 0.7851175584152923 2.0075622270795677 2
2.6563795795493856 2.3607314629977676 -2.4198492272289496 -0.05547855294053017 -0.9060647494382124 1
-0.6545417046669622 1.612937016426844 1.500518107435691 0.2456304809044002 1.1089153316741212 2
0.6486918397467298 1.2073539906618578 -0.9181699665424978 0.2778384245684813 -0.17898319279537 2
0.41093198304883716 0.3094148566451954 -2.355374215910375 0.730964083335587 0.6838185354705965 2
-1.4848009764286063 2.1520868948657847 1.4743006505941283 0.6800232974862357 0.8894867209323252 1
2.0523718580596775 -0.2968968430180521 -1.8997223984616174 2.4091794467700263 0.34698821857807804 2
2.4205593155867517 0.6626308977364244 -1.6868072468026951 -2.5684576227228195 -0.8897656640335158 1
1.3753291040930422 2.6743212943063264 -2.7265234270394245 -1.7959433689267206 -1.969641304901862 1
2.186671063238741 1.2675037198833596 -0.1645028374598817 -0.014268794599325174 0.6380606529586117 2
-0.1673349120807992 -0.07604553374294176 -1.8979774594518588 2.0287339892100356 0.6785735422115615 2
-0.1270272485995898 1.7414404804983512 1.9590874694887657 1.939784211644978 1.6958426451865662 1
1.5462812885231951 1.6876715835933993 1.2936691735698669 1.4482952979263335 1.9570139157824458 2
1.1798769832295326 -1.4283700813207219 2.579544412955792 1.2716172966531767 -0.6175347528142014 1
-1.2253556260010847 -0.746345476029034 0.1907028547738262 1.4907926258404138 -0.6523170723906222 1
1.3757305392620651 2.888634380733153 -1.1796566851633985 -0.8357256713031189 -2.52750444628916 1
-0.3927061733288071 1.0921835618259381 1.5043595795825624 -2.9181460676666378 -0.20578865569018512 1
0.9880777333825164 -0.2432021414968546 -1.5744687284267742 1.6869258525523594 0.1663824336513653 2
-0.16115784990836057 0.24386515657838648 0.2688185313443373 -2.0134040098345776 -0.6816230004581345 2
-0.485602472647074 2.2129876246039273 0.3764107277282629 -0.5700369198346265 -2.1551355434791666 1
-0.40300263658561386 0.6617687150982572 -1.1719306004672023 2.180399211172033 2.370732448275099 2
0.19331589180722653 -0.010261844011837606 -1.4011240433490264 1.0573976637629108 0.281803033383893 2
-1.2476490941554017 0.608300715519943 -0.9451860482900202 2.413662332365557 1.4834118593347607 2
-1.9227794040082502 -2.069052542811692 3.016725776846899 -1.1185306245981448 -1.6878910845467905 2
1.9157836301696751 2.589537052513209 -0.6654501938568258 0.1416747805406703 2.2007069169354745 2
-0.6139711551963865 3.9324747183188746 1.725496151380405 1.242944443386769 -0.9610748167752013 1
2.437721525582611 -0.6665218785893212 -4.040537347548408 3.7243910874905874 1.780270071159086 2
1.2148530767616652 -1.3651701683343642 3.1243546489748892 0.8217664143544532 -1.6247712385490871 1
-1.4303251463610667 -1.2988875814490606 0.6880789740627877 -1.6837320343626974 -3.3264023780396457 2
0.11505950992913205 -1.597801025809935 1.1534306469281497 -0.5213845846274032 0.5871488770980844 2
-1.5849982531527522 1.487010076524899 -4.139831193503776 -0.9119211707009844 -1.033770413524701 1
0.6917840458009923 0.23908655553119817 -2.3338281723329986 -2.534867005063272 -0.5322753160404499 1
0.2854197296932317 1.9109442978999245 -0.34831507621349933 -1.0592054464534923 -0.04850111832471771 2
2.4284371893473384 0.544795926178061 1.4842702991060621 -0.3208208098316794 -1.348037272046977 1
-1.4445135926620287 1.4918655541188421 -1.1466301640644874 2.160751817490288 -4.2082790302665405 1
-1.2204028237994016 -1.0268372696109909 -2.4444197280191378 0.7550168167691029 1.276568559007006 2
-2.8686936636669333 3.1571227250611673 -0.3071523863840786 0.9663794381282536 -0.2351081089677659 1
1.0813190500540906 4.165185814772553 -1.181627374617104 0.327327615495971 -2.850220406278633 1
-2.6535810988710065 2.6738063985033778 1.2391353330026098 -0.23455319521419948 1.4222378759091687 1
-0.258573801434421 -0.46718060405317674 -1.2966362034529983 1.1936998656921196 1.624309480214438 2
-3.464653854548435 0.5219238104202121 -0.582664349100245 1.6364232796594071 0.5149660491005729 2
0.500452188621167 0.6275391011843643 -0.8022564058388869 -1.6370717230456315 -1.1532043182901883 1
-2.1191183669877773 -1.4300975610117477 1.641761196970199 -0.7646586915913363 -1.8253804140446928 2
0.3100699823401416 1.726833010112316 -0.30499404543202246 0.5027710171005322 -1.6681414112641448 1
1.5203487628758365 0.6758111553716788 -2.3078988439308814 -1.683136928151741 -0.19996998087116646 1
-0.7592467771133613 0.22246967698633657 2.2887754178207596 -3.2986117771691887 -1.8941956334610712 2
3.231944884162254 1.1802892453760148 -1.0196291282067416 2.06795165144019 1.7266284823253377 2
0.008105726680238234 0.6224229550008307 -0.01619688869274505 2.6483300413565583 -2.1045233850169995 1
1.9548374613713042 0.7888740727197792 -2.0064359209962808 0.4344639605127918 -0.13432753289746002 2
2.3613453202618357 -0.29806741084045263 0.23689435254789482 -2.772805214382331 -0.35661494809857264 1
-1.8099660039465935 0.8519615219616945 3.583080219212595 -2.8902483808651516 -0.5151737417695548 2
-1.1396198716753483 -0.4605319931114562 1.8165000548852503 0.3320871150917539 3.2784496457869157 1
0.6823751099721 2.24350159196055 0.3482386626868894 -1.6209362450080702 0.20469257889105652 2
-0.19133642482940616 0.29566483033171775 2.732333957994709 -2.53310737253677 0.6946797321877067 2
1.4784253984218458 -2.3451712325212624 0.7484445487287377 -1.5285290719508193 1.0332144191575483 1
-1.2880887379056316 0.6963467450307914 0.8144121684564913 0.917591431471346 -0.7991701251407363 1
1.4346044046242694 0.014849698426638525 0.01686303322112903 3.252584144498459 2.3430706009274314 2
-0.19992550416908594 1.8253010617196757 -1.5976599871319543 -1.9297234751377974 -2.1379890679064224 1
-1.5273686825266983 -0.5317397259999821 -1.3694930673013799 -2.119841497827382 -0.4521263776484433 1
2.1624491505039938 -1.2081068848126142 0.980017994535697 -2.5858637975343752 0.1930914042776697 1
0.017955308470258835 -0.023052182226216855 -2.7403223010772177 -2.0004285934110673 0.03563010581977322 1
-0.9189574990286444 -1.5957988888133716 -0.19127853647985438 0.3662496312751389 -0.5891216112963755 2
-0.264283160338306 0.9979045047497174 0.9874422241907701 0.9800659658496067 -3.2985691373699786 1
0.536919170771768 3.068083336890083 1.9438369500340666 0.8827683448364796 0.9832712752896523 2
0.3074554623404191 -0.30393294590044284 1.0043689023134894 -1.7963002248529434 0.12425753148647911 2
-1.154168391019971 -1.3472016419916197 -0.4554360488332956 -0.5103402317409562 -2.2754980852477704 2
-0.10674098476835625 0.001316294343092217 2.940865334282405 -2.641576168598128 0.4049523015517822 2
-0.5611213780752219 0.6883833524626259 0.6025877471064225 1.1969448862236238 -2.5335406123710857 1
3.6151401958440417 2.032506914354568 1.1042035682420668 -1.7042830517442855 -2.1914328969335237 1
-1.807762505637586 -0.410262052285979 1.4919328329576333 0.09893355733537545 1.683755866613847 1
-2.1759185659324665 1.0041228663390114 0.2156089590533169 0.5077949006790632 -1.777852509191379 1
-0.8678805705414928 -0.9916738332353496 0.11330964527524123 1.0306186078711954 -2.212398292737878 1
1.6961811146166073 0.4313632075883266 -1.9794188545324705 1.5232074314541086 0.2373377884042288 2
1.9903582241752098 1.53825890761662 0.18331642553495042 1.2403229563837885 1.4205844030700838 1
-2.2929152824803998 2.133733237797574 -0.44185183294770836 0.8555161057652276 -2.505024067952596 1
-0.4323519845103059 1.4961945110615127 1.7883057273026983 1.464826290330334 -0.23497230958165516 1
-0.5328218083895548 -0.5223151033435581 0.1296748383398142 -1.0001765906091777 -0.8103355793830939 2
0.9871735944488719 1.4749699732257215 -0.3683610427148517 0.86018719134349 2.3964313255941567 2
0.8466161722940473 -0.08034681080794592 -1.8653802881782446 2.331646831556049 1.2704260590819185 2
-0.3558030490416615 -0.3102285839092733 2.3639992064130855 0.5514858728797882 1.045390204603311 1
1.2587609757805756 -0.3429275356860759 -0.5613494573476698 -2.252918988477139 -0.02343731842587482 1
1.6114863661606564 -0.012253122891430435 -0.07676564406428454 3.29689214671882 1.111237876200992 2
-1.3224293379487364 -1.075360597972204 -0.21059046139865667 -0.8981673476113887 -2.5650909751225015 2
0.9099005580726827 1.5833544313907026 -0.3003672599965259 -2.449299810381238 -1.709198534732566 1
3.894690236259665 1.8510678014915696 0.3224144328414935 -0.9728618156417405 -1.465811656757768 1
1.9472196829030048 0.9927200799341108 -1.6704999540228007 2.694218100056217 1.4035777936161358 2
-1.3304845572682666 -0.7445767622994687 0.9873563519325506 -1.233902152929116 -1.492607861451603 2
0.35856707639000174 -0.21406432222690297 2.1279663665892707 1.2639292617368965 -0.5314487780708913 1
3.090731769122867 0.052529429093840396 2.0468779811613764 0.017741506268210472 -0.4068110854749757 1
-0.11351535660785805 -0.0337513750312608 0.14834338280207726 -2.192494420689485 -1.5559721964407374 2