n: 500 f: 10 f_i: 10 f_red: 0 f_rep: 0 label_cnt: 4 noise: 0
500
10
4
-2.850381684119789 -0.8887026130559206 -2.4075262472021284 0.5004769300977783 -4.219773280449121 -2.067210498403715 -0.879743991593106 -3.367217904852652 0.3342044668433578 3.192075128762042 1
2.169191181381212 -3.437389354410218 1.2875502955931148 1.1972828007886895 -0.6877708896088486 3.869438490048487 -0.6261984990868157 0.2611730379674231 -0.7822104738440165 -1.9425637005168053 2
-3.757710093574611 1.2710585353864055 0.950805029483899 -1.823498974622595 0.10034535461462601 0.737859576134029 -2.187511969966761 -0.07699862066039231 2.661621220964161 1.3195224843367774 2
1.9749609404063504 -4.849471580748261 3.064683802067516 -0.11143262919463193 -2.15072158614292 5.053320149139808 -0.4241787776486905 1.821726195169052 -1.784627921734549 -4.135061815384655 2
0.09736531304971718 0.750049283490994 -2.144373989156148 1.543649594230486 -0.769919435399774 0.7313334804024989 0.966416949788965 0.054252215490106614 0.45267462878916154 1.5106669469708118 1
-2.9294444553660504 -2.9040275277076404 3.286111408699719 -0.8315251966218088 2.52928005580028 -0.13101848154931317 2.079009525956743 -1.255921797557719 -0.027935501302839172 0.22213488193824604 3
-1.9105141767704896 2.9326759399663995 -0.8394825981951305 0.325497928379038 0.4246199603873744 0.47041646448144525 -3.330162484332418 -1.6301222982489567 0.9421374605592067 0.2017782372928435 2
1.323363230906383 2.5213651929699212 3.4468833809760837 2.4496569926157505 -2.187723363333885 -0.06139842637288084 -4.539488066303867 -0.2259174355062925 1.9215562108232098 1.3628923801118642 1
-0.7742145015386723 -2.5623004747632265 -0.6062882530071685 0.28929808386571176 1.4068631146652473 -0.9059698583138089 1.283781750859664 -1.7843076498508084 -2.508003348825767 0.7495927042168014 0
-1.1030814608120876 -3.688458766322714 -0.2580072980316255 -2.3692641783282187 -0.399577459732642 -3.5904373159592273 -1.4155549047152962 -1.4497060274229276 -1.2689678943758023 -1.048724677950082 3
-0.367341046857135 -2.576217613200911 -0.06719307216124504 -0.720962595277718 0.8854375224290272 -1.7677799909178775 -0.8959129564153608 -0.8310798244676195 -1.8505246608054344 1.2004175587765311 3
2.033162082393371 -0.25101049529369 0.6122340000658231 2.3581162339498465 -0.5330810873950406 -0.015912517762173395 0.6689809580504011 -0.16896216680681075 4.54144968075186 3.6897802741612202 1
-1.1016280917010546 -3.131587224819585 -3.6312017009958524 2.248521972658601 3.6195364092928486 1.093188506737195 -0.7850410528458558 1.0548487791948005 0.4456701439534394 -2.3107300257186916 3
-1.6568415003976802 -1.3414621232477493 -3.1578553989112326 0.8511215614828084 -2.3520671060473646 -1.8150736788611033 -3.174942951658552 -1.4396329127823337 0.11535793892673107 0.9937816914806128 1
0.8469355341575828 -0.49949238358872405 1.316348222154641 0.11295649090828008 2.8317588714678816 -1.547040859493125 2.1632474148887852 1.9481590835923694 0.8129515231302853 0.36021187230956864 1
0.5529875144813672 4.6157246306746185 0.06665465000253623 -0.6777868747741725 0.9863081562712144 0.7672894785764581 -1.8872159511222661 -0.9116029041477176 -0.15139304706784706 0.16690528861181841 2
0.9505308367377275 0.8954894075107511 0.6082783789630843 3.863977198111561 -3.7313848601149315 3.336596222812614 1.719921202057189 -1.149566380500436 0.07539732428309986 -0.29061611040508306 3
-0.5436225629968248 1.520351282445041 0.6547694265235887 -1.4647668612501095 1.7803018372524324 -1.287899435867956 3.7705819725321366 -1.1329258827077915 2.487528344687672 -1.7548120464450414 1
-3.079021615064393 1.0079524361999166 0.5970057374721467 -0.996625671080745 -3.438894938821185 2.1361734668204377 0.14958548129946392 -0.8111704291457844 2.6566290414466187 1.8763341377413933 2
-2.3964616009315973 -3.05347610514229 0.46179939677012594 -0.3870799933556839 1.2886547472453822 -3.074104473426905 3.780140867651744 -2.4852684560658655 -2.481450245585282 -1.1567741845440338 1
-1.3357828246262864 2.3984818043986795 0.07824484448007307 1.1183713121513372 -2.2026580232383264 -1.3789814035362409 0.41372525557382844 -0.14673059814137956 0.6081913195838663 0.9560233068137833 1
1.8466922292053694 -2.430916748551243 2.8930394470301057 0.8819432570809238 -0.8782090446947399 5.023438657898039 -0.23011774826366826 0.9255888892860218 0.661571441953998 -3.286024699515604 2
-0.4077363410492665 1.8563458107693607 0.7456947131551431 5.84953550330001 2.5987654600876495 2.7759365744858915 -0.6228689519848569 0.5139003899526902 -3.9112466457011283 -2.336344311811402 0
0.11944840987933047 -0.20454272745242918 -0.1143201270781643 0.4540022238476118 -2.2006407049263235 -0.7016988655262957 -0.4819321082346655 3.1807564905006536 -0.6262517990825236 -0.3741522941594204 2
-0.7128430584441767 -2.5324105364384724 -0.7350563483680213 -2.427212463237828 -1.981263192178142 -0.1264045246330856 0.5756773979702561 4.464309322398745 2.2731475309115634 0.11360960669714182 2
-4.525786271092061 -0.525378298884813 0.34997263440812654 -0.37221032364368856 2.6106285273913787 -2.2408247202217635 0.9766930455906819 -0.48517462133569866 -1.2681436148113863 -0.5830366765869512 1
1.5971165375416394 0.7867486442698615 -0.42514130372652903 1.3818553772231106 -0.3288902354563552 1.825720355301253 0.6503100809181166 -1.1507084411040935 2.930528095145963 -1.6157449313284333 3
0.3898282211286892 -2.270764813349497 5.7103969515243795 1.4520561127725253 2.4777825732087946 -0.7543253304537894 1.8019108390101661 2.3943690901037065 1.4019170704929076 -3.2501176337559294 1
-1.3592595712145552 2.265085139524665 -4.741587443906839 -2.149544333435392 -2.433899499406211 1.873156358651567 1.002509749168004 0.14508625580230428 0.7507287642431 1.703743302311059 2
0.7008800525267349 -1.5939358903120013 1.0146249287755922 -0.0399982729242081 0.7778852230732984 -2.6626946196759564 3.7145472017884646 -6.569129348285323 3.514217791838186 -1.0079123233767064 0
1.214118091031815 -1.0167408670615454 3.5004894521052274 -0.10857257722500457 2.126253172123183 -0.6824499204497461 -0.40502273722239024 -0.03621587351705502 5.065206455839384 -4.816593066509471 2
3.6825197130666583 2.8848825307936075 5.243472587078337 2.4554498956327775 0.5849042129262163 -1.0910916361717593 1.7345144952619305 -0.18164840686831685 1.8090670574557772 1.7843092679181713 1
0.3302696878551521 -1.6105928832456007 -2.8814849689765802 -1.566366110429221 -1.281488049173022 -3.6844388661164635 -3.6876588088815843 -1.217638769996599 -3.892830386847628 -1.234183554464501 3
1.8355498972321156 -0.12626859500731336 0.9523647865350766 0.8466058089501107 0.4769041822010711 0.006173606485947447 1.9450592015492454 -0.8746090495583819 -0.4358802379088874 -0.9018730462744576 0
0.15698668920717407 1.3725360037619787 4.67900097488849 -0.5328070102390949 -1.0120170432891982 -2.072724163492465 0.18095656139871252 -3.2933609375991098 1.4010102357908525 -0.4085368317526117 1
3.1001069639770282 -0.841767635432305 -2.6639556873904278 3.1306436937687914 2.194788241493595 0.8377103333917741 6.5755875168852365 0.48325169605436824 -2.1486288316018287 -0.458855425789389 0
1.2010644967066977 2.2796439037022944 0.5230559590035571 -4.061187580748215 -1.776924543337012 -0.6381557149476704 1.4537829385796346 -0.37508640056314124 0.3310062221294948 -1.2725054577584625 2
-0.7478032537807338 -2.517023045252743 -0.7083675352726122 3.1255541252090584 -0.8695152807778375 3.2519126980909534 1.312963963587117 0.25784655189597094 -0.5360071373483533 0.0730442672860041 3
-0.28961428937075406 0.08902460644097632 3.1481958434063535 0.8996308487293463 0.32375300037927635 0.16098636831839142 2.25579508988802 2.048446453789126 1.342844517181622 -2.7925815829638543 0
2.4948785357999697 -1.861182139929821 -0.5897067741236008 1.5550946982021188 -0.15413904721891747 0.43928121858324176 2.4498230389984426 -1.4909529713575622 -0.10978149801214054 1.436176758708617 2
-0.262516458889657 -3.99860471070633 3.1670243097956643 2.4501734730720357 -0.3238368616593592 -0.4080090257295418 3.4806647593060474 -1.2507263389384105 -2.3261152191299006 -3.25160307017228 1
0.5768471618390136 -0.6162799860217714 1.7320483419154153 4.760309446400925 -3.93674945092572 3.9190124183364863 -1.3468653571445652 -2.2718020636234058 1.5283155260091728 -0.12508076026837378 3
-1.1563612874909155 2.392763747116333 -1.6127198836604792 0.7046465412233031 2.609619194700042 2.2746444092629146 -1.3389485076794503 -0.9253484773526397 2.81089154986559 -2.6078454197104004 3
2.364777455279418 2.4118213481207973 -0.573760346336385 1.7707206118880736 2.308330891135341 -1.0862391243055087 4.375255955238149 -2.52348463548312 2.246905854415241 -4.699896224216621 0
3.40052755228079 0.8460688844294255 -3.6312868731505823 2.1905657878444273 4.342948991979636 -1.2740708784714694 -2.269947474458329 1.6193506618938818 2.82409602189593 -2.9866612790317544 0
0.2766067436901477 -0.4854346805272143 4.466050022387229 1.1496037539778414 -4.697061042365774 0.11349115062635073 2.50183655612951 -0.3227315500682072 0.427642089260742 -4.331396458597446 0
1.2995433528274702 -1.144614651284869 1.5291986091144607 1.604365780268516 -0.12122404768404316 2.88143682011304 0.4126580387794865 3.68293454273646 2.56060584359543 1.5267794171133438 2
0.7328231279797798 -1.2791148149138982 -1.878356206910478 2.3189230864550554 1.5013607887956533 -0.35390174466523583 1.850625927711003 0.7455362007478568 -0.885040800013635 -2.110137733499286 0
4.113385290219419 -1.0216382643534938 4.991953163062055 3.2338741107975038 2.560611374213561 -0.5513367387311277 6.4308365328398365 1.0958490809325183 4.763241362834274 1.2612615280568766 2
5.333510565513857 -0.8926395418654833 0.015049466367806907 1.4506531961459093 1.273971367499105 2.841179629901679 -1.2534633611236778 -2.0561439736517118 2.2631560476776835 4.324155246957236 1
-0.7162877529312537 -1.3336446508380877 -0.3298354056570887 -2.614445657056412 0.8066393214213067 -1.8613208718048166 -0.13813043367739763 -3.4621011983895804 1.5460053003692291 1.0513419857086137 3
1.0860944205713503 -0.4570560053006796 -0.7866692783689757 1.330704340401054 0.9359569915889974 -1.1621270569498863 1.141859253637199 0.0994889070779077 1.4966777472023804 -0.6575753654037904 0
-0.10763419225346582 -0.8786579508994489 -0.3232503240333384 -1.838856650640507 -2.082453968814174 0.17881613855806844 -0.725949387172848 -1.7088920603790445 -1.1312664553136815 -1.6885972741778126 2
1.743037188602793 0.57925598442011 1.6838479227669425 1.1682631658691138 -1.5035723913467158 0.6141531440367549 1.3333651891633913 2.1982283993457994 0.13951529671981888 -2.2939583495774363 0
1.3352589026527606 0.938687470817029 -0.6635907891832162 0.46812979754180095 -0.7666008756586096 -0.46213794238203565 4.499612869964902 5.372357527505961 3.5229414367770997 -3.0386735148110775 0
-0.5607690975868296 0.21013616742909536 0.1595688016553789 1.9464092553214962 0.17967564451214113 0.2905097480343142 -0.2015108940289687 -2.5843050761662862 -2.4672543320441362 -0.0642581678114098 0
1.6139507065167513 -3.0756890388907223 2.148176913644967 -3.8242956036574802 0.9299259787271388 -1.9288340521758442 -1.9943819126435922 -1.5664012353337777 -0.21251885577150698 -2.206206724933212 3
-0.5756792476975028 -0.5940141284464018 -2.011992258523393 -1.2206214293432815 -1.85754995467232 -0.3891411778979781 -1.4272483107410023 1.9142024055970468 0.5474218402618783 -0.05834210481443791 2
1.3367536556049329 4.326931979819895 5.061962908355834 2.005516675003774 -1.2285020414562036 1.3559848238505707 -1.7418706809719477 -1.0241419756604793 2.540998407462431 1.8499677899265734 1
-1.9750126951846716 1.8954935833393634 1.485471031099923 1.2069425534989535 0.26066978902417426 -0.2643188447654723 -1.426269760447932 0.6220462082886149 0.43846292149358257 -1.4462384179197767 2
1.2339320343171456 -2.083908595675525 -2.0902894553032985 0.5425241335221072 1.2763235887246833 -2.215949069275392 1.1728393948047786 -1.6380760802608227 -0.707250973369311 -1.2870695342335992 0
1.7801545306180806 1.0713477895237111 -1.1986612363621734 -0.729239190910187 -2.0077258967478824 -2.4767276616026885 -2.5331514159514046 -0.5525758401821652 -2.4780613477362246 -0.07956509846784954 3
-0.12577827802285002 -0.2262449066986667 -0.06943498393268077 -0.20010489592740055 0.062477511889603266 -0.22370712394861858 -2.970784079883331 1.8213620840356697 0.701898228717263 -0.04281930516185106 2
3.9813215108518714 -1.4012503750790597 4.368654252752227 -0.2264025947204752 -0.14785727852691588 -1.149272911647171 -3.4828016244018722 1.5648151100803167 -1.4541963086263687 -2.4145301656419624 3
-0.5454193904336546 -2.601460396028969 0.45521070464121227 -0.008926377585957601 2.584673156061743 -0.7484980380627309 1.61354678302696 -0.5453106392417125 -1.2267263795388463 0.9783010615725636 3
-0.8988423043980456 1.7006802309140392 -0.625450011413546 2.2281979869604904 -3.5940413794956636 1.4594147820685737 -3.0244754765478237 -1.0201278106959526 -1.6224689086895645 0.8486414041326068 1
-2.8581673620785266 4.237706473005734 -0.004138768564893258 3.7457008693354257 -3.0347642062667832 0.9585102046698732 -1.331292405165804 1.3109047722152871 -0.17602550882534174 0.7833583872167679 1
3.479350349246261 -2.0655603776181857 -0.42283865351728855 1.0009312029442472 0.7713046491250484 -1.5750216253037896 -1.9539253733385802 1.004556901063403 -3.6176542093027715 0.28483759779975415 3
1.2930522580397035 -0.6618979726997092 -0.9841349215950361 -0.7776491317015457 1.4620407547597627 -0.8501589134538974 -2.2123193851536223 -2.048467628879374 -2.0608202843601076 -2.4104584217225216 3
0.17820915135758542 -1.7751555837708517 -3.4972661346102747 -2.406155734863972 1.1509933120150428 -0.5061483404224076 1.6007450255146498 -0.27223625408741225 0.16720837562995605 -1.4472878378423149 3
2.822931523935797 -1.5118825136547254 2.6341222470686856 -0.23233026040773208 3.1494503877154023 1.40183028876387 0.43503890191589434 4.097696307570544 -0.11610020845688174 -0.30570454573725203 1
2.1236214286453254 1.265275153531901 -0.9053908518907499 1.1081889298532404 2.591817775308559 -2.375279481097456 0.8094047270613773 -3.4399873578983846 3.96719897639311 1.1760446875086639 2
-1.8253233218404112 -0.7062754111395242 0.4165280531847777 0.5217910522438944 -3.4054459623323985 1.944914451107913 1.1041814039453053 -3.3209955586516413 -0.5799087127536304 -1.0491406977618098 3
-0.32626421914484927 0.4981849934295768 -2.1913319523664176 -0.4790428338532313 0.10200664704415208 0.10425382118552806 -2.2707819544161842 -2.722909227273018 1.6771543955775243 -2.7758684742825444 3
5.114823444489374 -0.9797130549407629 2.463129984323139 2.6032394624078257 -0.951086629713788 1.1167728770931271 0.7803024691658013 -2.1969827062709184 -2.3101588528231187 -1.542912299654211 0
-0.17421498544057168 -1.0321172534838137 0.5597947574573635 1.7963787648724816 -5.885383700600043 4.36035951285157 2.7588797144574286 0.9199495872766514 -3.1531793124591916 -0.46125591732357407 2
-1.9359445438754712 0.7130367850823993 -0.3377599571860138 -1.6628553685698175 -1.973072354536313 -0.8685054767636005 -1.0248629228889612 1.3207093211041652 -0.2528770739911719 -0.38331639396479433 2
2.9565523908335996 0.2777095054789831 -1.1024871859222736 1.5014470474853558 -2.6507119010561206 0.5335464992649721 2.074395904480309 -3.0261713982101046 1.1880702189704948 -1.3763755111257292 3
-1.7412225938006247 -0.6748898421474303 2.7785986273298873 0.4941133267618807 -0.08667317114634088 -1.3981424786933585 -0.6752768008043737 1.939029896705537 -1.8393184912921892 0.18526560627004507 1
1.5070418724766235 3.0802175253281843 -1.662388805610559 -2.4612920383338137 -0.8278788660742381 0.7437422359611816 -3.048262452727579 -1.1300483757103437 0.36805865782422276 2.0990872541552363 2
-1.1179488897535148 1.0031585106787257 -2.2806069510205136 0.06347332560811236 -0.30624236932398674 0.254388269673106 -1.5376251720698457 0.900993527138361 0.451757020661837 -0.6328840628335168 2
0.524189867572836 -1.9456862989584915 3.845318808299437 -0.05266674655435777 -0.9149229613443235 -1.1400378401787075 0.7440545813716879 1.0036285253393884 1.026969552309408 -5.093690138609793 2
2.587809539044172 -1.6788922265345112 -0.04393709276126334 0.751222415782733 -0.5446344969090995 0.7518519239647503 4.413966406542556 -3.52092903616828 -1.5237354897548154 2.068662575630764 0
0.01933981758290737 -4.2546874292558945 -1.8868853019460934 0.09103131428130273 1.0704309058216888 0.12328391224080781 1.135371875365884 -2.4479533227533223 -6.259540965347583 -1.4940417583946766 0
5.352361595664829 -0.07306527573380961 4.696436989625296 -2.50118060733684 -0.31534014698598534 -1.0520259676219774 -4.336926512998188 1.351731468285533 -0.16612438358419945 -2.454019859171571 3
-0.570874491411921 -1.0850204380940986 0.026266228759919796 1.0648486399787314 -1.1519598245957143 -2.0503717391473613 3.8126850939890122 0.45094461381747863 2.6623429645008034 -6.223656533393852 0
-1.875703139252165 0.5270064167215123 -0.43441581048465117 2.1877417791057496 -1.9630935785769599 -0.13699360649242487 1.6619774294490874 0.5085948865343937 0.4861942129926986 -3.8262207104254133 0
3.3436215410208963 3.363903510656902 -2.414998134724595 2.838546407551865 3.130437347761606 -2.801701844970732 -0.5913918783529706 1.5236662633244134 4.965282335722963 -3.0440273075881743 0
0.007242446415681836 -2.898906454703333 1.1267687931698274 3.9489276658964814 -1.6207706756360607 2.052256499340211 0.1312181955358177 0.10075870851833635 0.6800348488155472 -0.06886990522379433 3
7.669030924664064 1.0836786351711387 2.0522077104400402 -2.098821017035992 -0.279409515482967 -2.392991563715401 -5.6441990923008 3.787244439185879 -3.264675596518611 -3.0844627187748648 3
1.6707437218258157 0.5261548120994974 1.9079321239942248 -1.5464915622690527 0.2423469626601873 -1.4174953393629381 -1.4352362563549526 1.2691888173308037 -1.5526222669500043 0.7831577199371389 3
-0.32858073523741416 2.082168544628201 0.7916233416844842 -1.5394660435049419 -0.18997103336187016 1.4850282882043386 -0.4610382127453456 -0.8291438539825351 2.8312570195986373 0.6588934851100341 3
1.5383293528059916 -0.8796343980250464 2.468687658822338 1.959109585614436 0.4621403308383456 -1.3867212640523348 0.23875877672798507 -0.4028608466563669 0.19425469108802484 -1.9214378296413535 0
-0.9605325569461937 -0.7262842166583837 1.4078978397649182 0.8210515071864128 -2.247928345958314 -0.27576967691480037 -1.0001884069266018 1.5582071019832453 -2.5417955366323888 0.42609925070027765 1
0.6751115371341878 -2.4074069453802442 -1.0740195723264472 -0.8660387921141575 0.46326255301850094 -2.684522485782491 -2.5573207749697198 -0.8740648947711656 0.7775527345961262 -2.070727437621415 0
1.4918847128773804 1.1165668515313918 0.4402771162126977 1.977946018811776 -0.3977890626957641 -0.25402115347837806 -2.2006250430864354 0.5473087185428491 1.5938247001172128 -4.214626489930785 0
0.4254418511943465 -2.5096944848323464 2.5024710386868496 1.8138447932068082 1.3558406427215348 0.007477947232593873 1.0711730626880003 1.9797396366693154 -1.447785887647779 -0.31329011379560945 1
-2.9177094876404355 0.7842296942967084 -2.8961683013999293 -4.268251709067744 -3.1258529488602362 -0.269445025122538 -2.131020940438731 -0.7665849623844376 1.8804081438761235 1.981289769826899 2
1.1632467175803776 -1.6235873585963807 1.6974193716991368 0.7980796711616234 0.5428043759386281 1.563379411947691 0.8754044443448109 -2.214422188356316 2.5575307276164034 -0.24838429623470082 2
0.5169221899334145 0.22110657762733732 0.8966448474724554 3.2350288998339654 0.7487341495340494 1.2209859371307097 2.569583133148606 -0.5325667597963433 0.18106114202337098 0.9022047023923057 0
1.219475897129277 -3.7047759641188445 -3.0509041158649066 0.1506966059818805 5.5318954342147455 -1.9474748473532708 1.3444908203188142 0.6925207265530042 -2.0470164315014063 -4.2083700368607975 0
1.0182330677568776 -2.5817052534990657 2.7782086985175325 4.270859813803377 -0.5274417827966593 2.8026416808457832 -1.4928707705318853 -0.28789887806630576 4.055553883956866 -0.430707882513226 3
-3.059907788586033 -3.2660435697079166 3.3536128154582423 -1.175592006453474 1.184368490797163 -2.4169066004039834 -0.7736716867081488 1.4753992441326544 -3.5468544405122575 -0.6848490561594107 1
-1.1055931125487053 1.6709132728087752 -2.3744098198995456 -3.1261316337091762 2.7165107181083448 1.398494140463812 -1.8568794877091923 3.5688798096069245 1.7312291505040638 0.6178515485742995 1
-1.676382475530429 4.070534089902478 3.953539661771711 -6.954447794658002 -5.1815723607836714 4.030632151661129 -1.0468029524156166 -0.8891845493984275 0.8706043041033779 -3.373573591522452 2
3.444199349114261 2.401114758239741 4.400155458695323 -1.0990577308640188 -1.1796543153223258 -0.5420796814434969 -3.0564061405164797 1.2896616477132015 -0.3649181144746386 -2.542344726406742 3
-0.6189585925813044 1.3460207916410774 -2.61730125833036 -1.3746200471356622 -1.4428051414946625 2.7504440575302826 -0.09095746689759299 0.445030596103166 1.9363243601419404 2.476041444397768 2
3.0321097175168608 1.267151808485361 2.4892041550552424 1.134821512111007 -2.120078819727147 1.0209796350939824 5.208543192083851 -0.34574851994396416 1.3046184259898548 -4.510835261381278 0
2.392591787036201 1.0793302006316445 2.0866287294933876 -0.3821151280586481 -1.7371876408238394 1.4757268821946057 -4.025945175387948 -3.6194600405060315 -0.21703796669831132 1.5927875769299198 1
-2.1477268194059853 -2.070746786709877 -0.3295781503027184 0.6626242419981033 1.271492789182441 -1.771394328015921 -0.5089968945475241 -1.3417597924245568 -2.2916692473374445 -2.3011222876876722 0
3.6480599873814645 -2.515899017584311 2.6271115074104756 -3.7472843245420098 1.895040057721471 -1.3738202394182553 -1.9908669706742397 1.3398097586025757 -2.953593590206224 -2.459587698829372 3
1.7885963462458254 1.3349569147684162 -0.3057062576620777 -0.5447312388665366 0.6250226109089161 -0.26271085901287927 0.8616064083170687 -1.730775764088052 2.9498254811331166 0.01793568032078574 3
-0.6905304889138254 0.47526902982378794 -0.5128276028695289 -0.8259460282063424 -1.2281999053131125 4.711359271367568 -0.7988156241828226 -0.4964044264332632 2.05623743304968 3.6203030073677356 2
4.830996697244493 -0.7483316662706336 0.11966682757690161 2.4726214950879717 -0.45338874344086044 0.42228608952213675 4.116215023882145 -1.398059358366866 0.6089593089747335 -0.5362693001620698 0
1.7071483105764769 -0.3751925141512994 -3.02845921241318 -0.1607219560151133 1.640009679941432 -2.0560508491194547 -1.9718859270158369 0.5676431045614747 -3.3151874863489947 2.4480572899529234 3
2.1877569846916307 -1.6015015844022198 1.2164171055424622 1.7172911284858512 -0.7002471864551609 1.3598457499480183 1.4667639641750525 0.5035044289716346 0.439234479693427 -1.1895337146726057 2
0.13835726301467743 0.4384462400639594 -2.9013922793991416 -5.503343800556447 -4.11578176851922 -0.6450415687167483 -2.1556399257742 -0.12899822771588543 -0.29421636760082204 1.3463573336162373 2
2.128635335013959 -3.303750514343001 1.1453870214404374 2.7655018745634807 -2.3260184718718606 -0.2801181609201209 0.40126327948838647 0.4140155506074419 -0.806700890445275 0.7585979929808639 0
0.28120664539364704 -0.15963201945931682 -1.831407155829579 0.1257052922985804 -0.3610194012053328 2.5614090462368466 0.03670067891601536 2.28985528977362 1.8415430334768224 1.61578631297993 2
1.6652729806247617 5.247663589209735 3.937705580986868 2.2043717070996016 -1.0802823774197818 0.002852919291993272 0.030713082549959747 -0.2860722913150857 -0.6400665345341328 1.4825272013529212 1
2.8374072082957777 -1.3769259280343873 0.2494413652371259 1.2556054973382866 0.8143078385848869 0.3106487434114744 6.992947921084716 0.08855098431135322 -0.5860879581329539 0.2116115869879036 0
3.2053874080976943 0.7253374046785916 0.8318717045985686 1.8186846670476013 -1.2123270902838934 2.5571648641565856 -5.098578420617369 -1.083628837241263 1.8045208226060934 2.7740274774989997 1
0.798651569860987 2.012362961465719 1.500374148797707 2.089424249123324 -1.0493522754713003 -0.8503441764431932 0.725860649016403 2.1541133499294642 3.8739136663252256 0.46382040407496195 1
-2.5947139304461264 0.02464398887948871 -1.1300628448680359 -0.39309175160734977 -0.857651970543823 -4.999348474280675 -4.025084306630778 -1.680229288262495 -0.17827024243093936 -1.4202769854265738 0
0.2916153663043155 4.832459500243099 0.7865351433351175 -2.8833062118658366 -1.4546524102993843 2.2546193469505393 2.2899316315749054 -0.3433676299303341 2.7101888229800792 0.19237225208779773 3
0.5427181711539495 -0.9271598154023766 1.6615443773783265 -0.7567529748513591 -1.336336286999423 -0.48053716722417505 -4.599877200240432 -2.789226805332369 4.349618853177699 1.0740615013875228 1
2.725968296278191 0.4113023993863175 2.73108325055747 -0.2981235526861423 -1.0472463000290382 -2.1367600200433294 -1.9590929057066524 -2.018800629705731 2.956684958198495 1.89909804126356 1
1.984699961418071 1.0370571961171557 2.790824719384019 1.0556438617935724 -0.5437953129087858 -1.3629157473754063 -0.6148178609563887 -1.310731288596978 3.126583971296946 2.275779511740398 1
1.170577870793466 -1.3823820860830702 0.1528737005899209 0.5267250798523185 -2.659960869034723 3.0276402461759666 2.0279917362367486 -0.1964014059392606 -0.5043936098654418 -0.03656683809689487 2
-1.1488005289931147 0.7787902501218882 1.348116787263974 -1.1034266124324432 0.09195204878046292 -0.492083811029011 -2.0980300494538855 -0.613008295796876 -2.4971070199030416 -1.3560893576582727 3
1.640560342545608 -1.178802300460771 0.27045939463438395 -0.009947528595408262 -2.4905338637040657 3.835823425808886 -1.9728542186108307 4.106988255723223 -0.7137361309407715 -6.827877621077947 2
1.9717327028345175 -3.8379827564848936 1.7835534218301061 -0.5950272380207269 3.318411485008024 -0.12152878333593642 2.7343626841854456 1.54196651464554 -1.9535392327337857 -0.7773717520150503 1
1.6149913643555138 0.11433874625707219 -1.5606212537955524 2.2737545387568225 -2.8615295378248 -0.20192034184923946 1.5523451030161524 -0.4252253060200907 -1.7877899198451614 0.7064911826872229 2
-0.7070053274475998 -4.944553230013351 -3.1119786090625685 -0.4585829519334763 -0.01954920036308061 0.4723087939054318 -0.18433961502790175 2.0116368467225096 -0.559743782529633 -2.0163737886829423 3
1.0281059475886207 -3.2704937184280882 -2.479652077068017 0.9303821792127764 2.067331209039113 -1.1022107516169648 4.165736989421184 0.3383769100827778 -1.0917884368198263 -0.6621048835231467 0
1.404316927768458 -4.331483961083002 -2.4731885563991813 4.1461627162111805 -4.54206909835036 1.6911172797883145 4.457741468905581 -0.5189394049585463 -3.5508657565341837 -1.8788411868272212 3
-0.7457726013212871 5.372474801282372 4.601803126813834 -3.8039270012237463 -3.17147197272143 1.7452070619948317 2.1106072652323666 -3.5136937093175704 3.4150770715959706 0.9202886647788613 2
2.029059660737423 -0.07690994303279419 -1.4957958064062788 3.222138330292946 1.462521663370699 0.29926103236087553 3.4553799648912964 -0.26181690420921633 0.16519138330782002 -1.622444554633581 0
0.964877485543065 0.509409979872947 4.3654229642926765 -0.5322765578073849 0.3645337833507474 0.658237082674227 -0.4308940197851179 0.37367200266283596 4.349625085139126 -4.8063632554197575 2
0.25215955437812665 -3.8967101953169454 -0.11064730539848833 0.35122775185464994 1.4518516772789174 1.8975837700969365 -0.180615750963266 -2.6775280478368657 -5.088936009465104 -1.2232509769462474 0
0.10294634823297522 -2.2047954440201147 -0.5966500331091058 0.7664486470701296 -0.830147055351563 0.010258363491518097 -1.7448366487324902 0.04725722214717121 0.41977737909050095 1.358379415157986 3
-0.20261813551964714 0.1625178084126292 -2.3367201853559068 -2.384741569509128 -4.621678812863644 1.9178183592072626 0.16300522041873222 -0.6289910399329945 1.586895093265452 1.171200658795858 2
0.47505455349690695 -1.4165904773557907 -1.3190688703145752 1.6182122610373502 0.58695187127345 0.028770274610998348 1.5319194738517394 -1.1416693525025274 -2.5209744187034775 -0.7377369097557571 0
-0.240802151330066 -2.4848876531509 1.6104899066677323 0.033687363107667734 2.8554556742375214 -2.416791436605912 1.531806193120529 0.2676979583645238 -2.422932726339342 1.5302176277844821 1
1.826372743633299 -1.8451262646410842 0.584587822833072 3.7188659481076 -0.6637511487395304 1.537411455582977 0.5479808654945351 0.48909622788783635 0.4744385581832359 -2.5554036401150304 2
1.392602755844643 -0.918081892687538 -2.383484276274256 0.8571865043162997 2.246539117985068 -1.628942138641967 1.0688283643501395 0.6658880882984446 -1.4189396768744111 -1.771025469411256 0
1.2545540293256672 -1.0039822343926526 2.0222205478815574 0.7981281080196729 -2.2683643420396242 -1.3108018276561904 2.3663734801415375 -2.033156163711716 1.572695621650288 -2.028398417371916 0
-2.397786515409082 -6.336166662699518 -0.3079882374637275 2.8572833132923465 2.9782843065761737 -0.9064031806140762 -2.8877828097119327 0.41978414497263894 0.05161226953808551 0.4814357768239268 3
3.7222262990674375 -0.4776847914205278 2.9245507440790712 -0.7241214875507427 1.8505387795944195 -0.4377080496372503 -1.1021049853684797 2.1599573275227657 -2.0671647875341126 -2.272526401698685 3
0.4144190251939548 -2.248471603727194 1.5821450381133964 -1.2179217334526147 -0.4323353450052746 0.6477924815195042 2.8060699119894785 -0.05815654268355053 1.95259991276562 -1.1988238374241957 2
2.181778095613641 0.4796395411464174 -0.8644614734227125 0.1720921418119583 -0.13033451685289887 -0.9945207424602024 -2.485135596150148 -1.933869434773911 -1.4225212076003735 -0.9742765251419868 3
-0.36255659894502346 0.31144368665225475 3.56486929337236 -1.9796293195450319 -1.185065901654363 -1.1025736358402456 -0.9412721234241794 -3.3227811059894723 2.706671836792099 -2.6939613280004346 3
-3.0277964672557394 -0.5637053712552744 4.651807467420381 0.47689136488454353 -1.948322371179784 -2.0531799562896156 0.4164530894273635 -0.6391754189996137 2.2754878683364232 -1.552881802185972 0
0.30243504794231746 -0.31009133711177717 -3.412883535146308 0.14609313836065096 5.37466790604262 -3.808500981412951 -0.10321411736265329 0.7109288024528304 -2.436619118713815 -2.0251294543932805 0
1.0502430248727406 1.9785761877557027 2.593657178409633 2.929593806630752 -1.8907855995102028 -0.703524711139853 -2.951120979421003 1.230009856371181 0.8466364330436464 -0.6783289798626222 1
1.9167096895903544 2.6284261125514066 1.2615799374181282 1.5837627989390013 1.0598214711678446 0.673013163432399 -1.8048719440021466 0.4897734821641062 -0.6479593112573185 -1.079076609100448 1
0.989499563859685 -0.5069668211716951 -0.874824095913304 0.21159272868815693 -1.0131239893482267 -1.17529139194092 -1.8461628436114772 -1.6527357858314722 -1.0413658670786372 -1.1081562252254766 0
-0.21371538935668266 -2.7199040593131008 0.4369842351767378 -2.17695872474715 0.9704390930308129 -0.8723795051191625 1.1424217418673803 0.2644616402287503 -2.586549153095823 -0.7542513207815099 1
0.36659270265018196 -1.0512245658416133 3.1633432522789002 1.1058501247079149 -1.2371082729373526 0.04198587173709667 0.7226882875915082 -0.8958720751570756 -0.12417430724451317 -2.154491433733938 0
-0.10856148209133476 0.9925753175627083 0.44613532267447464 -2.4746543374600085 -3.1392219849371203 0.7590128499497457 -0.8931927453950836 -0.8110621061514457 -1.4048407669099587 -2.383569977195175 2
-1.349783944259626 -0.4966765751758133 2.6502704987292582 0.26174730922273814 -2.1932807251326616 -1.4959377880937 0.40874266305856344 1.4899832090034422 2.051266483557276 -1.7963863874077752 0
-1.075076555811276 -1.8748400159691654 -2.2787336858432425 -0.6155839778298471 -1.905460395987532 3.2981348307563874 -0.7717836858025322 0.5792945737454046 2.028901047425582 1.5226032365434736 2
-2.1203526814213025 -2.17427163462569 1.4923201104483121 -0.6777314673988509 1.290095217448867 -1.003350390997613 0.5232260105445339 -2.234467682692012 -0.17683484798142268 -0.6837078472822523 3
-2.5378827267348822 -1.647703738103663 3.6825237045268273 0.4029915050852384 2.0942963006729367 -4.253276600573958 0.9118589415465616 0.3552939336895735 -1.809395890832166 0.2805162356909314 1
0.4862327864776096 0.15424797972693005 -1.3984978949223352 2.7403508773787015 2.4258364076475334 -0.9859432806632586 -0.6406779254669153 2.925837859094438 2.647857733690733 -4.144775957378169 0
2.188720852034308 -0.8244289428244951 2.4301580898182094 0.24006803409401523 0.9954167680934927 -0.8229945959045457 2.3017856589439347 -0.1636049394734862 3.3992629286102125 -2.4743165347629046 2
3.8451861322553476 -3.1402315221977064 3.49655431307659 2.4558132081373607 2.9565958080042503 -1.2157812722258146 1.7279474172014777 1.1037266924410432 3.0103423860624585 -2.4905152766365584 2
2.2693771400090337 -2.2218717741101113 -2.5974068677088167 2.813041795443824 0.6785213115504014 -1.7446301503384025 4.553268323688927 -4.406212261151557 1.8165727458481284 -1.1039239430599959 0
1.9603835381181405 -0.8960809880861929 -0.6523983323840594 -0.8596988192077282 -2.2230094062475145 -2.982597074822128 1.1448555602407637 0.021960128257973333 3.394596768152323 -0.6673972470564535 0
0.5157589058243923 -0.811241818080861 0.8995525285826356 0.1387540765919214 -3.401569508492864 2.767634113443875 -0.6406979212041202 -1.2110095701299468 1.9155570190327413 -0.09395539895093508 3
-0.16846919339375765 0.3450841753137621 7.42062455306159 -2.327450634451168 -2.8287993673457015 -1.7762101311879057 0.05910818532745632 0.8082551965248195 2.3633017091364796 -3.8321153391540284 0
-0.480056570720774 -0.03767761780451284 -0.6216020424387372 0.4601557001873773 0.4734671950321543 -3.382230458054792 0.8859376874214997 -1.8686724887861248 -0.7969062207502533 -0.5283203351976364 0
1.4656413670581516 -2.292605285036802 -3.158598467444869 1.0590018288535206 -1.5209156780234845 0.7218162046187921 -0.5491617956714734 -1.9801984103670724 -2.8746129999710948 0.1605690958351791 2
3.726457308464805 -3.6522710689613973 2.265419076314112 2.5068895551081667 2.765265367963058 -0.4633719781774648 2.040731705935617 1.3144813517226828 3.0308834126034063 -3.3478536424534155 2
3.132769331917673 2.279838790611951 2.304831187728028 0.21332395222201272 -0.8838750935928293 -0.9462075025460187 -3.2292072587457863 -1.1880077315505329 1.3026031717000355 1.9750724777962303 1
-0.4758445002679793 -2.710788405550061 -1.9149057123493427 -0.13808339925225077 -0.761564342233978 0.08787195767612621 0.5382817355640076 0.08998222990845717 -3.024277049831187 0.5611998210109184 1
2.9182095788158304 -3.69160618680466 -0.7724504137341168 0.6951894961275391 1.12844039897732 0.018146176744057385 2.0495943624792385 -0.04722800791236126 0.15318503783128046 -0.3334142755882358 2
3.957839988359652 -0.8674291278619948 2.787524597546245 0.4364092356697604 0.7714325013966168 -0.3600788602949737 0.34300441276210014 -2.8764616932697553 2.9275324991232763 2.54242311685024 1
-1.1263821389570978 -0.35739511460040374 -1.168513179320997 -0.28270442166166543 4.387849398568884 1.767366455710306 -0.6315900219373036 5.276435450005276 2.525157151078943 1.6146472310333904 2
2.6077158121178443 -2.39746232871969 4.811625183691846 2.080320732414819 -2.8780307651776305 0.6466216510341161 -1.6518439980789337 -1.6098578127631968 -2.043379042012979 2.990691433487885 0
0.8991094949823448 -1.668205715429587 0.4865889990866339 -0.4054984749701753 -2.7517156864149532 -3.051996207150231 -0.7858516577592036 -1.3060445152283435 1.767519772025342 -0.9086289281417073 0
3.1369203218467305 4.5423953852247125 -0.40368085464935843 -2.0672646920963347 -2.810888764012207 0.12192725923619396 0.9192889243754335 -0.18611204755375121 3.2530853490254543 1.0092452368956404 1
-0.8051814698126352 1.0111290382130016 1.7783830529585039 -2.0182094129754735 -1.423476370398848 -0.48302173555401684 -2.058044376068282 -1.9934040440947973 -2.26018995569412 -3.69122602181339 3
2.4568321486545637 5.02300308258052 1.2641963127388127 1.4370254781237928 -0.9180443610614238 2.214327357561386 -2.6715904206860808 0.7437967966027443 -0.05993121399710177 1.6341520409486692 1
-2.9595319029368876 4.765859843870511 3.244368959506706 -4.379288422284059 -6.028739733017371 -0.05171100263441897 1.995359668712452 -2.5344182173007574 0.26960727667566575 -0.5377312198915933 2
-0.09214098039005325 -1.6123867483802057 0.4108952081590529 0.08449343023737477 1.6409064144801304 -0.6990007490022246 -2.5082541701398746 -1.6838154414927593 -2.239463043347951 -3.450525160227952 0
1.1897690355032333 -1.8281253681211278 1.9167282690680643 3.053446379120497 -2.7689604544110322 1.3943222702139422 3.774480589610373 3.2845912660606658 0.07224690308532222 -1.9071486053471054 0
-6.762625636712742 -4.378176838698707 3.4983021190607815 0.16155404066308487 1.2804270903236954 -5.489766710640767 -1.4186557964017084 -0.9202745900134703 -7.414405078830119 0.7845005747879119 1
-0.020114170733651626 -1.4796355223328845 -1.4295046532365128 0.22749612985594014 0.7660818832055072 -0.6335343692347721 -0.7685100933923891 5.144352822622779 0.41742675179341204 -0.8482991310728756 2
-1.6007993963700833 -1.1333976322335442 -0.03717973235896854 -0.15162179041027257 -0.8478040886128344 0.3619629969687763 -3.005494543714263 0.6824939635322429 0.21737498136198352 -0.5521054437827442 2
-1.1636880114584218 -0.2118565348645649 1.087790688665475 -0.851265240496232 -3.5634825973881266 -2.4166874401651426 -2.5427636084156524 -4.022191704213153 1.7639014747790158 2.367801864352538 1
-0.17585254586083088 -3.3147766321850685 2.5941043121626968 -1.0389468807591646 2.7675221689378358 -0.8789198602795365 1.1953573371228656 -0.5236511449780088 -0.7470897791141349 -1.839204259790551 3
-3.2672251722417 0.055124717541538026 -2.1468787551782964 0.5926073618643329 -4.887427247790755 -0.7387780815590161 -3.124656969998401 -2.586728423583442 -2.1167630496574468 0.213768962475549 1
-1.8572676544141875 1.9289528651082666 -1.0002829090408425 -2.965016476471768 1.1305908798081064 0.06863135835024647 0.6415595682098744 1.4913217722095802 1.2765349817464982 -2.2147020144884406 1
-1.4500522404564147 3.393156111333976 1.175503250031966 -0.006592136249828795 -0.7071574568267467 0.9665432676184396 -1.2854004347884844 -2.052523687666289 -2.005388575381603 -1.776944140686866 3
1.016550985453611 -2.9320995705585045 -4.2998926269579645 3.927434334945566 2.3798141542558318 0.6675694828641512 0.09704483287636323 1.5499133528905786 -0.7623236160158622 -0.9511757568968056 3
1.0415113497426782 2.906083915303858 2.5777702746425972 1.7696993384782698 -1.7506456142137095 0.49017698847781244 -1.0291487303777203 -0.029888966979770726 2.102259934237135 1.2329514655210394 1
-1.333307342566238 -3.0612742531561006 1.6124751646242446 1.2646376553087713 2.995453137805364 -2.8953952009221 2.4104366216448514 -0.2530534781072269 -0.7401259427383307 0.4788118950700426 1
-0.37957898156045045 -1.9584205250724929 1.3102338538545357 0.17652304617240455 -0.9606479740808318 -0.4884066408965788 -0.24550439039539906 -0.37451897388080224 1.849905586983196 -2.885752247700186 2
-0.2213984699126983 -0.6251919825736247 0.8869339398689818 1.0268419496487806 1.5277414593564314 -0.8806681943660083 -2.4583922981917588 0.8977801279597619 -2.5103800488809767 0.5792300860909161 3
0.8004431892015835 2.0742927984450445 1.2833020258278955 -0.6925160653676672 0.14168914883866957 -1.8428419671619949 0.8725612981690594 -1.7398320113000407 3.4135266903969055 -1.337289695532832 2
0.22249017548886774 -1.5702440420480972 1.5473698485290763 -2.3294131963843716 0.6356508199025226 -1.0736874395438625 -0.271530227510163 2.3796923397330527 -1.2991100051212525 0.22744831176850022 1
-1.9139370871453911 -3.4614412971047113 2.0226854310437283 -1.0813096209032627 2.358889810915754 -0.5763284682719556 1.5353037960105556 -1.140732894578741 -1.2535292286922999 0.20912138629104682 3
-3.5232196520530157 -2.05076734450022 2.0849677056645843 1.2955863847763904 1.1614634958413697 -1.3147721471583433 2.6947501860054843 0.13087503700337733 -1.7265282987487112 -3.7945147225199856 1
0.41026243582986643 -0.6150415802054514 -0.7276544808116497 3.8424793840638944 -0.4305650681354318 2.516987078425804 1.650649549302583 -0.21206321991996857 0.03717130648166678 -0.7423901886913198 3
1.648554373579842 -1.4121548060454452 -4.399857897576602 -4.281498247478719 -4.350584889508032 4.063268618406804 0.9220675606232172 0.6123185032760408 0.3800450372307208 2.3698680760865987 2
0.4854348093972144 0.822152543644911 2.8456113403205636 1.3995517382130789 -1.43172896077878 -0.29112331589693063 0.4240417174466693 -2.286395351572139 4.087949188375893 3.715063253701092 1
4.701282326492966 1.3702417185818436 3.633221150054929 1.7521648617164796 0.663614354958652 2.412930631235776 -4.0965036719024095 -2.399734640091432 2.5024120812536848 3.5265089954690994 1
2.1581990904561166 1.6748549986141623 -1.142152400270322 4.340865413246842 -1.904049211982294 -0.3088707893837015 2.978716516280258 1.1651221063309714 3.9434590283413122 -1.4345345453159073 0
0.5497222572208832 0.8636282587763 -0.1526278888866458 1.5141698315412715 -0.05931446396490936 2.000878829037612 0.5693554843793065 0.1671722037531176 1.7832189105265812 -0.17863340627755886 3
0.9580910071917911 -1.1210831972846063 -0.6795830483283145 0.8915809803984317 0.21700968659363706 -0.23862875013669083 -1.3055402047900824 -0.9876083067909883 0.7012697365832683 3.455764660571692 3
1.1032296829162878 -3.7278052374836173 0.38579272125201447 3.109439995644186 -2.12148694183467 -2.062007906651692 -1.356788522340183 -0.7362200814211834 -0.9895685060033503 -0.1954780009651076 0
1.4594410087260905 -2.27394957045734 -0.3285690457634811 1.2862586519559491 -0.6435409864673491 1.0455202440954632 2.322067536491069 -0.7706521756835932 -0.6947766612537968 -1.3618990103523034 0
0.19049788143650614 1.7455353308452914 -2.125134485912083 2.0476784592730715 1.5448872127517608 0.7495836904900548 3.1410713258304686 -0.19539271451321016 1.0835253974366228 -3.3153767403782552 0
0.9118073479667324 -0.03662495558510537 1.5212119155620898 0.9398384629992695 -1.938086541069254 1.0859043401422188 2.3098514582246628 -2.6815266938729296 0.39963291448716964 1.4440509487979964 2
-3.68057687784625 0.875650963748852 -0.00822426805550902 -0.5604730847532786 -2.4924111279133507 -1.115183110550523 0.708229883106499 2.7118775103643937 0.5540160105065554 0.3480534253193869 2
0.8512191950820596 0.310867457040227 -1.0899847923748416 0.6449465170887707 -1.3591704604101986 0.2542953556802612 -1.0360498019040607 -0.13402454521142793 0.41892738764519666 -0.062049619538897094 1
3.7961050628423645 -1.7029134433762334 -1.0641894857314271 2.4172935206561497 0.47589847478629643 -0.9649495247458846 2.164919956204302 0.9489082021709139 1.7358836659686943 -0.06637325986795828 3
-0.4209458759134277 1.149769812751359 -1.4736529008343695 0.7587999342886644 -2.5658715504218406 3.1213211822560067 0.32949489871111615 0.49285669098601925 -0.9217207400146361 1.7516949990402075 2
-1.2635095822677227 -0.24142319119034616 0.2880151494707228 -2.320263618061135 -1.3492065665798392 -1.2810282455101527 -2.191611522980012 2.217813047721515 0.6836209204789816 0.5530100264448312 2
-1.1047785097165863 -2.4828999010982997 1.3882441239641805 2.8407143476437398 -2.045905669599394 1.2954966636390473 3.0812683568033155 2.2880373132800527 0.8587807215846501 1.6203699226438757 0
-0.9880221808532339 -3.382287793336765 0.31228385107950385 1.247126997462277 -1.8136715344019394 4.016653205175712 0.6627244223074981 -1.1025679697703723 1.666271696527052 -2.0593350963042694 3
3.92727356761803 -1.7325867700206177 -1.4384660908809634 -0.338800362990908 -3.5364977842681817 1.31030612078803 3.765004358428472 -0.48047020864542545 1.8892220454242798 -2.936839486898041 3
1.2016223517215374 -2.066798772097645 -1.02119046771498 0.35578270179019433 -2.153297838542932 2.2758809862907743 -0.4715005448121956 -0.9622171938232963 1.8364121701790606 -1.779888890899691 3
1.67522128432716 1.0816038878722778 -1.3716507389426678 0.8924100703488891 -0.2824751968996617 -0.0009890772640562817 1.2436936458425292 4.914054209296173 0.7275292493717783 -4.513674905959407 0
1.8078158333781587 0.16649226210053825 -2.4919832692712287 -1.008609576633996 1.8579341276170078 -4.579199660753992 -2.5802340579022487 -0.20097563589354284 2.1901786217596086 -0.4520701424743435 0
0.2421373327951486 -0.9890650943756316 2.0947748260285914 0.7260439344670391 -0.9393254535189731 2.1184234642506103 -0.6764697805092974 -0.5724668987246094 3.246940990273237 0.9540345569041055 3
-0.08688220732669849 4.168435816367279 -3.2507151339398637 -4.41505611384478 -0.1360358804049946 1.4302633128329831 -1.9491350234494724 -0.8789085536398338 1.1499110667703627 3.323881924192315 2
-1.9009193380350369 -1.4452086356997282 2.1518303186100294 0.9329351270995863 -1.9218895578296753 0.41568341816166465 1.471815710586881 -1.4267075368532023 0.6960150704737081 -0.7525217326822744 0
-0.5352872706434688 -0.28947781168653386 2.908612914248671 2.536257096902517 -3.1279668394667435 2.159488389301355 4.366759772880416 -1.8336880339781676 0.18523072778235883 -1.23854185562687 0
3.1598306554803317 -4.5329110078549295 -1.5859293806554113 -1.974004914612998 5.236243638710614 -1.6076416688692654 1.2877879366405365 -0.7044629816125041 -1.7386724108845164 -2.4978377289922005 0
-3.049158138919821 -1.4800761400017102 0.528399685679555 -0.6808607944072396 0.41502079148696813 2.5801277461302243 -1.9112098017243224 1.3108221210905429 1.4610227485691598 -0.7646758720365843 3
2.5358666464723987 -1.6305236171405668 1.5546795289467599 1.2405516109393009 0.09590925779182058 1.28703026531004 2.1583679271532064 -0.5789237881291851 0.5403441206479761 -0.4543927630114537 2
1.339620221200485 -0.44842894861344684 2.1316961608361495 -1.0770682117801396 0.18748380743745674 -1.0639436778327345 -0.4670502282077049 -0.01682718437637487 -1.4865223937368204 -3.3437652833742524 3
1.1134279455052125 -0.9075444848573933 -1.9931950062646817 1.1189063804663288 -0.855086715474415 1.957609633193123 -3.185391963195606 -3.0628171558020574 1.6389183587073624 4.154145009497877 1
-0.7801354924598519 1.6459878044202259 2.2380325567014987 -1.214244797072377 0.8020090376220866 -0.8676510178337269 -0.4583108178059514 2.8886944900240437 -0.05786360699805093 -0.8249360710615468 1
-0.7040357317854482 0.747695151891931 0.5563384802797059 2.4759237094360254 -1.8381637091102778 -2.6967845540224564 -0.570012167887779 -0.7535951628631461 -1.8691871230293198 -0.44922291970489314 1
-2.157730201141949 -0.8984426182386172 2.0617401452063353 -0.16207299784121687 0.3144983397488933 -2.178135782384097 0.4739533807526012 0.8554713697885378 -1.3802471092031061 -0.13750646597132643 1
-0.26973651811767807 -1.7205379386519584 2.6780815759017886 0.36966272009763546 -4.231497059086617 -1.133694946649932 -0.5128239256918263 0.0636304756890127 0.09294924293836548 -3.0477203004268394 0
1.7462077361201083 -3.3776306720147224 -3.9528893771453015 5.0507296225110245 -1.6065800841067657 2.61556105060035 -0.10142135369923166 -1.5177091983693929 -0.7075018082883453 -3.36901003575062 3
-0.33877994643125176 -1.2736922822495158 0.7434454967963636 1.4465450829504474 -0.4957893207113221 -4.374593098971685 -0.8080581611793325 -0.5501664087345084 2.2193958961125064 -0.12066325003604916 1
-0.3948164146267289 -0.5024926348361416 0.1470371165007467 -0.37531401899260963 0.01426807569581845 0.23462818181218692 -2.0294737555360696 2.3221644698689885 0.882574567479041 0.23295418840212057 2
2.813986407171683 1.2273898002270052 -0.33659900626691863 2.7651302318568627 -1.11548763279634 2.3230525184646456 1.1064377511362036 0.7046858783640237 -1.7076369282275325 -0.7749004587861358 0
2.988762007295973 -2.49282046721442 1.9665988363417586 -0.2651052712262165 3.097664353158577 -0.6949048700652867 -0.7033359833633748 1.480971961715218 -1.89396018033769 -0.4765105961791686 3
0.6158233189629165 -2.087869137875719 1.4057305064279455 0.8017674499030929 3.859533647270329 1.2356348743934666 2.6813848726431324 1.3099130929762373 -0.09021703858797359 -2.441556244880428 1
2.1624982615893407 2.2543556120509156 2.6357537300308653 1.4855436481986197 -0.3850361514242907 0.9701983514784811 3.8990308518432117 1.3646710778376367 1.2318387662544448 -4.553560451871984 0
-0.7205296448258767 1.4896231785708958 -2.454865552999743 0.7988318524604588 1.008455715728454 -5.153163273281892 -0.5919915703518914 2.297498972673809 1.8633823274042913 -2.0252573126816853 0
1.5577763412201846 -1.8225766022839185 0.7857609554486087 2.340079841941983 -3.3108437728951707 -0.780002116967341 3.609294794132797 1.1567876794997005 1.7699284471774281 -1.2317276990278945 0
0.6313445914879712 -3.8228585752887168 1.385224905490996 5.240241591261473 -3.5886476237257408 1.3614475161293496 -1.3635921779071443 -1.54544708703168 -3.8900559824708587 2.3526592244829 0
1.3525868508587666 -4.472999071356639 0.7787649982375252 2.1467112220391145 0.4709203102552766 1.5081962423749575 -0.5755537015724923 -1.8709466163064636 1.1262274727028514 -1.1918616841985539 2
-1.3152996983294867 -0.9529831591235146 1.9445927753555017 -0.9282856569009548 -2.183677230077259 -3.3243806230067827 2.499631459762446 -1.9292289898663197 4.12479251625985 -3.6024203977250733 0
1.8309711720060764 -2.4666078071854596 -0.21301828777087473 3.1225243286344804 -3.4706090387989503 1.883907297603158 3.8223316241704577 -1.2110579341473162 0.4171756838162004 -1.8146325100923941 0
-1.776861073381625 -3.3157956789425826 -3.7106509012090805 0.7767117975934317 -3.3470788973510093 1.3796553004300063 2.746261748099119 5.495093031605314 -0.738344555410515 -0.21787470373142415 2
-1.0025670338345867 -0.4937150542737082 1.950980819868453 -1.5046768109460975 1.2511457750600636 -0.13302851426216245 0.4960024375701555 -3.5332577636802975 1.643544039637749 -1.714495314806012 3
-0.31686442885046495 -0.28511974879761226 1.3881254900704194 0.048334897146241396 -2.7364958990763277 -0.7355538467251859 -3.1456321271421346 -4.470225344920089 0.13472241846881527 1.7160751096623823 1
-1.435358077511662 -4.978440517951894 1.0616921322004487 0.8079284880576862 0.7619169715482017 -1.3832415088388776 -1.9555370618710564 0.7443736320678949 0.05650776790881851 3.077117058373209 3
-1.016597573528983 3.9177328669534655 0.3030214811737746 -1.936293604851413 3.5169809508528544 0.7419434880091746 1.0797467599993944 2.4649870096012005 4.758073981125778 -2.0163930712615312 1
3.460096325591847 -1.3033082423554854 3.411788976947931 1.3876199953975628 -2.353193144918999 0.6373236018604744 -0.007520622693521162 -0.02315823419989771 -1.2047882424936978 0.17509655627244225 0
0.3543235382545623 3.385996349361888 0.3053421217976704 0.6352396585823251 -0.9266751881780608 -0.009584957855156229 0.8379873745623037 0.056615637804331875 -0.9805138534280637 -0.2405706805105865 1
1.930409134067797 -1.0166204110371244 -1.3916180565196274 2.721850631832991 -0.9266246663930235 -0.9607436477184473 1.9188417489177652 0.737627210033468 0.4625770480055156 -2.140735076136857 0
0.8704767785368615 -3.8891892075322856 -0.008845735366922458 0.05979303267564018 1.7950364071680145 0.040575882962864185 0.5761442000765857 2.6826379216508545 -1.3428074172595452 0.6288643725992291 1
0.6981147768666953 -2.6536259675817657 -1.9865478284529394 -4.641593965654448 0.12448527697655865 -4.017022398288473 -1.9744604107424155 -1.6599597875672676 -2.257211876606881 -0.8191350040324097 3
2.0196064797030733 -2.169890244096117 1.4885087031606352 -1.9696744888593574 3.11481786521833 -0.041671499679517776 0.4373269701726472 -0.5611423366332442 -2.1587193325183165 -2.1339319075697967 3
-0.9947225103581279 1.9003044499472843 -3.129504261417516 -2.8006106043376495 -1.21265260951947 1.7497322137410134 3.185665163140988 4.168562515333791 0.6639580838060509 2.735895305662466 2
-0.27146056913067285 -3.4272346923265857 3.4478910504092473 -2.122767181457153 -0.8777702767748656 -1.3365928971571588 -1.2533536120860127 -4.555052212688479 2.6559991241560654 -2.04272422608337 3
3.7170275974440496 1.3212394906168123 2.925832656465775 -1.758307838877152 -1.4532479281768 -1.7778072432181586 -3.3886303103840265 0.25817255566290687 0.6578446045796054 -1.6909183172626276 3
-3.234590286760012 -2.7136990887866914 -1.9196991077505605 -0.9211740085319253 -0.2339613852433433 -2.405326169897678 0.10222971970099981 -3.7603713644241665 -1.2934398569281598 0.15925130147847577 3
-1.3889182913269607 3.2001575366322625 -3.318640763820441 -3.674749567522866 -2.9745552716636166 0.06920748933439158 -0.3397530140874232 -0.5400571914249843 0.573921161048881 1.6979125229411844 2
-1.980330639160051 -3.2382809045376333 0.6129169129849206 -1.976004187118197 1.8011013522091255 -1.2189292090179351 1.7482541930537643 -2.8214590014458736 -0.10830163117318536 0.5962565156038273 3
1.2489167675115271 -2.924038123475081 -2.0609850209256497 2.7600715311727404 -2.6980762850591073 1.5954893160421055 2.536045254111337 -1.3232255762476448 -0.93770604981697 -2.409242235078387 3
-1.9472916712634245 -3.653922683755077 2.6374103696130584 -0.830954422506921 1.5495427104672537 -1.5163618293075625 1.6036698256530144 1.91159311682588 -2.626866132004616 -3.3615351495941335 1
2.775681249419253 -3.2829360457028383 1.1802017136471652 0.03920012987186161 1.865607394651314 -1.6009604262906945 2.904938357163391 -1.4464474453915646 -0.9840906232960179 1.0242454955596614 1
1.4398398081365429 -3.9303008602731815 4.743141642685243 -0.29558149728328176 -4.208667390023491 -0.9438975101530773 0.15370578536728197 3.0623622106570005 0.9706710664333461 0.4495205530880737 0
0.3541511742753495 -3.2906419212238296 -1.8113805666749498 1.6269127550309257 -1.4726129030241697 2.805395381792587 2.86593158345047 1.2340903976736555 0.32094047846176754 -3.9869610109450324 3
1.4782697115469423 0.35281252655576334 1.6943735585708222 -2.076826714818008 3.843553724247151 3.046832688345657 -1.7351229182003451 7.31970140884599 4.430209653574509 -2.8463941017905783 1
-0.9808005284953796 2.2443492589450544 0.2704669019367931 -0.004178475722856678 -2.0900498733561212 2.71082969561039 3.2948835953939684 -2.1338035102611688 0.36992774632328906 -1.728447672680538 3
-1.5857674211550752 -0.8547211896838922 0.32469733861410144 0.4563022013702829 -0.8639412612042676 -4.200629100203599 3.9876183211494687 -2.2780940049591516 -1.9286468564350043 -0.3242972673057335 1
0.30824104902641336 -2.528487019215406 -1.7092873853021948 -1.3511251620279539 -1.026003066875928 2.311600298830707 -1.1394389301385848 2.2014175065879567 0.9956557551361502 0.594596174327696 2
1.4578183215021467 -1.8222221388723459 1.8509477418604596 0.7750026836752584 -3.266504184164148 -0.5990763931998808 0.6023061947003174 2.77301343733783 0.9329505677049207 -0.12242909167365601 0
-0.0018207407412584864 -3.4420770706295434 1.8170158493802515 -0.32324516967961947 -2.778236231630969 -4.491122802818108 -3.6756147888969 -3.474955239493454 6.709028267129033 3.458269604176445 1
0.7174428502679879 1.6818011038810639 1.2660527270135344 2.6228528085879446 1.044127699118044 4.61725681853899 -1.163715392640616 -0.8054154418702995 0.5010269170431803 0.5883538353501854 2
2.463312337145675 -2.672150052573749 2.1030514642453415 1.49724418714925 0.6723856266814641 0.0012417830313689038 1.9749756552696744 0.6100442296920472 1.0775074747668412 -1.2294158992262738 2
0.1295989125135144 0.6569360566620843 0.11524713469813763 2.1057129903984895 -2.403596941588793 0.4722206538519311 1.663927960949483 -0.8394707930486531 0.41961344637877285 -1.3928143094965857 2
-0.458628365494516 0.46934557208699834 -1.0761788218806996 1.1516423557360864 -2.5242454175598263 0.6680658577461741 0.45546645985797884 -3.3270287096612856 0.7667562435015693 0.5317986254501794 2
1.6860126410042517 -2.4217604431451187 -2.131464209334995 -2.671131797550222 1.5501826477841223 -3.5200509204606623 2.5564123830180208 -1.9505657067331201 -3.6476648989955667 2.6052630894589694 0
0.7998451495442934 2.0553468647044277 -0.7453269716901334 1.0085974352525844 0.4894729844032286 -0.6374201737074914 -1.2534084762848114 -1.8523897838518013 3.186465150009885 -2.270626105859682 2
-0.09993843256727875 -0.3125739052484894 -1.6800896390391633 1.873671015196419 -0.7200233858023399 1.1140340729433846 0.2072769597418621 -1.465004525730345 -0.3798994902725783 -0.5564256741675497 3
-0.26074623972844124 2.56058501391292 1.4639802840806184 -0.35499446681040236 -2.2107623112044243 -0.27707990489971435 0.7147961829117209 -1.7768370728610758 1.4149851933115825 -1.6386038972775432 2
-0.7091478120907997 1.50750223428398 -0.5150880104732725 3.7057907583346177 2.087923241902396 -0.33650604124157624 0.16054217451484576 0.8081623815164363 -0.14579401112036505 -2.018817535031189 0
0.7385931068647429 0.15436310824927824 -2.760179873648129 -3.9919504226539884 -1.1042919075609428 -4.644546558464567 -0.972567426940765 -0.17619729442074417 -2.728306685749925 -1.2974774533508753 3
1.2256747599958424 -1.7093144440681873 -1.9810044093548744 -1.69731236736673 2.6114189780983192 -3.94470528129519 0.5616057197705697 -0.33167045534310025 -0.4159589239842356 0.12579499640909098 0
-0.12842470719222865 0.27276335331319435 0.6785351841015379 0.22614973419890083 -3.577044341389728 -0.01953568957555274 2.9391897826252693 -0.8363223969621743 -0.5741540989378309 0.18881920081244274 2
-0.1532690295043586 -0.9074941478335725 2.9396609841653953 -0.6068127320003069 -3.0053810735008466 0.8081423795653115 3.456569749446041 -3.01547176786531 -0.8205514534347964 1.6012220072649987 2
2.2979177017603916 -0.8552921916127528 -0.392853860270996 4.889861598747165 -1.1704702657742456 3.644055465960551 4.714406833596502 1.7102622263618037 2.3093634976165265 -1.2427039322194546 0
-1.2192500579196972 -2.5891820648212 0.07818353275036194 1.4670872485649973 -2.5111154245685983 2.667133331398375 -0.5461391189020603 -0.9844117461180288 -0.07835710158934939 0.15390747009472894 3
-1.9544249962218805 -1.5330966157512234 -0.5102415333364929 0.2693753850109306 -0.8735326907801781 -0.4745975674127365 -0.7709856822153982 -2.8596088836166373 0.08107949623623778 -1.86316644922597 3
-2.0566102246912163 -0.339115016045189 -1.6762890952349654 -1.4373755404900783 -1.9155003953360523 -3.7365956578408195 0.19177646844947693 -2.403038696011219 0.8053334329018476 0.8643291831762497 1
0.7450990949750763 1.9032195184477607 -0.4871918343932917 4.275050906882888 -1.3075654494317592 0.5802804940667783 0.2543977306978117 -4.195252472219764 -1.5422805234425798 -1.610147085002158 0
-0.04584319500399503 -0.4735520021130071 -1.9762598045631345 2.1607823704867206 1.0694615064470705 -0.9995023793325518 0.21092657573762985 -1.1671171403829899 -1.5680080623212627 -1.553447406008876 0
-1.3705469840045263 -0.2498760714418058 -0.06181372924920625 -1.483199657963326 -0.12024871858991037 -1.3446791964085345 -0.27084528234994454 -1.8795658257496939 -1.6484957215869445 -1.0344120009537734 3
1.3625696861766898 -0.9290310417924421 -0.8453759233509202 0.2283424412805244 -1.2221541175700654 -1.0291005317600839 -2.118661435689923 -1.5450883921995462 0.47379497517388347 0.6575715685407078 1
-0.572794163099879 -0.7565925027742687 1.9861690482660137 1.2985049823937886 0.5121142032297952 -0.10037664561772386 -1.0470386524392006 -1.0431380420983642 -0.19365643144669176 0.5207133565264042 0
2.2235960963619 -1.3521626022543545 -2.3705925948486133 1.3707413728738311 1.6010450271503531 -1.0895414321933443 2.038830520653816 0.5134217670382863 -0.6299665733287112 -1.8405111061129111 0
0.5424000144496333 -0.7296129846374758 0.21366184946825362 -1.3121866689324806 2.7659846787437736 1.4411807958730911 -0.43867111713454277 5.124185595293052 -0.91972702367635 -0.12918069065957527 1
-3.2190690396895745 -1.1580760538966222 0.0900755698076694 3.3058351348423702 -0.7890778399095806 0.4855510635532029 0.10665292315141706 3.7613821789739927 -0.11544615875148856 -0.7313796212082162 2
2.428964874140305 1.8076064154757723 -1.6324420569786748 0.7555753988153252 -0.022864580517502953 0.3106947748732425 1.657523405175208 -0.6157868153540951 -2.1318789538824543 1.544046414112004 1
0.9329805345383599 -2.598861648636883 -2.7860955621283026 -1.7471994955864698 1.386086862295579 -2.3677555017334115 -1.1475041598448916 -0.9770592544097095 0.8366675022427936 0.6822132453333862 3
4.522627258846909 -1.6204194826519553 -3.2017325082083397 2.878985899890159 -0.6928517456112094 -0.2910847072403424 3.7215577814826832 0.4819491230109372 0.4963815847007931 -1.5494314181154787 3
2.116393163006796 -0.4453079530642834 2.261802190001978 1.790786890581853 4.7410659736708896 1.6250583830396317 -0.9497984427662868 2.201531035828264 -2.745999462375109 0.06892774450539507 3
1.8451615865440205 -2.378642077137222 -1.4750281056029035 3.7780965150688415 -2.36174360827491 4.649342039534434 3.859406334822472 -0.7192358868412663 1.6017711202576934 -5.902965452120947 3
1.5822819594696913 -0.7425794485335826 0.19160738551393308 0.0693378559721991 -0.7689572910804721 0.3402394616579668 1.5594525202572778 -0.8931865588537002 0.031175112125666038 -0.7299563041620001 2
5.13474666740294 2.1559830751823625 -0.6365610514230808 4.790558223902993 3.5988091094561625 -2.554984764236818 3.4763899587892197 -1.9912921615025176 3.653094653742651 2.2591283055848335 2
-0.6544660634881254 -3.475371667725552 -1.6752673144345454 -0.005969222197748536 -0.4371165234890152 -4.21930383748998 0.4540208477081271 -1.3455910031883702 3.1488805860014635 0.36034881001625596 1
0.1499905885278181 2.033240120051641 1.0614509730173591 -0.41595790402548616 -2.3706624877973814 1.1067366204536686 -0.382566448893746 -3.310627004410123 -0.6085211967885427 1.7284739826221318 1
2.529669352299111 -2.8828437362333577 -1.2190202191319508 5.97117308680963 0.5669926105982206 1.2060248545317716 3.3731085198660047 0.005060734114129106 1.1678353110433506 -3.2867302441989437 3
3.6812133161117875 -2.501687371717515 2.3237733322314034 0.9544034725274025 -4.999885833078158 1.0549027500976358 1.0816484294139723 -0.6741024651699368 -1.4878659548303332 -1.0915194503795482 0
-0.3079364046757096 -3.7901141152680964 -1.5988237418585665 -1.8531897921790401 1.4332857670479042 -2.6549746175055158 -0.04571242649555396 -2.0485981361411065 -3.4312981126674647 -0.3669907788874398 0
0.15468236524096945 2.2283077534480134 0.22732293146591842 -0.7745978359234791 1.7550916923937256 1.7499306480230046 -4.217627455574944 -1.4562053987259662 -1.1015901171732922 0.2630372282810075 2
-1.2542562425668877 1.7668674080578866 3.3725175201876136 -2.730999543281921 -4.221239519732346 0.450187294976516 3.451066738817781 -3.623782022966176 -0.7660874071587254 1.6478158470495625 2
4.589522814463615 -0.09685999008177693 -2.055982078528869 0.8933228015118067 1.4322308016984098 -1.660045401246009 3.025117354876848 1.5601389369560223 2.3399816759008365 -0.4248198137419067 0
1.3969178748762467 -3.2451274752662975 -0.4483905638488437 5.020645230542788 -0.7943166324171982 0.7187871064795308 4.632249904678755 -0.9514417877529109 0.776492990178861 2.331379291577987 2
1.5361317722520718 -0.7803891980704277 2.56930454957868 -0.004773210251118876 -0.1598787948092456 -2.479578362104374 1.4399889448217416 -3.0981788847709253 2.5686730863381273 -0.09411170242252576 0
1.8512075989726895 -4.21020325420356 -1.7981732235249719 3.092806861331291 -2.7776121588756717 2.3538745026141457 2.4934047138670934 2.568269145214041 -1.2043032788106318 -0.4213113717411727 3
1.195285960997016 -0.8460004707793803 -2.170482919011171 2.50753120059705 1.93733696864878 -0.8653250891255927 0.5271623189291034 3.3762682858296955 2.9406977426874006 -3.4322002704929404 0
3.185589732730388 -3.034287612442138 -0.27271497106744924 1.097255180855063 2.4716104358624538 -1.0841521370575022 2.2656126273223123 -1.6763832426769034 2.0906609080557765 1.4637456215724645 2
3.3954132502119116 -0.4419248657410044 1.0689970200499435 -1.608743342697603 0.5850005724955707 -0.49060378086633605 -1.9583795474251309 -0.8299029722065374 -2.4398372388205196 -3.66061019206959 3
2.6021068681892956 -0.16786263722179318 -0.8921300257147501 1.1499802452263903 1.9995292711072303 -1.0216409617251778 1.0029771548741464 -0.5156121517437078 1.6091664200015385 -0.6919906854888483 0
4.902887432053568 0.9149669243706784 1.240790432177592 -0.12756773844713853 -3.811501474137753 0.9093686740335742 3.5399364333539336 -1.6166972441898904 4.003176872540919 -1.8814933038514172 3
-0.3175809953281252 -3.9485451227154402 -2.2937487885456953 -1.2813115331456335 3.19963996056567 -2.813626337579459 3.286781187792662 1.9187731038793543 -2.881157325350033 -0.16478642986489445 0
2.5728786223387843 1.0274195347273816 1.6054939934925434 0.7848736923380791 0.6435570647398581 -0.24079025427067324 0.04598545752491723 0.0021673466696994215 2.3294364988998533 0.13829603022237968 1
-0.25878245811654543 -0.7605453330632319 0.5357277436629013 -0.00791332337152717 0.1464778095878978 -3.1531332948782804 0.03874525840123355 0.013376073679306932 0.05101846727435855 -3.76930559359634 1
0.4335379724374937 -0.20374320009156566 2.201703154581777 -1.6522361152022076 1.7633994647926954 -0.38471464095268537 -1.6016885714386735 0.07380578165280904 -1.293513100567064 -1.0879415367120038 3
-2.125674539527499 0.3309575954091132 -0.16377312572784597 -1.622235722043265 -2.311483167422263 1.4061562782160832 -2.5882117269953495 -2.9128702339359807 0.4722193530740074 -1.42102472357398 2
0.15339207125844956 1.9385041638964313 -1.9234574024111815 0.5850737382574913 -2.017786388736421 2.7591462541242704 1.0898288194448096 1.2797236869422473 1.0795881303668309 2.48788880662559 2
-0.2877675806464728 -4.72634006957034 -2.0065706896338926 2.327830791881079 -1.2353632363796512 1.597615165703846 0.8072308402233828 0.7064139628527804 -1.5024134433866188 0.4622037245243953 3
-1.2527707701535036 0.015062314661639764 -3.25516264541785 0.26472768371880195 1.1575386742552958 -1.994196038687026 -1.2376473605301688 -1.221738285630756 -3.3505411326375905 -1.0207703253059286 3
6.282305632058872 -0.7982443068528924 5.428106049234416 -0.6492339940889136 2.5622464136151817 -0.8518211439382626 -4.167277511324359 -1.2388943650505873 5.621624625637362 -0.11384577687792596 1
0.29861454426463596 -1.4358549158467393 1.8533338946636402 1.5573115723150734 -2.0192848560132672 -0.009534038049557214 3.412625186312453 -3.0105759696841634 0.4995633043992458 2.7530025489197842 2
2.9277109732812847 -2.263675846434852 1.1257704450915522 0.2337364728978082 0.0594021529922375 0.7471671639460085 2.360758559058971 -1.8154901396100893 -0.7846924827258281 1.3874330919483975 2
1.5243268606996465 -1.3242133016997442 -1.6177893176033686 0.003840362001207631 -1.9874416707288134 -2.429961183462639 4.014743932519941 0.9118802261931154 3.9066705518447997 -2.0311509213686016 0
-0.6671927019249277 -0.6261520643402168 -5.457419272436309 -3.0477668875173625 -1.151039652249902 -3.584200725708356 -1.2377028970711759 -5.171746760749588 -1.685649644561575 -0.4470656945038274 3
4.258655480572408 4.215993418357501 2.5446805910542514 0.72122595604597 0.1807495302473512 1.5344583061350394 -1.719501176297391 0.44705761797475296 1.6423376124992506 2.1346554967826608 1
-3.745374308501571 2.582483211097462 -2.082941637916648 -2.1154653803257437 -2.9383292996320636 -1.446958283894034 -1.0338319079619516 0.6511763460966258 -1.9467631936376 -0.7045714425430569 1
0.3075832456007025 1.5336003938926028 0.5914907996526169 -0.9460509072833745 -2.743505231553894 -2.5823692606031603 -0.23916711586257577 -1.8674578013559244 0.9776284078953242 2.0056330860805214 1
-1.687431157235931 -0.8907335786692752 0.5072532279340527 2.345952654047611 2.294485745413511 1.4573375243624214 0.0017272699420374238 0.42714227000152016 0.4279172496321473 6.288125962112831 0
-1.5670090026116448 -1.4188324023579084 0.6766480835895057 -2.5107687456553323 1.019661425672845 -0.42736566470444615 1.4259078069804287 -3.446179555774044 -0.5977002975766343 -2.075135781266937 3
-0.6799021262718137 -2.627411778551009 0.7440983325755534 -1.623569170493508 -1.8226394518044229 -1.4761281915205284 -0.07909885141049644 -0.048104153437596775 -4.044894613910854 -0.18148978824433293 1
0.9049146668027803 -0.6502427658808307 0.694175996321316 -1.542942254726624 1.3270033568891366 -1.7213079703352037 1.2160931525334482 0.5204768785877165 -0.34831673068504854 1.0058614073869845 1
0.6951549252270237 -0.27599077718048626 -0.9291315173029965 3.544122257938161 -2.1237900894899004 0.6240639688305536 1.5950548596293919 -3.96470233760151 -0.5090789585995028 -0.9855768782810594 3
1.9706172201869947 -2.691125650321048 -1.6577533829372366 1.1924610099454866 -3.2353795262079226 0.5233803823102838 0.9625200210066645 -2.7499769321929346 0.29287368209728015 -2.1473493498079463 3
0.4712748076819697 -1.5005914827708193 1.244261127906064 0.4701799652812979 -0.07296897870430608 -4.139826342752778 -1.5452721579147248 -1.3884938310831898 3.0044829115520617 0.2537781117032799 1
0.8442041595545506 2.128750369377473 -0.4286785055450537 -1.1699588316277156 -1.469517152627541 0.5452609000879216 -1.3729833396174906 -0.6955291484715551 -1.199468580089738 -1.2045007890887858 2
-1.8573426761591936 -0.3680537070003892 0.8231913454376694 -0.6720762600867012 0.42015079202279904 -2.762296567136157 1.6097315285118996 0.1912271896769454 -1.5197700768073379 -0.6171648658598077 1
-3.4834349614492433 0.6786527095492658 -2.5817402277493127 -4.428378271021861 -0.5165054625557339 -1.032168915306159 -1.4297044249884023 -1.5448116576760436 -0.12104890032726723 -0.5494908641876242 1
0.6313262519344391 -2.000275344851296 -4.411128232425926 2.0420599367254986 0.8338305416412302 1.4270896897189749 -0.3819920722098422 -0.4899331288727762 0.6241098976334614 -4.326565230408632 3
-0.4969088999568423 2.0554710433250936 0.34790833202831006 2.826606078619858 -2.2727960300065413 -1.2286753854630412 -2.2562865177684284 0.39840966436592407 -0.3952020115635906 0.6689289604886356 1
0.17280551299716462 -1.5775347585251551 2.7420714520181493 -0.06680326947223225 -0.8986477966799775 1.0753268069612023 -0.6376363160542768 -0.5629409794052277 1.9792006680162357 -3.2638874948037326 2
1.2413719163619965 2.8537579305997216 1.125143010722422 0.04488739649438267 0.8900459617592777 0.3237968152758429 2.2005712635846484 -4.783825284817968 4.354633261451884 3.210542201097037 2
-1.0426211667690324 -1.2101582492436873 1.3473435054054297 3.3531941790422017 -2.0914688227267764 -1.405051232841252 -2.1351478211004524 -1.188395316037792 1.0015459144330057 0.1659255044575354 1
-0.648918580687883 -2.8601612514538823 -0.8955945389308314 1.0297200502252601 -1.6814234735166136 -0.6707323267620362 -0.3624134804385746 -4.078548748198465 -2.3756428952599613 -0.0155587714649853 0
1.6323717495336847 -0.36336853636314936 -3.4053862369385213 0.7115473323854533 1.3103300422652921 -0.4192159988055093 -0.3127821656187688 -2.700841287403494 0.2683820950095246 -0.6306718960270596 0
-1.076576233939543 -0.06087628864720651 3.6265639254678423 -1.473436844123266 -3.2204349073897363 2.041617354935939 1.930624794416195 -3.165750339110533 0.5439242665508724 0.10480139591788551 2
0.0661714979629926 1.365645638978641 -0.2707982634071713 1.223750775095852 -1.4714874106398488 0.0309184176810382 -1.9422461379552787 -1.0557621807559674 -1.4253463836770663 0.3006199100304303 1
1.8490951121708776 1.1314373053488027 -1.2651772297229917 0.007433084338443696 -0.4177498384777968 0.32676240959831593 0.7798281457265814 -0.6284963094533684 1.4562217454066744 0.398554630896891 3
1.0965847602305174 -0.8545898915715855 -0.5232056868130761 3.2786407218262985 0.06686999415590922 -1.1463386561224018 1.5947236347501517 -1.7901540188834528 0.09025358841706843 -2.009301556968696 0
0.4322030546715798 -0.45438831573570126 3.1084183637273988 -0.5627230774121375 2.4705643226744067 -0.7769661326220165 1.3823437557072662 2.470097754515511 0.033594617469828725 -0.8590836133775698 1
2.4020583009304644 -0.18236837983396592 -0.22886748127049628 2.2551145116068074 1.1721066504338382 0.6534985656763228 0.7274828950192316 0.13090972932588918 1.533709718439019 -3.170179350539034 0
1.7339913672955085 -0.7906936171099597 -0.7487978037518215 -0.3701989520176634 -1.4316872370133527 1.1807012746165935 -2.1049852823936925 -3.563052798946957 1.0783315012171282 2.6596087046388166 1
-0.24383423041534713 1.739467947208717 0.7872959241739947 -1.5144830057251353 -0.06458396152455181 0.1554004198828539 1.200194628350816 5.4976912136013265 0.2620608080071667 2.993182597352221 2
3.341675863231353 -0.5339068972985959 -0.15777450204172583 0.07689906885924547 -2.135426479584723 -1.810166360067405 2.3863757210966945 -2.3230722384359375 1.977727467879712 -2.3976317792315225 0
1.4693098390952484 0.9663260596419005 3.544730199796609 4.434197653074893 -1.639310733879498 1.8145262405133802 -1.0754832200363182 0.16883188608508826 -1.8571730621628992 -2.0274854728201395 2
-3.104353920094372 -1.4808929289838664 0.07903690440390754 -2.2191207790618295 0.4258096451386302 -1.2273442443561957 0.6455335542798148 -4.2038015340490045 -0.1726621827760625 -1.4394918721852568 3
2.1891946434924807 3.2127377590405666 3.8576701452823543 1.3151319215261679 0.46484181065348573 -3.7880868166194284 1.9846640598053291 2.6919900435352826 1.4909576316832323 -2.472873135908712 1
4.7669914754599505 -3.227092345302724 -5.592523687677379 1.3455393089366772 1.324990473471722 -4.028345278090333 2.5393147319687044 1.0174159672881555 -0.9725584740398021 -0.9172920222074927 3
-0.7158117947663241 -1.3047529797452246 0.6180630445159714 0.495711610847691 -0.06374686627529724 -0.7782625270569545 2.5226955050345383 -2.541434486160294 2.0866593552083783 -0.6952217216578401 0
1.0036404534613046 -2.5325535375040236 0.14046641016176198 2.2131305701820425 0.867269057608367 -1.5925008557018778 0.6206231103907274 -0.5974790787665911 0.5488641873820943 -0.7561590983947599 0
-1.3361711695775766 0.6757000156659319 -3.091371478466356 8.063059290101096 2.4279820426325536 2.8833446975112467 0.7394769481653406 1.9105911154703996 -3.412043589505341 0.6088917229808783 0
5.214038757005465 -2.318125116217062 -0.6768845577406664 2.031625373919412 -2.2089637025323383 -0.721758878067241 2.8675326855331082 -2.2345583666352353 2.9101729033443 -2.971635095216276 3
1.8117259015067493 2.0403321599052986 1.674933094197666 -2.589016686305954 1.2591288803697955 0.43647798946382177 0.8763578032502128 4.282726587505576 2.9105800759581903 -2.0403347441748836 1
0.4034695468541232 1.8137195701181694 -3.163748172972455 -3.677806786744496 -0.057196114833093725 0.47747368081614827 -0.44713553514687 2.4187039720614165 1.6340214788983054 2.5163675648105617 2
0.5712018101947243 -0.05199585786439809 5.725476401622487 -2.7818645498497685 -2.741959125695943 0.6968809821811609 3.442393460289118 0.5240655471326479 0.22208844310544185 -2.0437096833494763 2
1.0478928991820682 0.6358380757532036 1.0916715710716516 3.072342828930222 0.5584328048967497 0.5635052290845954 -2.804898896545781 -0.6792781254467039 -1.8352953274617985 -1.3290849439138839 3
3.4465427255628445 0.7374278011947728 1.3375506643977024 1.5452810470967815 -0.77588609481583 1.40452031615273 -4.3286943476656194 -0.7395148069132209 1.5684880110254058 1.3756508959110858 1
0.013130738793342367 1.663176147115732 -2.1787296432060206 -1.8303701582895546 -2.123992060413406 -0.9383671362566646 -0.007787643016776702 -1.0922225099702823 0.13869886656834707 -1.2652061023975942 2
-0.9482201357376911 -2.2936063121658052 2.960009365368017 3.6578027459926092 -2.5461320449750464 1.2378640366255356 -0.4579426120986456 -1.6431536512091856 -2.7761447619269943 -1.2898362663489147 0
-4.315850114410396 0.5119667762909419 -1.635861565771709 -4.053489872199284 -2.3670701734532145 -0.6513087918596545 -3.4390239316789617 -3.109870494360133 0.8753681626320237 -1.7068525793854663 2
-1.278453902282032 0.8624384591868044 1.9529877404608353 -2.001853431587585 -0.9452406359933962 -1.5658048632254262 -2.7254195408870103 -1.5177526076887822 -0.42545453508414854 -2.0916518332475134 3
-2.237176577736205 -1.6140520905329425 1.8482295158245368 -1.559459630237272 -0.9855547539786504 -1.6622833333472986 -1.453204509857707 -1.9217005700552243 -1.5077148418607078 -1.333978367812189 3
1.0452376000336687 4.171131495562454 3.2785613049257885 2.219207572120056 -0.23588335380934 -2.4368226210999 0.6687968996681084 2.385720511773113 -0.8670676471025864 -2.95377880982961 1
3.8578826376726383 -3.0116070717956247 -4.0187384609922425 0.8954245088066043 -0.9475064465255942 -1.79927591286831 2.3223997348814285 -3.174283450714484 0.2238431321001111 -2.669641418870367 3
-1.3243950067113932 0.7443292591684161 -1.175845434690813 1.7255669116394494 -2.706892283564503 -0.33027911288541756 -2.613427416513818 0.40998979969225857 -0.08733265759146591 -0.7943703980856551 1
1.4579317933115887 -3.640531703160908 -2.571258817470229 4.241014209476855 -0.4945964940485609 1.635951026713455 0.6276853186587263 -1.243770367804026 -0.45716770880358726 0.028201015708222643 2
0.7522908182073569 0.5693121069532061 0.8249580456933119 0.3016003406670821 -0.7648211978042259 -0.6332891068748217 0.34981302120420055 -0.17115825839911847 1.3322320662384282 -2.5173572110568783 2
1.59034794564257 -0.6534536458374325 -1.9035726769281638 2.4344810570527033 0.8634372973821022 -0.4655797282996713 4.650481692479578 2.459990158082136 0.15885200933600596 -0.9995734787736299 0
2.0999436844295545 2.0914756510509185 2.684451897515467 0.0011950563295113348 2.069510128962458 0.5735638953463476 -1.7244947113748328 2.0914942504537777 -3.6158793930094593 -4.159490874485826 3
-2.222823837569148 -0.4804178936613068 -1.1853447193042808 -1.7723096277398973 -1.3196578367986762 0.6441320154976811 -1.8030129720985584 0.27796657281325365 0.6756729391295304 -0.2320424453357388 2
0.030866635904842843 2.91475898202214 -1.7827086219434936 -2.053286227592288 0.7311268466916558 -1.0499677808859667 -0.5801005137704754 3.8815259488472953 0.04721808605709865 2.34058511250974 2
0.48970414118395333 0.4740163282067239 1.6786511138963922 0.798088135720033 -2.789289421090964 -0.4180504898712064 -1.0581379619810531 -2.4739292566665467 1.2108313349061068 2.223666088462709 1
2.091194070873553 -2.5595772361001132 1.3884479953669864 -1.6676617531377809 -0.5192730395387923 -4.568892791902596 2.5377488037132796 1.996426922954054 5.287895235704237 -1.3791466698526964 0
-1.9105725009164676 -0.25495361289247764 2.1879585092128666 1.1447892556038166 0.1597681220218068 -0.46538378801768066 -0.5399632850708996 -0.7062137413141605 -1.5687389484870082 -1.9152573333846794 3
0.9174714533525434 0.6191600002925389 -1.996995131513298 -1.8461410587705962 -1.8739487727071449 1.1480983669983862 -1.5199473867412172 0.33842579140026186 0.6805244329004492 1.2017936041224733 2
-1.038877881197091 1.8983416754934592 -0.4796792920608398 -1.5997375624515642 -1.5069447113240846 2.739923615589733 1.1128811196960657 2.325398511610678 0.5983983441385385 4.144984125708056 2
-2.125714710374178 0.8576250940283329 -2.2606750955438173 -2.259928439742482 -0.09481745310634937 2.1049061025721354 -1.961916737491273 -0.7971045645239385 1.6891914384093516 0.9684993499283373 2
-4.35195431885699 1.5094355812835518 3.6105010283823415 0.4385562874470814 1.4121110326215705 -2.1709899209870818 -1.1662834113600749 4.299748404042267 -0.783801645253243 -0.9001715688048253 1
0.3646847959816487 0.3426452957184234 -0.3312312984439736 3.335968017516776 1.1886647382889914 0.5011524951956159 1.370557827216872 -1.0757598017343566 -0.7415845019091705 -2.024394782513895 0
0.290683095086277 -3.736837921232298 -2.2415286654126128 1.3207070719147938 4.215221800845615 1.1867216759969583 6.422049229718501 0.2030675719255186 -4.695109431191064 2.2886015858861195 0
3.2827282448178785 2.0907612428319258 0.6922708446719235 2.2145420737383374 0.8235687605609001 0.27351892741267303 -2.0133920365865565 1.7792735839688638 -3.0431864654978 -1.0382240537414964 3
-0.3322077354754164 -0.8518354763029201 1.4858433770381376 0.1271395976822014 -2.3788273792244787 -1.6764016040845253 -1.4957600263556854 2.6181465743816474 0.6948628304701703 -0.7914981078623651 2
5.040364242473271 -2.900062749619894 -1.8071244654214262 -2.3024953640783616 3.137535358911921 3.0292845441384353 1.9965551067900305 1.2675628687219493 0.729298792768188 -0.8531225136122077 1
-1.9348016868208675 -1.1220070346105702 0.7882563710502677 -0.9426287733777449 0.16461691327598238 -1.1034559490543594 -0.5876478022942899 -2.489282731154309 -0.9655517265540285 -1.5378753320857812 3
-0.4168227045838532 -0.8530457474878752 -0.16600921791308387 -2.0586789840528423 0.8740957334969114 -2.1117887699749796 2.119557090802969 -1.6045420687943408 0.5191043797541899 -0.339271178002834 1
-1.5568446359742087 -3.9253111366524505 5.040759938506395 -0.8064402054113349 -5.504031740219503 -3.215666509589476 -0.4846133355592357 -0.4045718839145507 2.0160206094995665 -1.1815139566610546 0
1.5248955165090354 2.397394055244491 -2.8637095626038525 -3.611342743324749 -1.795394710906729 1.101197745286868 -0.2842871775201917 0.6673924552055766 0.1259266478010297 1.511099671019919 2
-1.7320563830051943 3.99361384739539 -0.7766674131069178 -3.512537515464374 0.43882808062255063 -0.6481950696610759 -2.862339292146677 -1.5018337657586982 1.8486814472325495 0.5359588572440765 2
-0.6268586617746112 -2.122122730581151 1.3463227569311456 -0.873691650769006 -1.3031900929648763 2.1409649674562967 -2.7703153401374334 1.720193070490939 2.1602666526833683 2.944321794220339 3
-0.7116428456709956 3.9379244847939545 0.3371144626125757 1.2119903290716372 2.7928672587682923 -0.19325856261584717 -2.3963317783955747 1.895408842612102 0.7391830216006732 1.3203889144955732 2
-0.19223246786851744 -1.5239468732173735 -0.4667039820372326 -0.267785888179052 0.9932121750479905 -3.7169794409726093 -2.551846075396184 -1.838283284535238 0.9647154895970287 -3.3569500989491114 0
-1.6141359344867072 1.5245840884015072 -0.40907711492181753 2.9751885653864028 -4.177450916200955 0.5991582677387965 -2.1411751840148225 -1.4257854186056496 0.33686386513765254 3.5617451616401734 1
-0.9057709531340625 -4.14665068778476 1.4403525030600797 -2.2624630521234494 1.889050629401056 -0.2616901084330585 0.8571251215431501 -0.9072208707458964 -3.267738679005837 -2.0347971388708985 1
-1.7260845984338218 0.6050974191923937 0.8846415175620659 -0.48173337106438385 1.3675045151905754 2.6596950238678563 -2.8943948437494265 1.9577127863017667 2.992985094859302 1.325052971604046 3
1.3354757358742089 0.6323697250943519 1.5530462102030704 1.0115254149249153 1.2337569420469108 0.26832164717788953 -0.18371783417768217 -4.033415679805056 -0.7293861917229028 -1.2966562941806572 0
-1.1733185113077798 -1.7839327224506314 0.016004229244731993 -3.2977535322698475 0.07367804275328638 -2.7989182050641217 -0.417543522100536 -2.0803456206388944 -0.9417711914432493 -1.3428010481867247 3
2.8104247218881477 -2.1182061651104354 -1.3138543235922846 4.5263748105891395 0.40012460224888535 3.2637510140652655 0.3547464266251553 -1.1743570866737525 1.5622804196650473 -0.21680750177835928 2
-0.7339751838170505 1.4705126510181268 -1.1166542167733233 -1.8281975943288682 1.2278874852327675 0.9310973747198992 5.535454023700663 -1.4982858039516112 2.261809494389392 -4.8966202565095145 1
3.086408897549675 -2.0427791605574184 -2.05225763199988 -0.35232781418133063 0.16551515653864923 -0.3614248344039701 1.7761660188544197 -0.1279859221160401 1.9471028554122984 -0.5582325489993676 3
0.5093676791745195 -0.05365908068072933 1.4630309719535868 1.7528899097277184 -1.2697173760760545 0.730063413603085 -2.8696005152570816 -2.636026084859317 2.449265794929622 2.423512887568609 1
1.023119912630909 -0.7349965367302851 1.2194322940306361 -1.884929590513315 1.2248815145759269 -1.068727347538196 -1.8732184219687604 -0.7418340800852599 -1.9588562922466157 -3.1100319607454483 3
-0.30477472467623 0.05069631953305587 1.5912268169902442 -0.47061426640138493 2.493558555910555 -0.8642292787296944 1.723805350160623 2.9127714751299716 1.0468924968600928 -1.3711490592088562 1
-2.986277032796001 1.5486302132467609 2.66469704558936 -2.3708306472283134 0.32507981008552733 -2.896613945187952 0.33246793933022756 -0.3160504421521708 -1.8346384352591696 -1.2472921773510226 1
-1.0082774487272177 -2.1195373967932984 -0.5844223791229368 -1.1819528062114575 2.320522821126197 -3.1186078539154782 -0.5257039551530145 -2.5095540598633006 -3.168767707444093 -0.5729218414419965 0
2.9723881248937203 -2.7237958674111695 -0.4697993225806658 0.9703215150740295 1.2325216222496844 -0.05770233036666006 2.5686474514987827 -1.4095347482722809 -0.37872644611889317 -3.5936588490012276 0
2.5020404724312133 -3.847834432556684 4.361068851034076 -0.6973270605421438 -3.792180694868554 -2.255367256412807 2.2226645793151647 -3.114076879022814 1.8999411875351384 -1.7356103606661408 0
0.23800943752634807 0.7556789437480238 -0.7011933386042823 0.43010400833799944 -1.410382411564313 -3.274069080122383 -2.231659518992812 -2.3784181140341634 0.8202665697828848 -0.6226590247890407 0
2.6605195874501257 -2.3151561355887837 1.9531572529654864 0.19897686139374138 0.9880575325078578 1.0296940336947684 6.424747994007452 -2.6972925321563053 -1.2686734006760705 1.121760244972311 0
2.1193092885987035 0.8633923562060997 1.113696111394486 -1.7287139670340343 -1.0360603168623772 -1.0027132574397077 -2.2080663317966542 -1.621072619450614 -0.5453903625053571 -2.4506361845355356 3
-3.932330130856096 3.8990415228451214 1.9183526705374905 -2.137849309170804 1.7265759878980387 -0.5001351508504652 -2.4665215289291864 5.088088208118049 1.5750313448217494 -1.5391378395203508 1
-2.521909808217763 0.22734081311589383 3.875739922947678 1.2645413735928144 2.429172602709876 -1.3095880206980617 0.23515967865779364 2.3304808679166635 -1.2178260674051815 -1.3352613557472928 1
1.223320832629693 -0.9168632443289042 -2.301352067594075 -0.07723339215010028 0.3714755902405017 -3.3670035652592176 0.1951942675331113 2.299252351866821 0.33662813984049933 -2.188709980308891 0
0.476787968171965 -0.4585220307817306 -1.0763130356740769 1.1206079796141357 -0.5438852035779884 -1.422140847823832 0.40855485369958555 -1.0507542489205428 1.1527945525133025 1.5054794293813907 1
-0.13211670671057463 -2.2279628342936606 2.099344704709629 -0.44605225798811654 -3.204648258024643 0.8403041876845889 -0.7225071497135838 -5.440051948382302 -2.642947127587027 2.3538867004519677 0
1.6631529416769815 2.1757000177292305 -0.7708192043824603 1.742832596813187 -0.9276610022871372 -1.9276238453699235 -0.5925345922693053 -1.1365834128331485 2.1559214402857076 -0.3175260910993867 0
-0.3566328922692177 -1.8041799848475408 2.1889521846814493 2.8686358606164477 -3.103949235151032 1.2267530368363413 3.3097239438561346 -3.287890034470192 0.02706589140712068 2.7478699198040193 2
-2.1157757350312543 -2.052258718856432 -0.7322967182520266 -0.9899456366979366 -3.737796908591301 2.5326500087061006 -1.9320076230095526 -0.7987954949705647 3.6391917986974622 1.9673482221629155 2
-2.17301462404397 -3.4602436200931495 0.5703123301803407 1.0682874559552487 -0.11651281567382676 -2.881400237644465 -3.6960816817405506 -2.0255604037499295 0.7968729900734892 3.5848546327993587 0
-1.4227208523095793 -0.6359427963313353 2.4349090927240007 -3.1574441458088605 1.2341511423767957 -0.056639167189857176 0.11729787542240733 1.6757773401287386 2.4294246453477553 -4.827985901826663 1
1.574132039883211 -1.4465964423202728 -1.9385168737093388 1.722742275528258 1.095571205513334 1.9487052603754769 -1.013214399872843 1.240848255975997 2.42996303416306 -1.357640820390932 3
1.3435906936098476 0.9723410219412458 0.6682687176977464 1.3273795454068007 0.2833151083990646 -0.2082607375962583 2.0803414061633765 -2.6457164518318086 -0.7310729420757396 0.8293103229879748 0
1.521726760872736 0.8142964901634056 0.7435440200571806 -0.8241175567187226 0.9536107358060066 -0.7406620710882605 -0.8318865143287584 0.39210448090853167 -2.91815464936122 -2.982438852458464 3
2.6890213417812485 -3.566823043125551 -0.6851501801174764 3.1237477306576253 -1.1523691484216583 1.692282076542821 1.2010676664336692 2.161959527309239 -1.6804588141437673 -1.817316311487291 2
-0.3971924557442409 -4.296632006576241 0.851226294265619 -1.50810703283411 2.041121693063011 -1.2971192635036737 1.1948874535183875 0.5542644273529338 -2.625755086848044 -0.7189892340045807 1
-1.4927186056685353 0.2635737579340969 0.13364072602842791 3.1320306336174464 0.2778242333394614 0.6019271727609368 1.777804834645491 0.5197820268062081 -0.37843686625826245 -3.806206663402331 0
0.22398677249453136 -3.5457025487772507 -1.7336316826445661 -2.1254382899015636 1.2627317050102473 -3.389973154557188 1.3919588192677015 -0.4313858663119231 -0.4282867848046683 1.3420262401605356 0
2.6172188368775093 -1.48460816061397 -0.8980826353212212 0.777115036347538 1.6210798922515628 -1.9728503160509612 0.5922531407285283 1.702627868242991 3.339246395543846 -4.618425160437527 0
-0.8389133176132753 1.7040423633894815 3.332403296284785 -0.9804023255952738 -3.9145441508875414 4.512910242907815 0.5596494400774328 -2.1560889271790944 0.8615797477722951 -0.7192481735198318 2
-3.039278353289306 -0.820108656330097 2.9462442016085504 0.7121007247426927 0.2516081442894005 -3.8792442972905667 1.327354463732758 -0.7687349979488511 -1.2619082755238313 -1.6875591207078842 1
1.703038558977878 0.9740129035282621 0.5930595489503199 -0.3836059594117476 -1.1204665303238837 -5.51258396404653 3.405564544259807 0.7696866146209815 2.068392833626948 0.7713574179796328 1
2.0937316422214876 1.8540660635757882 0.4747565186568181 0.12018627899985201 1.3663006559298005 -1.1438230737462018 1.5952381556644406 -4.204550768331627 3.193820610666824 1.768715981633783 2
-1.3547497229615346 -0.7314745665845777 -2.1239656775099314 1.728431106989685 -0.011276210554806543 -3.2740744944713254 -1.4022035229840335 1.8446370015091036 1.203559708656337 -4.837358005757636 0
0.6236024382598561 -0.6415263826581 3.13189131262923 -2.6834466224102087 -1.3432265871140898 -1.3715681851716575 -1.5696094216867023 0.3965213588040295 -3.45617743801586 -4.128714862316395 3
-2.341665659769877 0.08205462754037351 -0.6083489731255189 -0.23646199549801006 -4.900248585080661 1.8947445718690958 -0.45009355230989523 -0.37331610850099795 -0.8848822024194318 -2.2467064162908374 2
4.218233069104421 0.4593920928739037 0.28861536989177283 -0.14470768746387486 -1.9098641741093103 1.2170992863342565 1.6309575614481426 -1.332969535436538 4.392215976294665 -1.7591909742940208 3
0.3115836780027843 -3.4941990219006462 0.36929474349276803 -0.19018991551147058 -1.55730143491988 -0.5019298584908077 2.585996179174208 -2.007336128410912 -1.0874371429574 -0.056261421373277165 0
-0.5010549910852844 3.2218081880797658 -0.7077355809177028 -0.2690676013966635 1.960139976449251 3.7901044777027955 0.5986810560729166 1.2645193893052384 2.3796518649582032 2.7869296255716103 2
3.2959666543846993 -1.6182507403599802 -2.777433689962091 4.536051283439448 -0.8495665928996139 -0.41032382148670044 4.775187577446942 -1.3025049741137071 -2.0100394874450918 4.43573389621736 2
3.960557293378948 -1.692293192699449 -2.8655633794624533 3.2708840591381905 -2.1559549899022596 0.9676983734824416 3.4288737332536696 -0.41215046349814366 0.6369665849664097 -3.559889539152502 3
0.9470133974486901 1.2244184802712668 -0.609496143478592 0.8079904705829611 -0.36232551924450307 2.0210607361415707 -1.3876857074296884 -3.09059687344583 2.9635449307447055 -1.0263362978621768 3
-3.4476721140398423 -2.504103209468145 -0.10428830746829731 1.0400245512545956 -1.5975357788413334 0.4841315145766987 -0.8719551039589957 1.8780381526221146 0.35135170725296583 -1.9144615797074422 2
-0.3302230862973756 1.5160255077145055 1.2933944240899924 2.064821550836244 1.450682961449052 0.4263244014804404 -1.1778539839421744 -0.1025363565659646 -0.8796932734579062 0.7755841133672656 3
3.4017495596208396 1.4753333162992113 1.7032523112091158 -1.9711203038508343 -1.95418159475917 1.412152889990233 -0.08930169904426788 -2.1929609177458502 6.37516656524063 -2.127807344461707 3
1.4642732332315305 -1.9190591822102112 -0.3987830891807982 1.8507129079915083 -1.1682775030868509 3.777126253263893 0.3614502484415901 -0.11309334795032111 0.6425998921146688 -0.8210168869815659 2
4.21815850888594 1.7393022497471304 -0.18607176616327503 0.7560651174343931 -2.572731097540836 -0.0728718215140094 1.7044561473448363 -1.0177747940678787 1.8378574397013172 1.1467737428171128 3
1.6947034487902828 0.21151760701087863 -0.663636428097514 3.151629553396296 -1.3592082465961322 0.3799759877425539 3.453196516504027 -1.027425049959686 0.2702447841677038 -1.3562540732165984 0
0.05823760038611547 -0.9350559965331308 2.9193712930635414 -2.2938843951770993 0.3822501212698013 -0.4765666029500897 -0.30829378656979367 -3.1900840554739722 1.9116886436040037 -1.2139015261560904 3
1.7745880429955552 0.5523543374474664 1.0127606557057405 1.1365663556170338 0.6698248222513681 -0.33130245865072006 0.6633785649428441 -0.2378472002124815 2.957103428109603 -1.338734289948966 2
-0.8525730329077841 1.0770279384697787 -1.361422872369115 -2.6593785173369517 -2.172089284082679 1.4564114338541743 -1.1733868875230422 0.8507496011707981 1.357090008898919 3.42421233595969 2
-6.136559410739609 -1.795518632805524 0.9420618437864607 -2.030691732952774 2.9562259084041953 -2.084902440467104 0.6283181656596837 0.35181219640760686 -1.8868864563420753 -3.40145813806281 1
1.0474659768906416 1.768546872615163 1.4427256707905523 2.388895437447472 -0.7346830379503195 2.4026101814082184 -2.888571888300309 -2.225103823956416 0.06902482177042046 1.93636963995659 1
-1.6062250122860249 -2.032020789370997 2.9037698690079337 -0.3667757766325457 5.103813240643306 -1.5172157988220811 1.8544345623847434 2.6061553472676158 -0.5890044456754404 -1.9276838607558844 1
-3.3080716720437273 -1.1909329292380886 -0.5101936581254936 -1.5555619954103448 0.3131500204069442 -1.9973399309879118 2.262998014916843 -1.1903081381678908 -1.8919804526535104 -2.732508839120211 1
1.1139155930251223 -0.12829379442812594 3.7845472618915443 1.4630767707129437 -0.13471631261926986 0.10917015204039249 1.2171831726504179 4.765711169702229 -0.5860534484547617 -2.5263145796621944 1
-2.4084569165927388 0.11274338329772582 -1.328292962240944 -2.158777982243486 -0.2771381685267713 -1.4464523979119037 1.502102651725179 -1.7912180841379293 -1.4741798639293258 -0.9815482911162489 1
0.813122761319065 1.701676113286507 1.8148848271123632 1.3667653106968718 0.548993098683199 0.3743924700038004 -1.2461051528377365 1.8505403935679534 0.0632919948662034 -0.628712637230096 2
-1.6474781028866226 4.305350918110632 0.9560196189131533 -2.17628237752652 1.28409937641511 2.4972956186319086 -3.873144772684434 -3.3914828078412915 5.269249853800223 4.072385147983086 2
0.0992094193395534 -0.7856117141699324 2.022559131153505 -2.6527183911305166 3.3612491410361014 -1.0247915468119495 0.9871918264231448 2.883882373326381 1.4263225846111323 -1.4601012906698163 1
-3.766426725795656 1.5292679539484113 -1.2171972780086326 -3.0083324817544326 -1.3884053456505399 -0.34961675064747477 -3.0787023999166183 -1.4758255320513984 1.8686122773604008 1.1343098229506652 2
1.0187357090399707 0.674232532958946 2.281275268366304 2.0290408374708537 0.5469033097193763 -0.8895997401984661 -1.8927260057579707 2.8221936508126957 0.9062292425527559 -1.1222276544259753 2
2.583200519576832 0.9839962355126819 5.062199963390907 -0.8415570661821894 0.0816229280341132 0.23476595446701065 -0.8725518822105286 -0.3864600352407397 1.3717727024657536 -2.355887995184859 3
0.5982769968102291 0.4733233036210074 2.6642901414329487 0.25939941911254905 2.157445267978602 -0.09004978567171318 0.19425087951180686 4.997798613327831 0.9076904498471718 -0.704934376529976 1
3.23923336123878 -2.4422148843829374 2.1553059984878877 -4.735646468280466 1.0783096369576075 -2.8682277778903953 -1.8763404043641918 -0.6000548389789488 1.0380057485373158 -1.0156736853880008 3
-1.2456881348024065 -4.379528705559639 4.3317307363475965 2.079049147359818 4.607976827170644 -1.6179635843362377 2.1125325874009726 2.0883009744764887 -3.246880460309291 -0.9233733588900422 1
0.46002788584761223 3.54010981008559 3.0233172503727768 1.9187888631603935 -2.2381000134266817 -1.335879287736161 -1.1136949265386369 0.8306456856356106 -0.18375537252200824 -0.7728500028864576 1
3.166201422960496 -0.03222504189425357 0.10669543534170889 2.5211339724359587 -0.6170572559207326 0.8442264609158951 2.124357707817965 -1.6377893525604073 0.018842830794530085 -3.15238680829303 0
0.8610769190033774 6.185974591843218 -0.017415296466264385 2.4318641405853345 0.07981722242786504 1.4591968394609203 2.8634949103186567 1.5622911327131335 -5.0482969167427845 -0.8093362126193104 1
0.6978002979556387 0.00831190771600454 5.106039126499441 0.12514587694640555 2.221138571046172 1.33599943730849 -0.5757656917039997 -0.7282343417005943 1.910884735706595 -0.25187063612140725 3
2.748624664324158 -1.684227783934085 1.6750818729990724 2.128048235059018 -2.9895776817910162 0.14881294714596227 -0.18907982378989918 0.012692641302928909 -1.0776960691054636 0.8072948092943619 0
-4.72980659374109 0.01709077601388831 0.6044484102167235 -0.47574684769807307 2.7647333466478843 -1.840148103914312 0.4812116069655893 0.5504845801741272 0.3415220789652398 -1.6709232822428295 1
-0.06285793464802714 -2.4986173165547525 -3.956410435316096 1.5779204538746279 0.9126362250898838 0.1522853279003139 -0.09144832146569914 -2.552423996020558 -0.505461549155501 -2.5523087014569468 3
-1.0223275103813578 3.818906301654484 -2.5276906702632376 -2.5972680690864776 -3.6657406377871937 0.6926496223033791 -3.1208626142156226 -4.168359482212469 -1.0685807305613362 1.2612014352835323 2
0.07003140092240012 -2.049658587305751 -0.36232042283427646 1.0114375540025695 -4.425721587739224 -2.254983713276479 3.1737114970158036 -2.3790856996661955 -3.7697111092218276 0.14817898819103226 1
-0.9166525581947238 1.9925639145247098 -1.5354228195876398 0.015330633285980944 -3.2488568309711487 4.179175497732899 3.5604879995212784 -2.0691648362276256 -0.2865222200832602 -3.6429547938780793 3