n: 400 f: 10 f_i: 10 f_red: 0 f_rep: 0 label_cnt: 2 noise: 0.05
400
10
2
-1.3533056663166767 3.676672357612186 5.203044392745425 2.796664573259089 1.2729721803219638 -2.74898987080983 -3.8294496718668785 2.86782014879957 2.404247058089526 1.5240516743715915 2
0.09287946633152844 2.3207227365971113 -1.5607702774066423 2.725346065973379 -1.6101187851979288 -1.567508291719838 2.4004687965311726 -2.00979964912084 -2.191543080000993 0.9576937548292574 1
-2.104844662572307 2.1627961471459463 2.0538703284522413 1.326351766290902 1.1782950420999287 0.19555263542665946 1.186366182274027 0.898431650989549 0.13556201569736337 -3.1936248864564045 2
-4.5271268689782005 -0.824923172230512 2.438699473695693 0.2259176089184577 1.0110722735662825 1.2104796257673611 1.6940774790887774 2.6685376166430737 0.8538681861216633 0.6758566484269435 2
-2.2606098998930664 -0.2111405501373268 0.7908323569028782 1.0929563990448379 -4.614758850355042 -2.702872712660213 4.6498544364811885 0.8186095219042723 -3.196448455664185 4.808142477953393 1
-0.3711767516530802 -0.47475964774153456 0.2109250629039302 -0.1069152758339742 -1.8819166769210625 0.5829747247227881 -0.31984383297785735 0.23366030851891717 0.7417008699756253 -0.8077882329013735 2
0.8767548073439486 3.4710478463295247 0.5572466030274367 1.9017782210650465 -0.05795760385683435 -4.635981013030212 -1.5587835163818304 1.0377782085635001 0.8134053003830543 -1.6216300117463247 2
1.0937554757357626 2.78646383221285 -0.8029888360762094 2.2614325286910533 -0.09544412545321568 -1.1162890627668185 1.050742886858998 0.5758652931471435 -0.5590657167083686 -0.6609839340055241 1
-1.225188657190411 5.974649377261866 0.5994262028860253 3.0331353172058084 -0.1397907706295809 -1.6732738233571025 -3.135987006742193 3.3508330999374896 4.58408341239984 -0.6098448372547685 2
0.8203496418277021 -0.5173689468501855 0.561717806691256 0.6532053052993805 -1.341111064498567 -2.057796487251538 -1.1098295845501411 1.2680157283129108 0.36658516964914456 1.0532407172665055 1
-0.22519802673742606 0.3588393959099395 2.0116690787173606 0.8824665008821717 -1.7749151867932085 -2.160420307074582 0.5439701939134156 2.1750365982530964 -0.5093656238734146 -2.205345783760097 2
-0.22106270963857289 0.1474800862222756 1.2552837111417472 -1.023611604617896 -0.6897377683371431 -0.9271326682962808 2.3765411939727823 3.5145217964574806 2.1771354996606105 -3.316851879327533 1
0.07547166688496376 -0.19647310151434527 2.7119588793101173 1.2093620992538818 -2.1954562955547625 -3.068167082467565 1.6627815467601632 0.9772576728129342 2.3740289903472256 -2.012119617909611 1
-0.3188660943356135 -2.945897984433094 1.2034160762957105 -0.7602613022551645 -0.7523826060910962 0.48177968346558075 3.5720527348772535 2.0279711235810334 -1.1039597825686647 -0.20016540419414053 2
-2.7052135540783997 -1.3421274802270888 -0.22581987920529634 1.1913442501947333 -3.045485731766036 -1.4823579606599142 0.6049391849444057 1.5538802014345552 2.724483908678609 -0.047592419056163515 1
-0.9402501488597887 -1.8285026664817123 1.378567170044914 2.7145036593469563 -1.0497606782998725 -1.9349119025934955 2.023281902709864 -0.3895328100867921 1.7813471342566092 -1.714144212855922 1
-0.9240375835838283 1.5620130697761394 3.4353985754730014 -1.5326491034553746 0.5989111854890179 -3.010507679433816 -0.06267281492543408 4.2249630834309215 -0.39827274620411446 -0.34913381490015005 1
-0.6113047602652981 1.3215898089876683 -0.03604282506972312 1.5338769818545086 -3.626612725028516 0.22614473869293383 0.20783364149013317 0.9796211476344494 0.8424740227639566 -3.6342959289296863 2
-1.2102449762182175 -0.6014208736806697 1.189538151883591 3.0465947456028974 0.2896201939044756 -1.4829441712922788 -0.17338971521699453 -2.0414384809282495 0.6534109107864348 -1.5387080337708539 1
0.6418796494255161 -2.9302935156270973 1.787458690011932 0.0831844329745961 -0.4927366680732138 1.45007627146685 -2.155777343408513 -2.4892538043348593 1.0315946967100684 -2.1674848255004098 2
-1.2113488102676708 1.3545246220726181 3.4408339247145507 0.7515996125586955 -1.3045510610026496 -1.0243929793778026 2.54817915290747 0.39114570269052085 1.5156065516815893 -1.3183126591826928 1
-0.9692353817077094 -1.179131201033844 0.1744430925956736 -0.38233174161459416 -2.156844829133701 1.1533304352996707 2.49585539909952 -0.5330652545128155 2.4951984120008266 1.9803158186871426 2
-1.3202659014013722 0.4384277690067129 0.549383001562429 1.828105109166436 -1.3843990335886305 -0.4729563793980135 1.9168518836024617 1.4636967263962497 1.1394667349205478 -2.591258341149934 1
-1.4968443231215878 2.0137111711941524 2.8413552856885698 3.2235091317229627 1.4176960157232354 -1.7386455516179766 3.0230243482665418 -0.3278149233424307 0.7324164867019373 5.465780690566455 1
-2.517071057389461 1.2142004841110796 2.582268175708754 -0.5095223926731125 -1.3420610922379983 -0.1460275635888879 2.169128855862851 1.99005405529146 1.2700908838193956 -2.4621652520992043 1
-0.5041714507056106 2.429786266601207 3.6059296843516537 -0.19724124807714682 0.2819779984298114 -0.5261114536552058 1.515520142031183 -0.0009394990044659934 1.2943701856126701 -0.3037872911514601 1
0.06508706081424065 -0.6404328417552976 -1.3548835415287104 -1.4933382756348035 -1.2861590154646374 -1.9054121784467126 -1.2442072615095503 1.4260873331699835 -0.7220567485069986 -1.1552559416543644 2
-0.6819437237991861 -1.4938053182262858 0.06058260157672568 1.7182308659338492 1.2998735307750882 -4.7973083778609515 2.2865469241768466 0.6865944877239747 2.3563567857304424 0.09855954863683825 1
-0.9905012415112634 4.5298527649124365 5.5707618404699195 3.9916566045582558 0.8212859255927294 -3.620369914156498 -3.330565812250738 3.2528262948998705 2.4804964630389126 0.7089568886532867 2
-1.6418925057015434 1.5591198766252088 3.764026264529005 4.411302830198482 -2.767846475303016 -0.5945170565429987 -1.54224880791455 0.71631826736259 3.0710654320085014 -0.02628055856275313 2
-2.580265149509977 -1.7787815211850506 -0.17892268741040218 2.961682750856199 -1.7613449183884278 0.4444992802720238 1.1611395416412384 -2.264171663119732 1.4913167954693192 -2.9076593347030086 1
-1.9816279119695712 -0.33124400859412784 4.649873368825033 -2.1465005907406023 0.7820482342480792 -4.157707392021272 -0.7614716766327254 3.155751209906926 -0.4378206476802273 -0.944844457929418 1
1.0082270320467717 -0.8671650402910889 0.6220922130819135 0.44682255096855805 -2.331875566189544 -0.24693713045709065 2.2769554983480798 -1.2224417394533353 -1.3725913079048788 1.7865682375034342 2
-0.7683621364910265 0.4845995269391502 3.351534765167165 0.559637919399443 -0.33540168831282613 -2.9343530069789905 -3.9963285324455957 2.888270585078442 1.356915907633285 3.2423609374683924 2
-4.655968175580268 1.05553918840473 1.708086224163056 3.0693598825049366 -0.8903373078822797 -2.043577502989256 -2.0920760704392283 -0.8464073479174499 1.1894171739821127 0.2730697689334327 1
1.2925834396010587 -1.3761703570176202 1.388030520007849 1.0599439354571858 -0.7931968339796889 0.7153112471172827 1.7027696491642266 -1.165981971050387 1.2562221479570939 4.631750752086608 2
-0.49270021781216755 -0.7505892273837246 1.861234450305436 0.960274291195227 -0.6531665384743361 1.7827634865122932 0.39794017581393937 1.8259201680667645 2.402841222844769 -4.12728354462569 1
-1.9168998487935993 -1.8094431568009486 -0.12874542382854126 0.7826719309286474 -2.0213434727442765 2.2464730071436145 -2.327651680015886 -3.559098331025541 2.0098435646080826 -2.6572554840606695 2
-1.6695457973061998 1.112346556426817 -0.2687641256780948 0.9685280618880854 0.07716090109372242 -0.8429223704988631 -0.9329598116657565 1.416399417123988 0.4183981257147471 -1.48309609026481 1
-0.1598440534141442 1.0456555615398246 2.1783795163348207 1.2679111204845883 -0.19160832624415025 -2.604601583377748 2.4756929776826597 -0.8457568825790853 0.9457012194976407 -0.4700078228694492 1
1.685311845554284 0.37537396455405125 -0.8628913232831175 0.148925567305778 -2.130681387071292 -0.8423182550989345 1.294888674687774 -2.749519090089539 -1.5810235761244726 -1.7023870987109557 2
-1.8225519830979824 -1.7401355410238497 -1.422865001181663 2.4502161548743286 -0.24267225199232678 -1.8518172827448918 0.9901728530002011 -1.1639488477792646 2.3423408104818306 -0.7976342020673565 1
-1.5859218403600437 -1.3052490806766395 0.44479945667072485 -0.4780553749369709 -0.3794932429399005 -1.0644485138286068 -2.3222402785729805 0.2437192144517013 1.6348176427321266 1.0641458649948485 2
-1.5136974778906085 0.2156078683398568 -1.2241039249567498 -1.0260236838991266 -1.2196615594046991 -4.327301369762146 -1.3284118468407464 2.51863291107653 0.34143571563045805 1.4661917763062364 1
-1.6432505337104577 -1.3544643629693789 0.981220369854536 0.40937385184387987 -0.4795927669000478 0.9988671388075101 2.6391006943122877 0.7169369958197589 1.3807552659021103 1.3171697858971023 2
-1.7028003064595474 -1.597098058268636 0.0936949001465931 1.173571182394406 -2.4600052308805234 -0.9117310034961974 -1.1718029376701642 1.0393166886800413 1.0557744106705664 -1.9965550320450587 2
-0.2484676213663748 1.296441252614024 -0.27846183407728753 -1.7284255014110395 1.2658813062545167 -1.5184738539983547 0.023570996116091703 -0.3938015169686413 -0.8550260604419564 -0.5167430015493719 2
0.9166318778011049 -1.395715096048711 2.8779753446413343 0.8311435090404768 -0.03722524137652894 0.4353045226745117 -0.31800176940529035 -1.9982369333307877 2.800125411324564 -1.2261427992536311 2
-1.2022952769269366 1.2378927688428556 -0.7274468267221648 1.149175926620856 -0.19912230225722305 -0.03231818152959942 0.09515248559261835 2.8125016550597453 1.66557042922406 -1.0874269096922027 1
-0.04681638142596023 0.45100992455885425 -0.5828222646801662 -0.5484608535369371 1.0241833724436602 -4.475739041934089 -2.3018249070003085 0.9963356656508519 0.792698015829316 -0.6405482892919327 2
-0.9663737525349628 1.795554674405835 3.3667214440080406 -1.0399093691454486 0.9932212613886613 -3.489847660869127 2.934065518383298 2.0345034087055454 -3.058886632471493 -3.5411194824537744 2
0.43343905083685086 0.8850705570251609 2.277098843091148 -3.117504430952244 -1.306909611212111 1.0378848649200947 5.367239979095299 6.066405615878306 2.535043822763768 -5.359830676228949 1
2.686039599345481 -3.7052584127347696 1.1266877633851962 -0.014863124126394567 0.1532119715911131 -0.4083677689024079 4.253818557295867 1.4768047203575372 -3.3030302960073534 1.7388089585935549 2
-2.185353293408095 -1.4490644825948718 0.05615097720747764 0.3460298924196533 -1.5305584805639731 1.700044899800186 2.505705841044896 0.5390221746051411 1.7839543299959506 0.7577022692212108 2
-0.7916181131477091 -1.5783624764385382 -1.1024468892256376 1.1337063679807164 -2.972965954976849 -2.8218690548975145 2.474647279695025 0.8603289148545423 0.7789649405847825 1.99379783519875 1
-0.8626629122443114 0.1476216384952892 4.869181615035945 -1.3552729173317326 -1.3829052643872584 -2.74077751604609 4.018792031369217 -0.27156109982464915 1.2476153284532 -2.648630686813076 1
-2.9215953539222177 -0.5616363578571139 1.5732977805315196 1.6631170734750231 -0.4961744573561415 -1.4069619091765828 3.7683205738345387 0.4034003086138832 0.6624085594785116 -1.4811638639988596 1
0.8291571433239997 0.6774195687264679 -0.34301380740368415 -0.3597205425252601 -0.8847179190915107 -0.13831111279555286 1.8699510887970998 1.7715863614231577 0.6265752315330166 -0.9512957842737768 1
-0.5217769921141937 3.46074336421435 -1.4150557763891563 -0.9751682346151238 1.2262488702523497 0.7120577770215131 -2.4421729458681067 1.379776340858201 2.0357921827995433 1.1225588031893579 2
0.4242988175619262 0.8400221043725549 0.2597072773120883 2.473714726950327 -2.7259592917747812 0.39583356180665286 5.007503111465331 0.4939286688842728 -1.3122572189951751 5.24827006596999 2
-1.4354469899265718 -1.1962528554465557 0.18090674882886926 2.0958476726445054 -2.0663194624985577 -1.716974987107304 1.7330939411969584 0.170750013713045 0.19090418906621354 0.30770595511765664 1
-1.4627650004379364 -0.002197295289183554 4.711499649443988 -1.7399946161474729 1.7008705337053773 -3.0959546908679982 -0.24955300330005437 3.7022508653901958 0.6463676618754447 -2.230219915390214 1
-1.5854903843248294 -1.442559194101757 -1.7296124151204455 1.7868622128218097 -2.36970013729749 -0.7645225618290795 0.7305062139867067 -0.3242749229932802 1.4965240584841093 0.09906588385134518 1
-2.1304163247087073 -0.46977596605433325 1.763179051964923 1.0332009070712174 0.5545564003135193 1.8333355361330361 -1.631282019540539 -2.492133283381714 2.4901071763710525 2.863587033327043 2
-1.8337624165460489 0.4370798122674173 -0.5724458830004926 3.6671541382782022 -0.6180113942484047 -2.8733253193373827 -3.476893587066825 -3.9961956450660168 0.44196408680951327 4.28647420975904 1
-3.800567735889136 1.9026194505757794 0.4726694623308637 5.739868238916011 0.5340660543788318 -0.9091193832910873 1.1264249471906442 -3.314917006726043 5.229436188440384 4.521599689898669 2
-0.7469428528955466 2.9824741229452956 0.10588217066070693 1.463923419515449 -0.18369597996998754 -1.2458708926005997 1.6038281198516562 -0.30837784939962587 -1.7910429854669627 -1.6360479387933593 1
0.5600575257556055 -2.3234457698688873 1.1469488977924058 3.8601192563101128 -0.045021926673878165 1.1957040854772552 5.974859168846807 0.8974475082418637 3.0706758996549888 -2.2770678183400315 1
-0.8115920147533695 -0.6945415759297524 -0.10770148131786983 0.8268809257191292 0.0019699960868764244 -3.5924270660760236 -0.9145485299441578 0.6263998527917528 1.0870478113964364 0.5241622953870035 1
-1.3838582453909742 -0.9757573702968928 0.7799147358827404 -1.1215691539109836 0.3913080766942998 -2.696304022760223 -1.6695194390157813 1.4721890341257868 1.485059001543258 -1.4650839175748207 1
0.13600371570037018 -1.0290410485215555 1.2353302560378319 -1.6825682329496607 -2.77146808380979 -1.409260626904942 4.008981029100673 2.8051101067962767 1.7842415920175148 -3.6209372830351962 1
-2.1218831403324403 0.003931540537691625 0.8579282582221923 1.6051429033845888 -0.9613814069925071 0.8094606033270901 1.8071284502951348 -0.1925174125264406 0.7095832299123273 3.1195998480622418 2
1.7605724409744914 5.017521880642095 4.129299079573562 5.738106761095485 -4.4722608156306425 -5.095462897166531 -0.5940072352754069 1.7999356822927752 2.0413280073409883 -4.5133655048283785 2
-0.440614869838448 0.7515927452435689 3.059060671705647 1.450736167313706 -0.4782635084144585 0.2952741203493038 -1.1965851642330687 -2.0975309391494585 -0.9872491618468096 1.3443407694036358 2
1.9435169744096754 -3.0941179664695277 5.4846528932333936 -1.29741505297048 4.634637255985138 -3.6553157676456234 4.299539017360788 3.3047016274784156 1.8930528226391494 1.5254657202950557 2
-2.186773103268227 1.9883386000034764 0.1467431071802363 2.486613757500262 -1.104708398740258 -0.6110399684177532 2.0475556422284535 0.6430516394493353 -1.3610104805690852 -2.15641277271264 1
-1.2005750527290802 -0.06196872737684256 -0.8033463745114384 -2.1296117444364406 1.2052455104865785 0.4084636323833375 -0.4136945023848583 -0.9125846001554849 -1.0106424237945055 0.1052068790092231 2
-2.7970437289352788 -0.8051295525195938 0.3531069637556704 1.0081880050192122 -2.4445248981788934 -1.7336184372380574 3.9089406978991637 0.35302988383442424 -0.4828954100833083 0.01209617384326278 1
-1.0025648974275967 3.7695615181215887 0.005908237813679329 4.513950769469364 -3.5213687527610986 -0.6693823403192494 -1.890070871312825 1.760238923960709 5.102920542193903 -3.383745957800806 2
-1.6970108317828148 -0.6704926558150146 4.050891083511287 0.8813477037035677 0.32804662124444106 -3.673806923600215 -1.0094448757797652 1.7691521519716669 -0.2980485838345879 0.8057684887243723 2
-1.3704319819089155 0.5330058205537105 5.923371558276777 -0.04787497896507231 0.5412988986315206 -2.5381279688039386 -5.755610135407607 1.3131879656685794 1.9821532437391216 6.724270531033208 2
-1.765562152672259 -1.2491254376866499 0.39717013950738245 0.3352560899921191 -1.5234868344263632 0.4634778828838937 -0.08362800307163998 -1.3894170553529963 -0.6530037829692801 -1.1043758913451365 2
0.36410003574875094 -0.391231564349638 0.23857724658724022 0.5154854848512616 -0.9482635359518247 -1.1166096480773042 0.7122247251507055 2.3711292593407727 2.91517701186792 -0.7881293364800932 1
-0.6453005540949355 0.7120297055926128 0.1821182271671269 3.1188580897152502 -2.6619686648147365 0.7996056368082632 1.6159932735457812 -2.572829374773505 1.5217166815222403 -0.06813186162249552 2
-1.4507304385506907 -1.4249067632761652 -3.193173058323141 3.8314202989523394 -4.64739560998928 -3.745980390772911 2.044963995318794 -2.0212557835409504 -0.29379661946192703 3.661544039248021 1
1.3447851845066205 -0.17157059828050414 1.9869109071023687 1.7884180682429682 -0.4707627634425823 0.13228437834388096 -0.7671905232145728 -3.41697822343484 -0.23543708121494578 0.14161758060456675 2
1.4503853328036032 -3.3249773916829484 0.8459795817702422 -1.553921413462776 -0.8837308951866697 1.1643528374430783 0.35886493671529074 -0.9066785857832907 -0.13475699160173993 0.5210619461048611 2
0.6185637967459332 -2.6929105920379834 4.450485873355535 -1.586891728001032 3.6449351323012324 -1.5450549216950478 2.2354752245551897 2.4689339052411476 -1.2254656732119762 1.5923662008502264 2
-2.658583624658437 -2.8140590296247963 0.6493009213970747 -2.785528968474036 0.3475487037324043 0.07859144901342807 -0.8434640583944601 0.12869136438815187 -1.548446168997581 1.05595861428383 2
-0.8161817120113273 2.059118420656154 1.1622490264510565 1.3555847739049187 0.8245513156467519 -0.6510696506132757 1.0360889813115213 -0.8567552612180456 -0.5806225486871766 -0.10821148786890189 1
-1.3155916839778805 2.08994736435585 2.314670075515482 3.621774331448783 -2.564968694856299 -2.1864459093448567 -1.8820302240728997 2.2557385572302775 2.696212656784505 -1.3920249627418575 2
-3.173322659076446 -0.3287759886257826 0.2864757559041359 3.1240073384205753 -2.757316531953154 -2.8570729265869756 0.34357024764810107 -0.5898416786676342 0.5470637550078492 -0.7530944154858131 1
-2.425738772326657 0.44825729656283175 1.5159840970341962 -0.7959610599980782 -0.36494960632716356 -1.666486506571029 -0.1326588004170548 2.3619102013731963 -0.1162141472359739 -0.4875721526761626 1
-1.0867181335425005 0.19415987845783433 0.9574472049069114 2.167388075369915 -1.6729023483870438 -1.3410264818260689 1.0262226835966048 1.5399453313498461 -0.6349146015170162 -2.1209487935959546 2
-2.701352825730726 3.2721228477592303 2.3229311509780315 2.3757643547823855 -2.2451150178449737 1.0340595919945388 -1.930039221765604 2.5949374558363356 2.5079882280415444 -1.3546049229802528 2
0.4415696297507279 -0.8997266081674283 3.0374155898385493 1.0897460755904123 0.7023687135792225 -0.01812956252620168 -0.393916224537292 -1.3951946165326217 1.0937026947565953 0.9682603325081716 2
-2.0512958302962017 0.8347041590601039 1.5928271394564302 2.091176576232294 -0.9997506843875642 -2.066908735153648 -0.8833051907543641 -0.7361672224822033 0.23172925819271306 -0.8697584456638984 1
-0.34370236994526093 1.4480893757852316 -1.8024061320040516 1.1248990381916955 -0.7369374465508574 0.28981452694145515 -2.7714702577181702 1.3548483567810283 3.7659428646716653 0.30792259281609247 2
-3.760593748284154 2.6523821034691886 1.420832605450848 0.3684487047844236 -1.909241167386781 -0.9919507632390288 4.151713681856188 1.0223704792832353 -0.9633074331980731 -3.7600947695570666 1
-1.337201756938386 0.41976563606053663 1.667657474917187 1.2802682622346846 -3.189293202227177 0.7479299343321715 -0.27419885301450764 2.8506065415243356 -0.20803030112902055 -1.578258608720252 2
-3.3498514116850124 3.0893386724169014 0.21842259171890477 1.3001966979925554 1.5140203965162158 -0.951554155213656 0.7166093067418788 3.3768986976993483 0.2055327618584153 -5.190815210007954 2
-1.9177633858646765 -0.8074825820851688 -3.0524551305512846 2.4801635543251015 -1.290033514388498 -0.8469427112240204 3.6418387515733173 0.12645448362882572 2.5203448764449927 -1.6783921151314756 1
0.7357264874168483 -1.6568132949567915 1.8916892369113683 -0.3890365777712921 0.5175849855917236 1.8752914181251543 -2.233257206074085 3.1574312665860247 3.8029288219669883 -4.991359382247527 1
-0.2426855789778405 2.6877501812955362 1.3823023592533976 2.0990203712057727 -3.1199246131580716 0.11938061771522301 1.8939175744334382 -2.0430507367280466 -0.8395571278033442 1.1772986388841948 2
1.4131719931695943 -1.5338181026347057 2.8885293226846493 -0.05828719279435601 -0.9216978867127638 -0.04847516944952268 -0.43599993344883603 -1.346050679726322 -0.4193817857750115 -1.9487549349259141 2
0.8382572131565738 -0.18145410488989866 3.7789337678757837 0.6114488879358994 -1.2146849219277427 0.5863271785933923 -0.6867906560892001 -1.1664869572112173 -1.3400481158486324 -0.4001543402404937 2
-0.3985012229818138 0.016561928912533386 4.320573476385107 0.46195425688383795 0.7363814399331767 -1.0422564454114092 2.0149393143833936 1.1933270221363927 0.480082201876754 1.068408036747475 2
0.0781500590363351 -3.3717237515219707 1.6523603441532058 -0.5637085498766814 0.5491759039876856 0.5516596324786924 1.884918247091235 0.6230853799252898 1.6612824914408253 1.3665861357779772 2
-0.4546161350564374 1.36460023819305 -1.6570663178314304 0.8433928355772935 -1.3302163320102254 1.031947608268216 1.8150440747363579 -0.4788204962185445 -0.6628115788244511 -3.783167264353067 2
-0.2196304924976803 0.8704301408080024 -0.6974074994903785 2.0342936228113864 -1.1715389617597063 -0.8835003169172334 -1.4594247804401372 -0.25757980301064 0.722790331552996 1.4480994910319827 1
-0.43569334714978203 0.2683889440170768 1.6130399834875573 2.820818117057849 -1.0995067985073044 -0.4399227979313114 -1.5413216844058333 -4.1108495820141115 1.2487669950214537 -0.46292006003618824 2
-1.8160368545817152 0.06924957325390624 2.581233290268269 0.24715014289177506 -2.998543933952878 -1.9850190401098402 2.6855061351582368 2.0305414751659896 -2.046948697445717 1.440621591980563 1
0.4246157585781589 -2.531015581748704 2.2209883722818473 0.0920050745952844 0.6767112695227069 -0.8391129968868924 1.790259343859283 0.04925151327828514 -0.009088621967710209 -0.7218924408865075 2
-1.5067981859161619 2.8975317437482313 0.4046653248753306 3.0740763620316387 -2.8691209271256883 1.5909810560873576 0.529584076324586 1.983354811338426 1.8562827703762161 -3.5590278693541686 2
-0.5788829754939988 4.074331945348147 2.5030938028851084 3.1549464841261283 -0.23336264575965104 -0.34106822044444063 1.9215845960323648 -0.25212126488334907 -0.6931374018676857 -1.073814808807487 1
0.06333292762173648 1.1761900502011176 0.4502948676461359 2.1518675234101705 -0.27216401713636607 -1.5762726418823467 -0.8589273551870269 -1.1905251003587622 -0.2404196208303222 0.6286612533765008 1
-2.903353632498151 -2.4865723016261945 0.9392289849376125 -1.8371837249019816 -3.0862985127060165 -1.5641410593002787 3.0641479897110067 4.235289194592649 4.345500101296167 -3.0194160897991735 1
-1.2722336219798862 -2.013938035703763 2.7871546691204783 1.1122190240059744 -2.0348419837968015 -2.3656491317536874 3.0181928048546633 0.36828489515160723 -1.387600830603597 2.076896072532347 1
-1.2757745503175633 0.9746836701790296 1.8469953399802437 0.16189558500143852 -3.0363724746078593 -1.1802752730796233 2.3135169420446307 1.2371432355542185 1.707898108588409 -1.311499281463222 1
1.2425314871884194 1.6039706994287872 1.5672473712797113 0.582657374232096 -0.08549654533520257 -0.6268549606870242 1.2513009940473607 0.823706763673843 1.372952809093285 -0.5354638848862048 1
-1.1121736182972215 -0.5275609368643494 0.07354600654324472 2.7204645450677214 -2.509523903602246 1.9131961367624637 -1.5305809657865446 -3.8872956849163294 1.199076833722172 0.6274874597823633 2
-0.14499828579431917 2.1800053529001184 2.104827004282194 2.1251109893660654 -0.5036993470907603 -0.12708166328795178 0.05775437833454622 1.0385113022520804 0.011524991568257037 -1.5855479947196585 2
-1.9542813935799375 1.740682074421767 -0.22918900512754203 0.5916882235646737 -1.843791829352206 0.5609249306105151 0.3567395005220857 1.5444292835035354 0.8506336700822397 -2.97786529823113 2
-4.260802303644752 -0.0037422695907659564 -0.21515983895881807 1.6219226894246064 -2.1764707103384175 3.0863094003770946 1.4997830545304371 0.0029209527783948808 1.3874559968998328 1.5684676713223398 2
2.1379859413207134 -1.1216238471609117 0.1792802643117407 0.052815533123758085 -1.833467516810487 -2.0125136994658632 2.297640232958293 2.637854107977867 1.7144882258670329 -2.9917951460114556 1
-0.4955751360024787 -1.962347802431114 0.07336458873583007 0.4987919404266239 -3.384421672866026 -1.143059028207838 -1.2366807661043246 -0.6852431882115184 -0.39147583406171815 0.9939169755969608 2
-0.5528276545305513 -1.5195413713973043 1.6760200836011558 0.6475857236621156 -2.246376746905029 -2.3168443965631793 -0.1947477639186288 1.1652782830014496 0.5935643980771692 -0.08917450047247866 1
-1.5466969789984575 3.740779182110623 1.4577365693352826 1.2001993370513464 1.687319143189542 -0.6559351079111722 0.2532541458481722 -2.9958503764892854 -2.4810991517174235 0.5327876854246898 1
-3.2643883996879515 3.7649029646688206 1.2682157668208198 2.31263797120761 -0.8301432392425665 -0.21393318033297515 -0.2506252577503383 3.7193405565015953 2.255259450600137 -3.233262748582481 2
-0.007752175735668332 1.075812414132618 0.5252469619601001 -0.7227888019119313 -0.6474367550974653 1.0415858868561783 -0.8187545633125608 0.055924076582505866 -0.46737195840130896 1.0057301493390924 2
-1.2237260826330056 -1.1418210548973529 -0.3254291129992999 1.5334752324421492 -2.3573794938811057 0.18629575679557253 1.3942170831348566 0.90151920689129 1.1039949666589646 -1.1497157353804606 1
-1.2258340065686777 3.0417174617672145 0.7102278919395627 1.1282669870280664 0.9340504363348741 1.1979168416109993 0.4676693942959702 0.7680024366643174 0.3740417245049642 0.9399595597415473 1
-0.10946256683371913 -1.3641692457811072 4.262301795015119 -0.9192452795237613 -1.8743936558225998 2.0974358421709405 3.1641948509726694 3.9742280183687155 0.4623814718228886 -1.9965631651828013 1
-0.7825640847158906 -0.06231690709789495 0.8826373352028274 0.8817667487820082 -1.4492074330323694 1.0580283857018777 1.5681254254350314 -1.2997921709511342 1.1252634197197715 3.6447953071278114 2
1.1522157396623278 4.148467528961387 -1.7472048193043088 3.532278388501436 -1.5212237659179437 -2.4484939101998866 -1.0796593220725164 0.6603047526346046 3.8990738232522086 -3.966315877523046 2
-1.878778209842852 3.646557472315882 3.3984202139011357 1.7834305619738018 0.7443305302083609 -1.254671922115805 -0.05408668173759934 -1.6500858663389595 -0.9279428627767929 -0.8367597422069151 1
-0.1740381059093341 0.6255017922700976 2.5011135784404948 2.0733736895740913 0.02171804334097427 -1.494447226852385 3.1278131008440853 -0.39898712543111103 2.071916892872311 3.0746773991463323 2
-1.2331112805824076 -0.8805591911072275 0.13405023239701264 1.5378561141503204 -1.5114556246683164 -1.0664500672912745 1.4286072266891083 -0.5469594638826949 0.14757817021466224 0.5934751602696438 1
-1.9657352981856429 -0.45281643776846336 3.0516452582799696 0.8220688412236962 -1.2982189332905818 0.6763796900413688 -0.10301195466821 0.20023354779257618 0.07491831201457622 1.0179112974308935 2
-0.95095121047335 0.21798034844604786 -1.9544583939423377 0.9194216501988476 -2.9344415610724877 1.6066392586171907 -1.3690377100370021 2.6022149099497 2.2097966178652255 -2.4660899967930696 1
-0.5751447647204253 2.626624454369121 2.5321008518501897 2.64966020441409 0.08060938499738546 -2.9351354089432955 4.052692855794122 -1.1439352883351803 1.4796285599435581 5.421261752488086 2
-0.1369869554617803 -0.7283850068679381 3.2222991331472346 0.8762907503437252 -0.4546523199874798 -0.6716936289961961 2.973586969982701 2.5734366480100777 0.35218089751572446 -0.5470691619361909 1
-2.6196189797644074 2.3247135551252653 2.9725502967796515 2.5095158008040803 -0.6081930132371258 -2.2026755409929923 0.46372185347584716 0.4531866702355096 0.01779796727388694 -2.9043459946117904 1
-1.8094033697211604 1.879643114089252 -0.60033114434237 0.612532941578732 -1.2341898428874185 -1.0510317442537827 -1.0196769228357958 1.995191611747948 0.22194527803097708 -1.5998616351343125 1
-1.1792525595376646 0.013265509702657496 -0.31816603798799004 1.3718115508292696 -0.7556369462154641 -1.1798853651564425 0.49896373973438013 1.2861215751672752 2.185215090422319 -0.025132191948775362 1
-3.66077822341574 -0.9192543507003422 0.4023537619186134 1.6432441335404406 -0.26500723326487563 -0.31932020130723815 4.42149294565151 1.9425621580845873 2.799476631455077 -4.180951217119268 1
-3.512311441146005 0.8853154717207743 0.8239603719341231 2.095382773350466 -2.5071236168325566 1.4056540404820885 1.9114164764839967 -0.15790258869290597 -0.8034500486585527 -2.1222378628903193 1
1.8851092870582118 -2.9293856131468337 -2.076719981244709 3.2223660618619516 -2.5042437974005956 -2.7419710876897803 0.9773416508388755 -0.5276726203122784 2.445089727951954 1.4929228503073273 1
0.6316018676466479 -1.2042432741733609 1.7057854760307465 1.261718292500754 0.2857658182151306 -0.22353823039086063 2.832715433745488 -0.35199097473426644 0.4550750539982127 2.0460345420813297 2
-2.8155701845247565 2.245245734718293 -0.6079678873836363 5.197568543884111 -0.09070795388136155 -0.43734271314689277 1.7507376594935782 -4.446494644648114 7.143693092092409 4.469539117429353 2
-0.569906543070076 -0.861344518520639 2.3728162209113277 -0.43423650178797657 -1.0754521093604867 -2.857157355333526 -0.4248959263363157 2.280492415665625 0.7153606837139899 -0.777438529107705 1
-1.5411809281520243 0.8989297146875678 1.4591889921094754 1.7211114759418318 -0.2742707820491327 -0.31755725412195446 -0.71997222784638 0.09126681329788733 2.3062927353004823 1.3659267731461298 1
-1.268969055384394 -1.8923589857480523 2.40934469509385 2.8792137983952455 -1.9117221319571645 -1.5073628823824345 -1.593618652464761 -1.9580370910333138 1.1991332649879658 0.5330395693122814 2
-1.8458230940129048 -1.012544146101204 0.7188182218638962 0.27734193312664623 -0.007734285285687981 1.206419519004579 3.020999102466628 1.4228147848991681 -1.9254657465338179 4.796173950531703 2
-0.38220304056628884 -1.1402257609859263 0.7799797904331244 1.9957155154014754 -1.8369222090314592 -0.22570461247647666 2.294433190626447 0.7559231458194113 0.5300177103198693 -0.17553828181145925 1
4.827487077962343 4.847112558464424 1.9865367016124416 -0.1522436165227532 1.3615939145072247 1.1228360358887564 5.047926863066297 2.9749297810430315 -1.9545663079295275 -4.3011675225546275 1
-1.2873144808798096 0.35749964984380855 3.1034606363953197 0.3976892101330842 -2.387010793753825 -1.1163230327178266 1.0841793132637532 -0.20332465546774503 2.5221145455748677 0.40303076365627555 1
-0.5061478368171632 -0.39366317420361596 2.9018173492792476 1.2611578671478443 0.1718788638567088 -0.49407360431293434 1.2222461288939395 -0.484825347603409 0.5686869620483876 0.6732064659273477 2
-0.11772156651062926 4.0268776218872 -0.9849217197188047 1.8848334817259502 1.9712399706325412 -0.11873386951423259 0.6791511551886438 2.216838127924238 -1.1606310991299953 -2.3383309957368485 2
-0.053208909688212236 -0.6418884348246685 3.1140825352100308 1.8902682698194464 -0.043782947410307416 0.9430257900125227 0.5073246645318277 1.0713501653864563 1.4010836723780418 -3.0745801222854547 1
2.0711603282789968 0.9937146579831391 0.41179723480238106 0.03301203166428468 -0.2619676409706909 -0.3733829011158907 0.6905379575808197 2.6003890112400434 2.821480267853225 0.33058591478004273 1
-1.8593189547510904 -1.410615328439062 2.7876161889658153 -1.214388111481283 1.2267166024802827 -0.014416956624873078 1.8410521757536293 1.5781792645647554 0.5120638374398288 2.783711327185016 2
-1.8539545458797 1.2498719948278068 -0.15021864034993215 0.8536282738332164 -1.1830837274755819 -0.3810099018193974 1.1881990319467968 2.054550232410911 -0.0013771752093871825 -2.3004161290883927 1
-2.7552566044839697 0.6746209967695329 2.0085852136922444 2.68607390759994 -0.135521586373611 0.7564385329596898 1.8471621859329073 0.3896145643730293 1.6102288156554883 2.0580815900560467 2
0.401982206339796 -1.0864835652006861 3.1072727090932313 0.4872885199539019 0.36040975190706703 -0.8039009297387969 3.37436073800119 1.6130814062334213 -0.6506746639823184 3.219150387055516 2
-1.2895667710048149 -0.43841199186388047 3.2685299225359477 -0.11419589824419285 -2.261629861081827 1.0214604735214352 -2.3886933189700352 -0.5972192731143664 0.7191928265388838 2.605057730029682 2
-4.850103001189743 -0.8671316523729644 1.6170578939676137 1.2801884364236662 -1.99910512499789 -1.0543598232991653 -1.0674852725632311 2.1824629315010915 2.209252664074758 -2.1111405173323705 1
-2.6254347425418887 -0.16892934531251091 -0.26088502328633867 2.363721008116608 -1.3051238387925812 2.0602954713529926 -0.9347563410496611 -3.463422849949922 3.7650550282845163 0.8236069638516066 2
0.42846887568974945 -2.024952433123147 3.55056135456796 -0.35266943508064563 1.660502262242351 -0.10062497186166475 2.0638302551372125 1.6400356099935522 -0.2708021683919317 1.03750302992902 2
2.4913097662075367 -0.03920845727486921 5.023151751294484 2.981831280430192 -2.4649673167383757 -4.585554278953181 -1.1244179117308715 -0.392573027457517 -0.21457479073042318 0.0025436452462672676 2
-1.217786574788729 -0.9570957351194365 -1.9050634075924617 0.820718470510899 -2.330578278414924 -1.5700678616911186 -0.2234261777370521 0.8215269469126729 1.7898923959139683 -1.0577247000067733 1
-1.9131136522809282 -1.1635897335019099 -0.3077393166501645 -0.34256531207656726 -0.13296812055415264 -2.935414175904246 -0.9996647046671344 0.9036155863650213 -0.12266304938865602 -2.050813473163156 2
-1.5866482749645558 -1.8741765716201972 2.652772760394422 -2.475770133645171 -2.0833136907854772 -1.619271342730258 2.31807254940508 1.8638788718847363 3.944800379864171 -1.4008981353289394 1
-1.5262707230314034 -1.033813893134849 0.8288652311739734 -0.09384885615375604 0.18042673928261244 0.08937666834767488 1.6716993657737387 3.063913507063851 3.111994234015574 -4.244625011097566 1
-1.6543204777313822 -1.2606763939368941 0.8721524955200475 -0.7372963662447587 -2.3806691518989664 2.0527116019176592 0.9833118431214831 0.5887571102400433 -1.189755570602006 -0.6966062646879743 2
-1.23863849594997 -3.279088595569502 -0.8730255938162577 -2.0528546316580525 -1.6052521214005981 0.24893146859270887 -3.1123236372298964 0.5629365516045965 1.4119706486228976 3.5330558362611724 2
1.7147642944042576 2.0458309798519885 3.815659994677095 2.4359240844091437 -1.9844302384757841 -3.166685159364271 -2.8397592989482052 0.6717132845409877 2.066033857912106 1.873401612404889 2
-0.7105889102233204 -1.9743243194133524 -3.1105075609941606 6.082723086010874 -1.832820926444593 0.75632376313325 3.857882347473347 -1.7527430017207029 4.200615831947695 -3.7697696056197385 1
1.5262214357833424 0.6883527550240407 1.3134062233743826 1.4750222448147092 -2.5724523818264924 0.27557307636479167 1.5280828603886203 -2.432524560079565 1.211979862674112 2.51872995048675 2
-2.3467254057402527 0.46411891491373036 -0.3787199040934226 2.5701145756733346 -1.2011124495365344 -3.6257404195612257 -1.901866364337188 -1.2104925373012012 0.016675096695882186 0.24301866346965095 1
-0.6050384028142489 -0.7768697151604788 0.571156069450838 -0.7443165340848319 -0.10203545968342898 -2.018685940790477 0.5158879253652204 4.016548344489079 2.8039547106429312 -2.4621773469816635 1
0.5647968588246299 4.785306588111508 4.270188712944735 1.890017575232482 -1.9045632811057618 -0.9284842047587634 -1.7486968462316663 2.1444002567336806 1.3947368853375366 -0.4767009501624079 2
-2.582710305550572 2.0546626901025657 3.745185803110819 0.2611821762015548 -0.4915465694372405 -1.5595510466806402 2.163196888991969 0.5802352412748872 -0.032654319349859406 -3.309751996679888 1
0.8717978575495897 0.8235386967872022 -0.5923341759972505 3.8239417933979003 -4.467653259776492 -1.4919267267762903 -1.869816293350552 -1.1128255606297945 2.8282116561340995 -2.3345053954097112 2
-0.4177567659450314 2.578558200376791 -0.7718541468613145 -0.46417287062317136 1.7448811501599897 -3.469888969251136 1.221936324167154 -1.0945536144504082 -0.21464497346476863 -5.059740312731079 2
1.0247126403510793 -2.036047494039664 3.4708526162571167 -0.23827996428134757 0.6108338756763709 -0.88785242823577 2.7827593954014938 3.9876316204885414 2.6392786220280353 -2.4636416578994567 1
-1.0355399877417568 -0.7559723441531987 0.776274486751928 1.6073931702148347 -1.049239713229102 1.010905762696471 -0.9749359193992184 -3.1662965754555743 0.716291314899538 -0.8039699181612607 2
-0.48859593764270115 -3.5149728869097547 -1.4590926794824455 2.2923652389092704 -2.682762410302 -3.057605959389682 -2.7534949122840087 -0.7202113795849481 3.2413278435521957 2.9315570324640303 1
-1.1134825177922192 -1.7391728888356819 0.9496719514632506 -0.15301828097316994 -1.7417352836175777 1.387681109666229 1.5870650734493466 0.6978444703044862 -1.9439973846952037 0.563372721431606 2
-1.895051039245237 1.8167776919427407 1.6492837727301461 0.027913216569870336 -2.4390559173416095 0.5127074951981603 -2.174816664554105 4.421054256440437 2.614566101694886 -0.5123018504287044 2
-3.3618568540700746 0.9302728409493211 2.3262379089764047 -0.6263634818418178 0.4149717165404567 -2.736843127518427 -0.3954509335963956 1.6847111668167547 0.530930847236949 -2.7580012144323054 1
1.3055955295038464 -4.401411003125386 -1.3217372139851697 3.0091180994655553 -3.6342396986800796 -2.1556185621866915 3.2075279655252387 -1.0091979431493936 1.2573781605351622 3.9615059972197546 1
-1.1333835492853308 -2.0372045001831234 -0.049365793054886975 -1.0107344211048863 -2.6529859247620724 3.0968479604502925 0.04841756156837895 -0.5397383288510711 -2.035967420264888 0.0568668576428355 2
-2.2062489370861087 0.9440224267064916 1.80879717231155 2.292155302253875 -0.9482159570342629 0.8120491915907038 0.38733901934387405 -1.3779289455231503 1.36539498415318 0.8419422199172417 2
-0.3030056789901534 0.4885172897497587 -0.443458214608194 -0.7845468403336235 0.42498721316661503 -1.810449511228465 -0.6763238000446723 1.11818778306178 -0.4232086825769763 -0.7506253594822504 2
1.3508923807210977 -1.095696222848959 1.8289782284786515 -0.19178317487305896 0.1821153173949177 -1.348163595696089 1.7019049404008628 -1.2848356364474118 -0.07925912645059796 3.659751087740157 2
-0.21969332195481883 1.9640294959848634 1.8558723365687837 3.586446711913002 -4.0557360926495125 1.6046278132035892 -0.5757989982198906 1.3527107022064948 0.763412699644474 -2.629565423289963 2
-0.09931247754365369 2.7864537022815843 -1.5600289472537496 -0.4074106820428789 -3.2427984945628623 1.8602766330579867 -0.7304589413593653 2.3448193082383746 2.1475394783952835 -1.0555925443484928 2
-1.5836042197034086 1.33137258675005 2.045349927331199 2.6467051533933192 -2.4220100029303038 -2.4349013120668266 2.2953444637811495 -3.9929129417690232 -0.4467777874421428 1.9335225890364853 1
-0.9072083587461379 -0.5496164345970606 3.559983822836296 1.4503056603213824 -0.510932855580627 0.7523210881525333 2.0577682369487293 1.3503366969012351 0.43856123474744024 -1.8865648990104513 1
-3.4031034912774203 -0.2840606785357118 2.490152182199372 -0.022135437112222878 0.9878828203510126 -0.7782949911834415 -3.0551617270937723 0.8524391193582367 1.2395876248591957 2.9680771627045566 2
-1.273084188837021 0.10835291819334736 -0.558496929376997 0.7771714996511938 -3.6537229591017515 1.6554077021042934 1.0013179644966799 -1.955711327938836 0.7476163436884955 0.6433186627935279 2
-2.7366778667871756 -0.4220648293164557 0.12180391940774227 -1.1539636786225533 -2.0025141714798194 0.7464673222287002 1.550502840293838 5.082304244075685 2.9003068568607606 -3.2497825808535548 1
-1.868136061745356 -0.7783181999821405 1.925271470135744 2.9942209707487732 -2.612499354390973 0.6741259048343662 -1.813366990592181 0.41017920563051957 2.288028282709443 -1.2290558169890646 2
0.11784613133457 0.21207621897090845 4.375650958822057 -3.233907645939601 1.007158498874952 -1.5890936686865036 -1.7906806833063396 5.463571686429094 0.5793981542209287 -1.305859642034499 1
-3.608295746005321 -0.8529378664426432 1.9736991714767793 1.1155388054926452 -3.1584803185173227 -3.3009051682249244 1.987960171619012 -0.6844630409407473 3.0189103110161684 0.34778969791293246 1
-2.5480663268099777 -0.6406299932528923 3.0152123071224994 -0.34950235621039827 0.8770919267183097 -1.6748744292036912 1.3112008958144954 1.702992163077241 -0.009747180717408321 -0.6924146055731425 1
-1.1291923084632058 -1.2701959626212656 2.1540018063998514 -0.49949813298792956 -0.8980071162091854 -0.3897904925857506 -0.9721069488436316 1.5417040676973603 3.838932906277257 0.4125738995858368 1
0.7129979065469496 1.6985635562771546 2.9334243694715276 1.8644061257477609 0.31723425889809365 -1.3461511537550968 1.354006760255551 -1.0978356922396295 1.8248468063365157 1.1870514582749707 1
-3.8454171708024765 1.1385199749030215 0.79424383496801 -0.19605204562760337 -0.9726623750138168 -1.3628275050403447 1.84179697665028 -1.0195148283301751 -0.19498496918392005 -0.3908281196867541 1
1.4120866186867551 -0.6077522140282272 -0.6162335925518538 -0.5971821017438366 -2.2720126880369453 0.5959978297888329 2.6244655580196525 5.742718256255102 4.379698906956997 -1.2420576297949975 1
-4.070256005781551 0.9971277268026423 0.8260781611593833 0.9196600507480323 0.7813392302855084 1.9617630400805508 -1.4691246786708558 1.2025030386848774 1.8426666275762322 -0.9085722951007965 2
-3.156089579313793 1.1383208147455148 1.208487465700545 -0.6467269082582574 -1.903222703558371 -0.8332083867231472 2.261996132601697 2.3230424024375695 -0.09229020396517451 -4.190580114253644 1
1.3831940545579955 1.1383618704818241 3.944087244061147 0.7799899791854789 -0.7841489429957043 -2.078118563565607 5.693379313328427 2.6364776878299425 -1.6053569842477056 1.8431053551132224 2
-2.2234157942522437 -0.37191957133564746 1.319344256708978 -0.5488465567244356 -1.2258323661244264 0.6247077501843694 3.592579644568965 1.732166212453468 0.20982833799436762 2.2682405292735273 2
-0.8404258606654995 -0.8224994791263349 2.2089246577830135 1.6982702856948602 0.9571138775414763 -3.0855717483947447 0.30226790737110254 -0.38835155091654383 1.3401881098944584 -1.3392842505178693 1
-1.4942769589710816 -0.28208409556503744 -2.109564218281347 0.684023005258648 -2.4024861516205025 -0.29309091981887003 -2.624346712198219 0.9060321760026314 2.5500624602530966 0.10445885632697416 2
-0.7425600698684891 -0.737223077298756 1.473654506417979 -0.17483107804876652 -1.4600007359395413 -1.8885958927250561 0.19349760186696507 0.11015778791868103 2.9883062974394363 0.831273976108553 1
-1.1510682565906498 4.6300321478012965 1.0633499903651766 2.5005865749600424 -0.6224727671565876 -1.8912667003660062 -2.2587555205870187 2.8702533303561233 3.909296158397551 -2.687132132232437 2
-1.5392635190219783 -2.072071841316947 -0.6775996828014663 1.2322104856444644 -2.404601442908732 1.6458798374745187 1.3107380368171944 -1.1176114156937698 3.1033043239607343 -1.4002931104333936 2
0.388068109312957 -2.799470780794397 3.1351836621192546 -0.18095924361907212 1.8544322787082685 -0.8721206717502279 1.6456094252198556 1.0314799505212506 -0.06811017423996035 -0.5185283290967981 2
-1.5226309575644792 -0.369922608614493 1.4291064716916486 1.8853953300931745 -3.828889624046142 0.32051664638173194 2.333987069426265 -0.15259617565518435 -1.9004214694421169 1.3045918396055196 1
-0.4383384272209795 2.6186575993840226 1.6449492492565696 1.5333738812331579 -0.19333026968768696 -0.9315238087512948 1.4150682016158764 0.310764652219515 -0.5078485062341036 -1.5737201991920151 1
2.3844591289351547 2.3836267510600915 2.368480942045222 1.6656784843734935 -3.6025937701363686 1.0165693868404801 -1.9891344815149892 0.4503418631122337 1.3796985139145264 3.6229042431039034 2
-2.0034333384649683 -1.0436958486258625 3.3173649783543855 -0.8331229405726386 0.446285690649884 -0.09139683725538106 -1.6595652681076558 1.795479812788756 2.056627029878911 -5.078688467148606 1
0.2721294472933018 4.227630042526833 0.4600128088568306 6.587011409831599 -5.535272120627633 -1.7831461126822237 -3.1717729921273397 1.0433527132571108 5.885127116863633 -2.221453987208398 2
-2.09467726822544 1.947912360544159 1.4764912071433827 1.8296035279881384 -1.1180159291958427 -1.9858690272702186 -3.3301867877963125 0.7958517218466946 4.332687747961597 -0.6204879054636363 2
-3.135737925742035 -2.1358620228140826 2.631717441999069 0.587862222085194 -3.704012719302095 -3.0831278978510848 0.15172765838035285 -0.07462340141996049 3.4009119634931313 -0.43112024241304747 1
-4.038958092620673 5.468748741036853 0.7702084099769845 5.951791571329964 -3.871991121899307 1.8571854391348461 1.9472232392142452 -2.0693827743871624 1.5551376940635093 5.137680127537672 2
-1.6445867528888884 0.4366711980281601 -2.0388203174375983 4.2057939411793 -2.960695786723207 1.3907593198859314 -1.1188300097942925 -6.030153551128917 4.584462901662654 1.4110099581884095 2
-4.54582814136716 3.352116051442645 2.2739303340687353 2.406113606520954 -1.5551758359438874 -0.6429558163409385 2.607120154337418 1.1858457136926086 -0.9993686525939858 -3.3087599725676564 1
-1.0508315272869728 -0.6297444071120861 1.3540789109408498 1.862913556177702 -2.4623156099762067 -1.1716910209711155 -0.14305179790055544 0.7906502683790103 2.922728542925541 1.0041175450997102 1
-0.36582475402198233 -0.1921241325369849 2.6095447080146315 2.0517361727818817 -2.104634856836922 -3.257886849111116 1.6305409927764511 -0.14121125288563374 -2.1051836036370157 2.837641903913534 1
-2.840421101480687 0.16553665627774594 2.598347215675261 1.7522927039930445 -1.5657329421879727 -1.2027177709090113 -3.494242675802622 2.9837998851972083 2.223636130124459 1.866680355533879 2
-3.2488714494057795 1.2913396752307122 1.8216381544097502 0.6593995397138022 -1.8660161151260435 -1.5274554640441833 2.085970809995315 1.4720099347888485 0.23197411824947944 -3.239090837795564 1
-1.295890757556811 0.09939859382684246 2.1844437900940905 -0.7991884632091353 0.8634396121858876 -1.2416922713398404 0.5300515476955101 1.4970270163183867 -1.3850169634239324 -0.93274683523074 2
-2.2944282327149574 1.6732492126808367 4.258683887099158 -0.34240396878186274 -1.1710284383798288 -0.796876077182173 3.589749592764028 2.966973266178027 0.8994172254930465 -5.339446788284744 1
-2.3325480881025284 -2.281639679852918 1.3970107856813025 2.0852318460425634 -1.6458960158473173 3.035343727148919 1.4696175250826136 0.818149998511131 3.56177902802065 -6.822032454283692 1
-0.018516200351885947 -1.8377183071073615 -1.5370447887081524 2.8106789753895933 -1.9562424671131984 1.6320830202717596 2.037480179605566 0.3986482549316134 3.1519366961175512 -3.0957958745340624 1
-3.8455698281987414 1.8131153810162033 1.797266679012371 1.1625647648650959 -3.2185067478589775 -2.1739519353740206 2.8873337312444343 -1.7509668957170943 -0.7943452895740963 -0.6715373899251538 1
-0.3056186422383498 1.0640976596765885 2.7993334147359157 3.3399681200966764 -2.8903499522231773 -0.38560577805746 -1.906348627209029 -1.0138817539876444 1.8734404048743598 -0.9117732777937305 2
0.8155507978644174 -3.97067682508035 -2.4999445072476423 3.0538812984452637 -1.1248671401280588 -1.6867934890564 -1.4369624254670246 -2.3393149327332354 4.211333704314755 -1.5170952817884964 1
-1.0158089400524433 -0.4123231326730227 2.3070024385229466 -0.5632932312191721 0.6050745131831239 -1.5736681916321005 3.712763316138073 4.119497578431972 1.4200985202551295 -1.0753179930317345 1
0.9535047214567258 0.713604087148352 2.8099667294672885 2.2338324228610262 -0.6836799897949526 -1.8200341347395566 5.988012033707257 1.9168916481238902 1.4223444825546876 3.336510385805851 2
0.6355133752689854 -2.8659044207501383 1.4068777549390588 -1.101768471338231 -2.5328516345781646 2.420471833385559 1.1516670390001238 0.9188141559301397 -1.7467403556536607 -2.137815757979743 2
-0.8587665898595778 -2.9578339771229696 -0.05199065397329883 -0.5987907874744689 -1.432521492142289 2.3876357856455295 0.43201076245580317 -0.34108313587429206 -0.42632682661896415 0.053060567630500155 2
-1.4675228056084846 -2.587425775167982 -0.014272868868088207 1.8113440280018964 -1.6492936517702743 -0.7849638550086836 2.2584076246201117 -1.1029500196594397 1.6545454001084487 -1.4267844759081294 1
-1.302101135129225 -0.760065411303557 0.4665991671119817 0.5558142107537334 -2.163313411894387 0.49554644119688773 0.9132196962110013 0.8915806222851287 -0.0162271700627854 0.2550365613299488 1
1.4965165020298548 0.784542007214695 0.28829712074997815 -0.4173779819940946 -0.22311443471086667 1.3478184563372273 0.4891577984741401 6.776006319860045 4.021942032207123 -2.61213496218947 1
-3.3656389391796755 0.9053667943322861 2.1374052168419677 1.5182276173018474 -0.2073467607530769 -0.7137587775052063 0.3633377915996242 -0.7905929292931876 -0.0985941807384747 -1.3530164370877404 2
-1.8819348113988963 0.9633627253543863 -0.3458310547068433 -1.7080148200645389 -0.48392109024795504 -1.112798358721383 4.297642026135854 4.8864133236782195 1.2759790598068106 -5.431359427826922 1
-2.284435103916416 -0.7680566884876103 -1.9397480254678907 1.4570293057402899 -2.4435253854059718 -2.2099351350171785 0.5910867704174728 -0.6634747246582364 0.5588710864320675 1.1110936879180282 1
-4.300284291070259 -2.165452611238834 0.08645878380917527 -1.2610468556790688 -0.3808399986930573 4.174253339557689 -0.5447286780217715 0.1306579728294801 0.18872724000691898 2.1547581092807375 2
1.4871202919481035 -0.07058652964130652 4.073643707912178 1.4692691034032024 0.7206145254560083 -1.871541603374451 -0.7069903957646377 -2.2746088458102767 -0.7757158714617951 -0.46126479275572274 2
-0.7773990845028952 -1.3423899102106192 2.469178536960669 -1.4653247467696668 0.609493876366054 0.22173830661037708 0.35590678474777104 2.951194262328526 1.6253012906435345 -1.8778150420624464 1
0.2766229994830365 0.30112751114415204 -0.01623643360632432 3.127051329556766 -1.4191867665661597 -0.37427286689126094 1.4823226981614246 -3.288438017215147 2.7360621075751625 3.3120611435738945 2
0.19018908553517422 3.5915168884659883 4.102988994249042 0.5245111414190484 1.0215246587918951 -0.1427566461458767 2.658806995520659 1.0251447226526338 -1.0232227716300972 -3.3881495471596743 1
-2.2259431098208156 -3.155702065621837 -0.37441655961400055 0.8339348465608422 -0.2260598365127232 3.7161375918297934 -0.9076256530285007 -1.2427314862519319 0.56031686009443 0.2724708324545756 2
-1.2785823311769096 -1.0033373293276122 1.1159754660744112 -1.757924670510235 -1.3914782034985342 2.0376707385523067 0.49505457354369065 0.26350527611744035 -4.828207681346213 1.6237226491105137 2
-1.4249946652643468 -0.4945011305041961 1.9191811311660945 1.063170991433427 -1.3850172363961715 1.3898825244408939 4.577325411517178 2.58974090027103 0.7969036868126218 -2.316138129720687 2
-3.6333676823287826 1.9062034499388387 -1.5896937508855404 1.3598240112892412 -0.6604988265577 -0.15600538744333048 0.6625437545374544 2.0442955586926543 -1.337561770641671 -2.33376576767309 1
-1.6716380913251256 -1.3271325073968099 -0.8759843348234588 3.0137759084250044 -2.672501662618329 3.1055263698769098 0.6507694176497132 -1.9197681022526112 3.3539796394231964 -1.7319502407291578 2
-0.9671963712947116 -1.542829975310569 2.565640553035204 -1.8770265392359011 -1.7474569121615047 -1.3842523406933902 1.7967685925331076 2.1610160880382505 4.094865892241721 -1.0013800299773192 1
2.3814873641070826 0.30931601378224305 3.389760518955509 0.6682559437082063 -0.531289315584091 -3.05053509393473 4.474805694859046 0.37771821512591 -0.11809265978801897 1.2624999239186336 2
-2.929126393151037 -0.5742713979387425 0.39930184413474956 2.0710861103402944 -0.8463057534062834 0.3649262194613587 2.4587727059356093 0.5971675636914318 2.108287730578037 -4.089477774602061 1
-3.0274428822978505 0.051866256663575694 6.254215005596755 -0.2880871314099127 0.8192515005484655 -1.5160996092353762 2.5379814999173984 2.119782985246552 -1.111851559655503 -1.6256673787340215 1
3.2196592494264475 3.5120114449477984 -1.0030575988796593 1.9215099959557964 -4.732645692304347 -1.4848465259984756 -1.259729752201966 1.207959616528766 3.2863160540697445 -1.1446893469499526 2
-3.394914739727194 -1.5297726542916799 1.8391610746035427 -2.266504364760557 -2.898045585043451 -0.17607254442851084 2.7701673823538853 4.047984899774113 4.961002656461324 -1.9719243582474344 1
-2.511683392816485 2.256384374506439 4.7020424088181265 -0.03362268190397555 -0.853255273052844 -1.0554170526039812 3.087517039366109 2.0833168083437803 0.3608154012151965 -5.054035207149615 1
-1.260109044740537 -1.0746413428085366 0.6528796149063176 -2.334988612580637 1.8770540576645574 -2.1209057285119686 -1.076516228484767 3.9991931188561978 3.8740233147168497 -3.396768548837896 1
-1.6171331420034356 -1.1919391417879432 2.3286847289232964 1.3367134901723878 -0.5893271650273735 -1.7510100710182857 2.748461427847552 0.3675086568310739 -2.0181250308508596 -4.216694062753263 2
-0.35720276959875097 -2.64197608079013 1.842574176822672 0.002295252436830153 0.5130036311800423 0.08303860127023877 -1.398577581123733 -2.1847176505153545 1.7297329981902994 -0.9267564526964192 2
-0.23997883606450487 1.6185133555850353 -1.3101409921078737 -1.02375466045302 -1.4713284225557337 -0.37349642973362474 5.615019026373034 3.968472855429957 -0.028509975190318837 -4.062568459632535 1
-5.036205635542666 -0.054961729364044754 3.2882798062841765 1.3632945502295246 -3.9717799332581625 -3.3221715902489866 1.1757990324525383 -2.0845142129060257 1.2601911236448904 -0.5375032336091643 1
1.1839856951505832 0.8992882802239534 1.4532119015041354 1.2746854281566553 -1.7834889527489803 0.09795901207671864 0.3313121527374985 -0.11056502837894633 0.12456269506545692 -1.298905197006742 2
-3.1767182110228895 3.5367473020312756 1.289904325133453 6.1930403904441835 0.5438709923307905 -1.742280950962062 2.2920420127063617 -3.3599184808091165 5.458348305673663 5.8515431435198435 2
0.2330588336875825 -0.32473906806873765 -2.4060997978463003 -2.701075558941938 -2.190884055566367 0.21279980004080445 0.02401444360364202 0.3132284238126892 -1.052968459861885 -1.5167145638644726 2
-3.6219833619654556 2.0233187401982393 3.9137955677961056 2.3764764824211047 2.4247155098699342 0.15931275257350652 -1.5614700935661348 2.092151162543992 2.225172468536801 -0.6315728219711767 2
0.5640532931089222 2.2414986441514024 -2.172315548792383 2.134060550045314 0.2504984667392087 -0.36791201996926615 0.3549439090697508 1.9907391132229209 -1.7910199339649195 -2.4203626050995783 1
-2.0968981221512197 1.6954335781150491 -0.3807079821458961 2.0617833188063903 -1.136419258501356 0.4079706036736612 -0.16873512128533563 2.68147168800948 -0.07203084028760465 -2.231028770320812 1
-0.22925715806231062 2.1756725847241754 0.42416441323958076 2.7974420848496875 -1.0113237153692223 -1.0446452655001346 1.7587863447310381 -0.04689504285298596 -0.9977745147068062 -1.1485723338128038 1
1.4282464769070997 2.6450412004516544 -2.110691329568853 0.8310341430124764 0.30506865355247714 -0.43778204687008315 2.160717379780524 1.0097583730965847 -2.0185677676522746 -1.2075074528267253 1
-1.6176110157954935 1.7674017830332778 1.0006328683875234 4.392779425792409 -2.151731828048379 -0.5675417563342158 4.155167963967877 -0.5607214937228775 2.37825075199864 -0.35280869235776313 2
-2.2626486353434494 1.5761342763801978 -0.15148811670803997 1.0965875288385665 -1.8743633627218381 -1.2502768115293046 -2.203747844678188 3.8237279054826407 2.552778928821997 -2.4183140535526517 2
-0.966448369778734 0.4178350182149819 2.7214721593499305 2.27358892408648 -4.229136348539258 1.6760075500235336 -3.2524877495050397 2.4277297412802783 2.2284560975595538 2.120958547715078 2
-0.07954744463963603 -1.1896300715311283 -0.1024722118140835 1.060620786644223 0.8847558992333495 -0.0489301951420299 -2.1053100620919705 1.1511978123693083 3.9493344535588086 -4.051437922658536 1
0.8701107577957541 -2.2989712178246027 -3.3433109004832104 1.2452074276468441 0.39660760204232925 -0.9841161897743004 -5.172810576575812 -0.02409222623604923 5.281251349018672 -2.93102561563362 1
-1.1133843046729215 -0.4684666190896929 1.476735074536688 1.126128362918453 -0.9588658448430387 -1.567223376491972 2.727567636045305 1.401212778380252 0.4282133552275895 -0.20487024293306755 1
0.3208300593930995 -1.1253660556990517 0.021779715809694067 0.8881404640439801 -3.602021112182383 -1.8369895688139026 -1.5965280723554467 1.4003161361556753 0.13874253997630837 0.5965369719161777 1
-0.8478537149585861 0.2715519315405951 0.631940557058516 1.5334434892854611 -1.6466528803062452 -1.3843641295813591 0.1875321400069121 -0.09936809666518154 0.5222336851404776 -2.14404692888775 2
-2.842110113469692 3.201725083826956 -0.45784897095037325 1.8453425145519908 -3.1643296203929503 0.06945230661756407 -3.6243514238419086 3.3952642013476533 5.066028227084168 -1.415985897856976 2
-0.3432257514268131 -1.282862384056183 -2.0283522789853206 3.5247239900756675 -3.5601764052253215 -0.04601510132480413 1.5910924953617438 -0.33889469131903516 0.6663551298092144 1.2043075686277747 1
-0.614332456195126 -0.45209569738253375 1.3608106449428958 1.7620335508871547 -1.3763561117293868 -0.9881398963758011 -0.7724227632605039 0.315076358636458 0.18914896820345128 0.0009938638108257791 1
-3.0404800760407418 1.8140611750458224 3.3277931918222565 -0.019673081030439077 2.254474808222047 0.5700115997912689 -1.2441015353940574 1.1677527532302208 0.7750539639630112 1.2498975289092344 2
-0.6229495680913615 -2.4101141111984314 1.5656268852970947 1.821345532050232 -1.0266188770218638 2.3052008009042324 3.7803972171493583 0.7735317647948369 2.468666658346954 -3.0599988315876825 1
-2.962929999307183 1.9481267059879297 3.617575133147842 0.3023148660821121 -0.2435431189506715 -0.8210354820941903 1.158635961981234 0.5770846340686508 0.7353173626672593 -2.447775662529419 1
0.8352487807783087 0.17432721886019964 2.7839071692410204 1.3715417218829942 -0.05602291631523737 -1.782812601670848 4.474207168771695 0.846037599376753 2.3031666940155695 2.8974922824838956 2
-2.021743538145691 0.8169948253473255 3.611570122260963 0.6615570853243863 1.1770051032830549 -0.9138776524518161 -1.956772516107692 3.0234083342843743 1.0190964309891464 1.474875113776048 2
-2.374611457015206 3.048671362710319 -1.9344549066679537 -0.8143192142431268 2.5915510394781576 -2.1760966782787223 -0.9435472241560815 2.04495400244193 1.8841596536352623 -3.3448143557820704 2
-4.22486860488354 -1.314038474586198 2.794759605132777 2.1356526578346973 -3.476927258264799 -3.224534162515814 -0.0678973214082288 -1.489330906648484 3.104080124936911 0.6022669652826016 1
-1.408016418750712 1.24698677750324 -0.7758686100337762 -1.5054374212443435 -0.46327920724083715 -1.3938001362407197 3.4353104515840736 3.1510644812223254 -0.028256989385958775 -4.286059443511919 1
0.03704027791839226 -0.05497964767374519 2.212477463784096 1.1828609733073743 -1.1108232093037664 -4.717484330151115 -0.39718926004991995 0.3325153758150008 0.07451717463742336 -1.5998243967831256 2
1.551203093305801 -0.7298406754933822 0.7635266101382093 -0.0998054476469139 2.5992516944938733 -2.2954036476518658 -3.1285438603498763 2.648826085920848 3.7863244913153005 -2.9270470856505124 1
-3.7357542511580646 1.3869584027766706 0.598500791996827 1.738170492206648 -2.369087789968246 -2.8155190528988134 1.4588680712360131 -0.4680480343495812 -2.608186660257831 2.3180161995510824 1
0.5179668642658386 5.657398901575641 -1.0998270460107564 0.3872635218830197 0.11369373860090315 -2.5201761965513905 -0.2665660081397907 3.897184753680156 1.0334139619434395 -3.3903737328804664 2
-0.9567830242605069 -1.8875017837872399 2.1615098500104084 2.909549093042632 -2.304420643101881 -2.9855674429823313 -1.4028067319652413 -1.8902871006835946 0.9796499331795073 -1.4621320600401044 2
2.123637510434007 -0.2741512421186929 0.9701045784406207 -0.15778152040080928 -1.8505990790478064 -0.16958360572248254 2.879840807407658 4.515992647201877 3.0388082090622883 -2.6742182955573037 1
-5.102225689004786 0.8236175242660586 0.23707282590176737 3.5794904867828388 -0.10953918627217063 2.039720134071513 0.4872690306743478 -1.5976022272436345 4.578538494064187 2.903552531429429 2
-0.8973527964134411 -0.39363744780695376 3.5982817727740533 -0.25918287289675557 -0.14391185485174574 0.7950542879698046 -0.5071503052473889 2.760387129947812 1.275965346067062 -3.6281588487320624 1
-2.0017450667502135 -0.6818890124475474 1.7970572620449994 0.6057325460827334 -1.7193453641185037 -2.535841453635247 0.28399327876249525 -0.5681335755854424 2.3138998610179 0.23283421577545127 1
1.7732144293885224 -0.6445700399142302 -0.08392562490687006 -1.8718277545880215 -0.5137045498582584 -0.41809436427592817 -0.18331735619368095 -1.3600969944561974 -1.1219226922230994 1.4003914531789392 2
-0.8947995428950328 -2.3389774712399873 0.7325895591969981 -0.16892451969386402 -0.6671210505676173 1.182317030923266 1.7674589365975124 0.1685429123517641 -0.6888240237582408 -0.17981188151745986 2
-0.42010407560021323 -0.182186105512949 1.2007937117962924 1.3934674767057318 -2.2821031442266415 -0.7444784484862267 1.1602383934405929 -0.2167776751830659 2.246044639523411 1.4339984365870437 1
-1.6874242639976984 0.7173958524868507 3.600975155405598 2.226214565387334 0.19481076249395213 0.37982028204365514 -2.215438142417617 -0.6430257603487723 1.0841193755972593 1.6251919364987901 2
-0.7962755351608559 0.19542989888644458 5.579589315411246 3.2849342427366 -0.9656985828613347 -1.846194998870672 0.32765474705365905 0.22966966304808 -1.3562667378976152 0.3398904272918246 2
-1.4524250346299483 0.3725601469904032 3.8461369806021932 0.9040019911023095 -1.965757596145599 0.657539784530039 -1.1428596211072215 1.768709902018751 -0.08639599797594699 -0.31430747567699124 2
-0.6923736108815903 -0.9568335150848478 -0.7938396886987178 1.1457000231627992 -1.5896668630575816 -4.995072488294228 1.899678279685481 0.3314032730100541 -0.1826383763640267 3.4153524884132667 1
-2.282575065956067 0.059481782095817115 0.6612572214942327 -0.6645753375022805 1.3857758023420623 -1.9771603374451148 -3.256409294049563 1.1750606697349903 1.942747633316492 2.152956607854142 2
-2.828651734651536 2.6089810511363583 2.623970512465443 4.169204911803338 -0.3688118400252175 -1.6930193607200938 1.8455444570105426 -1.3701539494512769 3.1614566760786 0.6438874247037343 2
-2.620462735684055 2.7507585224429336 -0.015262844791857022 -1.1988905454701797 1.0322843266253687 -0.40172812950082404 0.09110636736151179 5.348439440030206 0.1342923136746933 -1.631133449950405 2
-0.2298024464198073 1.8720926582455535 -0.6462807062099465 1.3605652543559423 -1.5706875632147659 -0.31214026353291013 1.6877345718230048 0.9608156608357956 -0.684936418887466 -0.981534915538534 1
2.551324680581712 -1.0232150171526986 0.8811111560943519 0.05671516367148166 -3.4393682942887644 0.6474188053860777 0.7843294801417913 -2.8839324982714176 -0.1260220754032415 1.0630663163377339 2
-0.41163577073263224 2.13343117784817 1.7655568998065279 -2.0883035884655032 0.590826227635971 0.4984976378590289 3.6533176014111137 4.753545139440384 0.9510814038553459 -5.331841942524355 1
-1.6977037076122772 -1.277540293737106 -0.6974612958011179 3.7488389822881887 -1.3689995970835969 1.389589162496747 -1.4739189540188469 -4.247096867505012 5.217372466854064 -1.3906620978893485 2
-1.7654648034145044 0.8248268058494876 1.3568700480488356 3.7577811153235254 -3.860891857947625 3.0711989673901097 0.3817765478397118 -1.2073662915848717 0.4607104272542111 -1.969925863605059 2
-1.840223856752976 -0.6517464245238322 2.039109399481238 -0.4807448328993924 -0.9817299125676734 1.6312779471755536 -0.12567008388972867 -0.09967077162548399 -0.8280663267132091 -0.6407410633095219 2
-0.8621344502040376 1.9498971886766765 2.1456812432206664 2.933794411144679 -0.8567351620740251 -0.6874684716859596 2.2209553720824218 -1.513051979522741 -0.04120866142889068 2.4439372783067363 2
-0.9648474659683928 -0.8951083001379443 -2.647009376452117 -0.47605871211303397 -3.2026704237365125 1.2759339673370156 -0.8088976806482628 -0.07666964534986698 2.0844804090325884 -1.5835946412200292 2
-2.470889984557129 -1.163981701472991 2.3792915505434076 2.633461628443688 -0.6777898144535133 -1.9680453367858357 0.7222889289961085 -1.630929427520425 0.3902702664594222 -2.216545076323762 1
-2.3051460084369495 -1.5133041308555566 2.7298951505971423 -0.7580281382238814 2.1595928514679126 -0.6921290220090168 1.3528413569078843 1.2187787071368081 0.6870844113150139 0.9108627985207624 1
-1.7718302702927962 0.32966842031344135 2.0995743753139653 3.437622025057506 -1.651251806832167 -1.793712393123264 -2.481973795922232 -0.6527580504526795 2.113821325672993 1.175687767028685 1
-1.7720871511132177 -0.09478163285976915 0.8460758410113259 2.594408339657826 0.3668386170155271 0.731296255392009 2.684038526494558 0.11757653899721543 1.6828727273556343 -3.700343191559606 1
-4.289819061936484 -0.7339282756811998 -0.0019403732856810851 0.9221071426120863 -2.206761137020281 -0.29068441723154614 4.031251792308291 0.3453134075822476 0.15231436222991113 -1.3633952903905369 1
0.3740813157907348 -0.383322563705188 3.2959002160067428 1.3723395958256734 -1.7193997401302892 -1.989861427071229 1.7960953740082704 -1.6197816155787872 -2.795702525683118 -1.5495331788310645 2
-1.3689979023172985 -0.1689554838340963 1.3048311088844233 2.1737357532662793 -2.0418818798432623 1.3453924368996197 -0.7339574372653968 -2.551114352703842 2.5068844502587613 -1.1312382564280017 2
-0.8076955605406269 -0.2788707178941525 -3.1441412330431016 4.453869918767892 -2.060576893343823 -2.1731599462168196 -1.1147183172340585 -1.193151410172883 0.23403168364456395 2.65361966959922 1
0.850965471142691 5.250057469801315 -0.06981770235998397 0.2700741005625581 -0.8534460360479954 2.2896344885551154 -1.8039171370092828 0.527358942352824 2.673600860458805 0.5499406564604861 2
-0.25122252028449343 -0.8257651037771262 -1.0795799833214357 1.222061757730302 -0.04536384828609641 -1.5624344425000567 -2.1355841266807563 1.5851274040502927 3.4967013095577375 -3.286349787855694 1
-2.039727609290501 -3.030528621958188 2.502386279214745 -1.3762865365061163 1.1494221792909087 2.259287789648095 -0.6277125079243719 0.6136112109036476 0.09168464219358663 0.15722711669930667 2
0.5755175715429703 -0.13608673612104072 3.1362957365337354 1.5111335849017213 1.1691300455770248 -2.6109506382388066 2.4842475246645708 -0.9613327322449772 1.8205025461283502 1.0078140238315758 2
-1.6779683368501948 -1.1883301787610794 1.000819110439122 1.5154487656664808 -2.4135849353742267 -1.373881714845138 0.09212120147156777 -0.09498895415577424 -0.6413929384769776 -2.1638180449487336 2
-1.7629011817048363 1.1820630602787006 0.39213306575524276 0.3623356659465319 -1.5532431322714755 -1.5852012183816178 2.1784046425297907 1.3700385701934756 -0.404904546442191 -3.087768544400262 1
0.43010219450838383 -0.8086607887526525 0.04815137476678977 1.763656191224667 -0.742932280697557 0.6077688862106845 -0.3208816767875602 -4.048931193770082 0.9133804227101879 4.096733572501847 2
-1.7069566698154541 -0.13325592345114845 2.708432127434574 0.5494333528922961 -1.5838225966252992 2.158441490650583 0.793660397718478 0.3327287221763855 2.158687517448243 0.0017109130275492213 2
-1.5902810706036723 -0.6647315341968916 0.35758530817572365 1.0116430050379435 1.058528200321625 -0.7798538974328897 0.6592250321515458 1.4297376445145833 2.3596828227761613 -3.049988537038744 1
-6.838391299160135 0.16135115712815806 -1.1478313833131648 -0.02002558599364912 -1.5914206000993225 3.897821223629742 -0.3532792531264761 -0.862957688418607 1.9442274241625075 2.1032110204716346 2
-2.308909654238138 -1.2249866434094825 0.2095408660979089 2.3385226044135115 -2.9305853685282433 -0.1604157164835086 3.7391690049513104 -0.08816824168451354 -0.0727203761247992 -0.723391144862946 1
-4.222690084063657 -2.0733666067712613 -2.707446173416012 0.848114375363503 -3.6846186504895657 -2.72195912406944 0.7764954136603792 2.2629559391038163 0.9352141727077953 -2.709695794311701 1
-1.2029751605250094 -2.134879626399308 -0.7297467954518191 1.7995314950877863 -1.5422375822243861 -3.010782338397426 0.2783047255470724 -0.966883400727391 1.7195667619748187 -0.44542981788331004 1
-2.3467243957727266 -0.35338386346590345 0.9075577192974811 0.9414959653223516 -0.11871052151963801 1.015552644927597 1.347420644540805 -0.41435102016422365 0.5593152496051512 4.017489250025854 2
-1.6333189076979995 3.0335798444277007 0.4359774935844134 2.2802677995281364 -0.780153499027384 -2.0951515774351805 -2.9718396889683407 4.036684819187887 3.7701537896579924 -0.6552498499244354 2
2.9517060323175808 4.3808018802904725 0.7699419808903423 0.6836042833093309 0.5672217595223992 -0.046432973532622324 4.893514871177839 2.4595435702823423 -1.3725747339757781 -3.2201824856263914 1
0.5287185197469604 -0.5849416643222392 1.592652713521423 2.4701046140523495 -0.29029839722094897 -0.17730591977450527 1.1505267835616697 -2.0458024029498 3.410835518820885 0.6932316970513496 2
0.6695856883449718 1.974121420858666 2.7267140131424377 3.0892956085053234 -0.8437660476915261 -3.2105664907091156 -0.4424122799821659 -0.23109990860982332 0.3753041718133645 -1.630848381287651 2
-1.5433590188879907 0.6829533871552358 -0.26256131715094244 1.7860614865406983 -2.2302435514318772 1.3372315972841822 1.6888509828471667 -2.320763644993293 2.8363809533675473 3.362850212244038 2
-3.9161641421230646 5.170424380910836 -1.148473182153133 1.7620704848447157 1.356347231364893 -0.799734002345852 -1.5669526487147363 3.2348690202220047 4.5263220793295975 -4.400578803646184 2
-2.2251507024013986 0.39228426766353564 -1.691887150979111 1.7405094457768322 0.4917870504094686 -2.7131862164149503 -2.2413509003730856 -1.294452111232006 1.8731808269792702 -1.9634341281681724 1
-0.7867191105156596 -0.44629287275476237 1.1456349062225608 0.9236295628072436 -1.5017286847518787 -3.542597061564533 -1.3839765546527563 -0.020953449494591547 0.45793637743464577 -1.2811439972765428 2
0.22931436282642337 0.3467581195566809 1.3702271632590661 2.4385304043751153 -0.6822041378682833 -0.4969223025123768 -2.536671231157853 -5.7599998659481475 2.418916172243561 1.9440868947847822 2
-0.951426026720777 1.3719586924401461 -0.19927974008726013 2.322337950184001 -1.477489149938616 -0.2242718031430987 0.36741973302106545 2.510990535792926 1.0711291259430202 -1.49226866107948 1
-4.90538700197179 1.8994546906950531 -0.6621964975635506 3.0959062917187543 -3.6933648686748928 3.271859169891931 -1.5319595304429354 -3.9606187148419623 5.47088585389854 1.0241641628169598 2
-1.7497623455749876 -0.9505779660877528 0.1846523275370071 -0.6287859955205994 -3.2063215965563328 1.740407453306922 1.2702172518336374 -0.32884788755258954 -1.065339499502715 -0.014404388156135095 2
-0.762468790106145 -1.1748870246027763 2.948895336766425 -1.2069225450802148 2.7975422881502316 -3.9502191412998138 -1.6428448944129448 2.102766716342492 1.793837890394827 -0.7935037833481258 1
-0.657614137556394 -1.9169197256926311 2.8409815032011094 -0.3150221335976855 0.7366406208772718 0.7415384783300053 0.6889089212378955 0.22093381063556627 2.846592128656825 -0.10336214950498013 1
-0.6569177339163335 -1.2829624895851433 0.5041005871081222 1.467263681489992 1.449511738052724 -1.3433986481440474 2.1394077612869378 2.4479006011753945 4.186820589431484 -4.575640113588788 1
0.3756395449687222 1.673302326121906 0.41158759094123076 3.314904561093579 -0.6002792651047599 -1.9725302218388938 -0.7737433655067427 -2.108772109512375 -0.9201313867039722 0.5180790261634354 1
-3.15911387030511 0.7908916365099412 1.853852199965564 1.1341020554751151 -2.9370573074719157 -1.7372119233359706 -0.06989171481120904 1.0053399304655257 -1.3529222621588994 -0.43061770770984376 1
-0.64659347867313 -0.8578760420844895 0.08666263273676234 -0.45834636220044955 -0.33993873244143524 0.4676993738737534 -1.4309478599198138 -1.0563377636075266 0.09288042935047303 1.0198643662081244 2
-0.45984060038344543 3.8079237591408863 -1.3883584961194706 2.1950575504201826 1.9555514165055317 1.0347591079530525 -0.4831494932654745 1.97994385907859 -1.2596778592714988 -0.9194498718766169 1
-3.128670834953159 0.033344682660395364 -1.1987989315057495 -2.241870119662269 2.3955711984691437 -0.2780651404298754 0.47253600105309146 0.29117496439782165 -0.9306364127503395 -0.6142954361635418 2
-2.1105773278213484 0.46140541005228775 5.812376371948196 0.2792733586851359 1.1045335545071784 1.2159497376168127 0.851345784843812 1.9346509846980111 -0.22984063013083222 -4.048672770386883 1
-0.27351743418042307 -0.8602010551027142 3.189613279056573 1.2601625563214287 -1.3429324979385466 -0.6618585349801216 1.6717091459826254 0.9888024227474647 -0.10265699543145379 -0.524937973657676 1
-0.43755013798071973 -1.6703737397049614 1.4617957918960507 0.801194250363902 -0.1671985885404823 -1.0427839047381184 -0.05489352263496472 1.2500250242706903 2.1217276047734215 -2.5881487977892683 1
0.5990105475630849 -1.1890572972302158 3.258050151813057 -0.7118221449503654 -0.7009611480142581 1.761516536300634 2.2308459383830073 4.459969117910159 2.2871900927119455 -4.339905740546215 1
0.9364055679977499 1.4841589115904132 -0.12488949845435782 2.0660998306068885 -2.6340740776180125 -3.1194474513446773 -3.2183813637410448 0.28461373464142636 2.4781675659136746 -0.694140215178761 2
-0.5829786622109121 -0.8095511307472016 3.544072082846404 -0.3731585466168972 1.5130631020351695 -0.6164912148045079 -3.7602531468656197 0.6642998877975985 1.7745663466134758 -3.352875436328826 1
0.4812465468405407 -3.895438932541825 2.666495008713078 -1.9219397966421852 0.4359873411382993 0.42656440434188025 0.1291674305127991 0.07639155962196664 2.3754875869877647 -3.264247598708672 2
0.9663890745679113 -0.6217356923609001 2.4850852460133375 1.1370090630172922 -1.6681610628647199 -1.8504505213059264 1.6548145765780111 2.6630265108652713 0.39230117532531406 -0.004141504582639732 1
0.3302693394578007 3.5299427168251056 0.5260964198814116 3.026627670553407 -2.089727671600005 -1.6155996161083657 -0.9675239175265292 0.7780512839136087 3.288397794724203 -3.425136372692826 2
-0.19815434906736307 0.2482122286255054 1.97688149658606 -0.6203771372120048 -1.1080817768777287 -1.133849120013594 2.7164960952203314 0.19556422643703553 1.9937391271329439 -0.10908583719995901 1
-1.404018809546469 1.3911254581691284 1.4642996248503537 2.6655820625430597 -0.04813644913462478 -1.6027556013712776 -1.5415477308546608 -0.6558790544727495 1.422765719894842 1.094801080852041 1
-3.45439956785283 0.8924554935754848 1.122952459019411 -1.2684724894075576 -1.942325771179658 -1.5010871775406058 3.5863427503815766 2.060769827734924 0.9994490685976847 -3.394887476858164 1
2.0754522080840694 2.216985156467365 1.8423007761811752 1.9096898758179304 -0.6991518024444403 -0.7872853190699095 2.113808322711945 -0.7869633170346735 0.10125724651636281 0.38255469880348913 1
-2.35210092361633 -1.7545783772593468 1.2877230314029138 2.723243405360628 -1.4598251136753757 -3.238265746023993 -3.002383671862157 -1.5352373037188891 2.952591753779633 1.8514632861640994 1
-2.7493666550447164 -0.7740230981714138 -1.6186605938891088 2.6502576300119727 -2.319885389276942 -3.2345400204048937 1.4429910349721626 -0.8822551068324553 0.9375412898085866 -0.6699012948732394 1
-4.435283167521985 -1.3121741348054972 2.053536693329362 -1.1737012490886793 -0.6358740223216355 2.975514313683343 -0.18237504766839807 1.9858595927791725 -1.4199404841167858 -0.2599448086676397 2
-3.753618237301928 -1.7400844122058694 0.508413662009126 -0.8124713402121957 -1.0004026786146514 2.614228965821646 -1.266389177963386 -0.7028522169296763 0.6807539375745785 0.6066586463626545 2
-3.360041083518128 -0.5611102647712296 1.0826538695733736 -0.31498871714584764 -2.365335920072066 -1.149671547955639 0.5394170628689694 3.7603682600325454 1.5493400714938401 -4.517686617869982 1
-2.7733204560878457 0.39956964860015964 -1.501172946264608 3.024794749162089 -4.970322271699665 3.1105955298579624 -1.4138229656410495 -4.620899072307873 2.114620355262117 -0.5488695698097019 2
-2.1245263073540306 -0.2790109084258745 2.563942155294936 1.5774648427751088 -1.0676223752524236 -1.0773844650680067 0.7207138134922444 0.16132760591649253 -0.6772282662114459 -0.4314267318321797 1
1.0419314850609345 4.321189849590613 2.701399591113158 -0.9155662981018569 1.2605994836133991 -0.13677319481908223 5.825877754117133 1.701540673869717 -1.5680864626161228 -4.516319707338198 1
-1.4173858643507322 -0.7667321579084616 1.3564509828552334 1.5048325207017428 -1.7088484644429567 -0.627370824532431 5.803949765549827 2.4542115538239706 0.5645973735541772 -0.34247023375965635 1
-1.8762074911171163 2.2678905666797684 -2.8012562395706566 0.24566835674220855 -1.0820562549531987 -0.6874998673326271 -1.0559478596694012 1.3740374691841835 2.326277854851566 -3.9616939351362794 2
-1.9212762746586438 1.0384769263760354 2.860720066005676 -1.3785246102539066 -0.18002429732912806 -1.246995580560064 -1.9683248996299048 2.9156708275342624 0.14229337510022866 0.724524866684982 2
-0.6725625770792518 -0.015187667196952859 2.737062328405748 0.39306238319481424 0.07833864299324644 -0.9403856000288661 -4.185539704652928 1.1467489550647352 0.49142765997257853 -1.7986966662409736 1
-0.4067015891967781 -1.4130834164049204 -0.8310407171396892 2.956523842315459 -1.7150777299707225 -1.3375511069596584 5.5832246168872555 1.6538858989144067 1.9878766657642468 -0.2322320438846156 1
-1.877675037051929 -1.4542559658436134 0.604577646184475 1.286331053274349 -1.6799390181244682 -2.1623451464600825 -1.2589220202664615 1.5646373627792913 3.480960993388244 -0.054630788744807424 1
2.104892550721863 -2.07561606912547 0.13741049169165764 0.5594545956191609 -1.602591130551703 -0.04928244132384374 1.6984145248651483 -2.751403411246812 2.787530680339165 0.49651517094227915 2
-1.57084877072854 0.7434009132361966 2.652240591280222 2.160527240775668 -0.29631966870522963 -0.8145810255786092 0.06205126089819579 0.23897345651075874 -0.04646611092587305 -1.359054928523554 2
-0.5023808892254479 -1.1200312207693948 1.4515128708982288 -1.51366984356684 -0.6027784412442254 0.17804255952726256 -0.41863313351199205 0.5504077105140589 -2.0212445339373186 1.096929189419646 2