n: 500 f: 10 f_i: 10 f_red: 0 f_rep: 0 label_cnt: 8 noise: 0.01
500
10
8
0.9896215372242486 -1.8612761465892604 1.8555251963369703 -2.8005115505878653 3.1067192048999352 -1.2179897474672698 1.261290039570138 0.2978484425893524 -1.8258701311365662 0.13529662061465242 7
-0.3959714813162716 -1.4365534366889965 0.5918408352435651 2.1115814507612676 0.3603496044282186 -2.183969826959966 0.41811667599892566 -0.1689298644765007 -1.2826084814937961 0.522689777941738 4
-3.6381413203263007 1.362127838229921 0.26080018192871934 -0.33086144341724155 4.846523149959593 -2.114595894623675 -0.6775861847384602 0.8285989888481828 -2.1701980279632362 -3.8941694410207264 2
3.806696415973983 4.3406072760907985 -1.2380146622153432 0.48459250469657755 8.470039987749805 -4.4778278154927 -2.701728797266905 -6.554670257424709 -0.15643523965338613 1.6302720936114703 1
0.5035251913581928 -1.240903991454411 -1.4901476100979743 1.194974949456712 -2.132602801392262 1.0906679478580819 1.509289550329644 -1.0169062291515503 -0.1972588851776954 0.07872283911421674 2
0.2873173745337432 -1.1901705598096561 -2.3188968188379206 -2.789653388106764 3.4412756168310765 -0.45745955455203136 -2.6844369874685188 -0.8211768320837607 -0.5683626421965793 2.6953734776178733 1
-1.0729103716194537 -0.046227028820071236 2.3172455059380423 -1.3958175611571948 -2.341573529000399 -0.22917936495990887 -1.2990623462075832 0.5412153392049208 -0.12103917892946858 2.078989165147976 0
-1.0762178244404945 0.5912995434708599 1.907302379818895 -0.09402353783578787 -2.4952332367938865 -2.3164752639748465 0.8550218272952964 -2.449862986931037 -0.17114670817681088 1.8254813844935491 3
0.7346171828362785 0.6005177084516211 1.234288621886799 -0.08036228789894773 0.31345599812850633 1.6081442598170703 2.728033562582135 -1.1707434602737727 1.5697318739684798 3.4591078901445913 4
0.6228420631089437 1.5985609291230556 -3.6743382193583143 -2.4544286259784642 -0.02832936027949229 -1.2562300595793077 -1.9450997440934095 -2.0222332645580474 0.020352643286193572 0.8043427424489903 0
0.5357966924902198 2.010215141931389 2.7707763012450752 0.2932015976454889 1.811348874636563 2.170567438807165 -2.298835989036207 1.9150633749062638 -0.2942847745264875 -1.9731815808960695 5
-2.323506110098993 2.0242012499194226 1.5678999292544225 1.6942825225838987 -3.478527233049073 1.8734294625782 3.783945663128466 -0.025930366761322654 4.896400278640887 -1.487685983569639 3
0.24281760809970798 3.0393034263362635 0.8052807114141113 -0.7885611938643771 -0.21287832364940795 -0.9960868790114402 -0.5154031904503993 1.4537207086123303 0.5593310067589574 1.112959434394967 0
-0.6550338707296426 -0.5551967516580323 1.4379640344503577 3.170616184945322 0.07075820970421642 -0.4801045110168414 -3.245412581332744 -1.9908301851107284 1.2201372621498114 0.8084186881114492 5
1.3473748826311631 -0.3825909244829804 2.613388626816258 -2.0124400398284417 -1.6968254574889947 -0.5185228600598788 -0.7590675407498593 0.2517366707098011 3.452168895358244 0.7219501997707649 6
-1.948742181199961 -1.9765708082885338 -2.7190228073139577 -3.2178490932415116 0.8607470395275354 4.530642583468916 -0.2002971945849754 2.0827333517402895 1.1789173700367028 -2.720825942564868 3
-0.9959928507115066 -4.479782056972017 -3.4917768860525595 -1.5994812842041033 0.2589162251858329 2.214207174639982 -0.03335969310243514 1.1495935873942118 1.6859150917330323 3.678556821132094 0
-1.7825904118120905 1.2482584259535279 4.634759501677745 -0.7845970840950778 0.37621469949454833 1.1568385537484542 1.4323045581262666 1.8447265516407292 1.3547934934893449 2.276370710322275 4
-3.1666780645397106 -1.8964742197759352 -1.4536822757545456 0.6272457592268608 -0.6777665297334663 1.1745498847172418 4.625194609274915 -3.8301892923946292 -3.9988143592817496 -1.0111010312909154 7
-1.5775086185488605 0.0580046108660911 -2.3913952808341885 -1.5938190825352536 -1.1059468712828417 4.0508463127859535 -2.6377449589785265 -0.554379111694066 -0.2597222135347572 1.282325259804369 0
-4.375394936989462 -0.19450839160730526 0.44642186980931975 -1.201039482898933 -0.37149939720294156 -1.2633498155868255 1.8077206623752202 1.8923195296485305 0.06456503949481451 2.059930994297841 4
0.8662089819987939 -1.2017606856767986 0.8009050542371443 -1.5046720737633223 0.9683760357058253 -0.16530533184302199 1.4489482647054457 -0.29140203992847025 1.4758672338729222 3.741332312937395 6
-2.9438615671541273 -2.4496059265061128 4.07306946712545 1.7236391242843523 -4.2948515252125805 -3.330177228225519 0.3251315204117893 1.686527148541488 -2.717246285713211 2.1769818804823897 6
0.8497672998686832 3.3743297820725715 -3.1259243630694464 -1.0668167053677438 1.335683131137582 2.225180147573576 0.8776337711482096 -2.310669618818349 -2.337984683675246 -0.5883630361092741 1
1.1298887468081662 0.7380155320457982 0.08872194211658946 -3.71800462828214 0.5418706253177141 -0.24814530699630843 -3.5310038662966807 1.8698927212313756 -3.462487986590511 -3.90086951178541 5
-0.08464603826099493 1.782590911057894 0.46185525877513667 -1.4348080635221407 1.2021579775187465 -4.652225545080299 -2.7292313358147595 0.35705047688775104 -5.352346203316786 -1.0504230760639848 0
-1.4345148181475602 -1.9769239889634775 1.340567657991607 -0.1112494885731794 0.4271775256511725 -3.208590109732274 -0.335473762638558 2.672540220997166 1.4137802795191203 2.974185921879279 4
3.4484499481723945 1.9601706887776102 0.6758661930178762 2.128720885422859 0.9580879162415061 -0.07482782949215239 2.3432660646041 0.9064719600258369 1.5806697357419186 1.453676699687431 4
-1.4968199683389303 -0.08560686664060224 0.15870873234131744 -1.1047550451425119 -2.4114722476692276 0.17763190172477872 2.7920915153484582 -3.1575229001825282 -1.4572546844656382 -2.385342569898243 7
-1.0346313686854678 -1.3983866733409938 0.3887867066728986 1.4262730236123804 -2.6141984545017833 -1.6756988980217702 2.6413647207925037 0.3362938619903997 -1.6147999576279468 -1.4882751256328461 4
1.2214066198546245 2.805769741498814 0.26515918460562016 -0.02670983742021127 -2.2415135555870975 -0.8756417223422881 0.7427598288865651 -0.509596319627942 0.3595812870189561 0.8517875066361198 5
0.9185122659613314 2.2354095692419707 3.8128271625217467 -1.533201633145377 1.9678960173409914 0.25326075115128455 0.4030890231143489 0.5772107148316654 1.4071692997705953 2.297675103591791 6
0.1644139173443182 -0.3276509089689422 0.43456315335623596 2.058948232246346 -3.001510684752306 -2.5795301453020296 -2.2329974486785362 -1.9354976651069662 3.6907043012275347 -0.39386961812012133 6
2.3977363406164365 -0.8382012491942905 -4.706757379791412 -0.003032175513378199 0.8428763854853982 -2.6516928088799196 -1.8780617156255588 1.805921291453855 0.5917446537335971 -1.61593356869406 5
0.6054314227673554 -0.1111159049036341 -0.01873391196762708 0.975855213337856 -1.3392650145718394 3.5445422645308997 0.8049693331945058 2.5357803767677174 -2.5611087471949476 2.2102738353491587 3
2.204477710973057 1.8821290803936421 1.7368696237114194 -0.3657802391047841 -2.5981930600393692 -3.7037719617065994 0.7900571450522016 2.5066986355587115 1.7114513182236215 -1.8476597581754368 4
-1.175847074471483 0.725595752226055 -0.9366201671214849 0.8669762580053189 1.8083114635285704 -1.2520974578742292 -4.236248395513313 2.936071391251934 0.8685016416593687 -0.2580969530366316 2
-0.8800625313008608 -2.991791536925197 -1.4013452014085934 1.376351719805613 0.35430065243129893 -0.15024217780507243 1.1266142167457842 1.003507337886911 -1.5806368872448109 -0.6789922155128119 7
1.2310433776542633 -1.1158020789636551 0.7164302874750712 0.3219310388546128 0.31037873859110776 -2.844167674328303 -2.547917731133529 0.8299222968002451 -3.0559109364435706 -2.2956912958734312 1
3.1879454827002904 0.12747417325498445 -2.344393663355735 0.04940370647460646 1.2781130420637132 0.6253925444973045 -1.3409295991527197 1.390570062650884 -1.884621324368251 1.4234754675215875 6
2.950324186432814 -1.8666748707074485 1.0959070316845925 -6.558953859302432 3.301943846594568 -2.0854437999924174 0.8176670655019458 2.35876877585636 0.9051525084759382 -1.507630475130326 7
-3.6766138733381646 2.6305844232872255 -5.42297835695741 1.8097728508728745 -0.019003863615982386 2.5606337469491445 1.8613515223869208 -1.8545906691671603 -2.135418985444568 -1.5585335259636732 3
2.928971545183056 -0.007472761330111433 0.21652146289945262 -1.3518957781848866 0.5512627290943175 -1.3134486830110323 1.4260381280518295 1.2624954559239219 0.7090992136750818 -3.9530351651076274 7
-1.1871988609996045 0.5521839734221876 2.6669789706721785 0.6799698478646141 -1.0336125814628598 -0.6729313367622423 2.0754856979456093 2.492980172515974 0.34381239795181484 3.2965218967778815 4
0.11294653674986954 -2.193554538191638 3.1032825116524845 -0.5479852080725727 -1.816844084092374 -0.1532774977477297 0.23826932867124373 1.9543364568483979 0.5844942434463062 1.0776520744542337 6
2.2250222283219365 -0.7920779341919346 2.915906225020914 -2.744717550508017 -1.290147923523322 0.7007238082347365 3.179087816989333 1.049689672355867 1.2918700949079605 2.8444030694135733 6
1.205962873715947 -1.594324014489954 -0.09771659017903866 -2.1191375770878538 -2.139260360076735 1.219271971047824 -2.7281011542969047 -0.7300982059669352 1.1910671665161747 2.19228765747007 4
4.428872131728889 -4.005412255838561 -2.8202065496390807 3.3380191240800885 -1.7266300447294243 -2.5539657051227524 0.7661068493279806 -0.001158515566763052 1.0393856382077966 2.4603127081253877 3
-4.278143330897739 -0.03928773132520724 0.5669224000309452 1.496126159651894 0.5573671270402252 -0.9060150974226079 2.5446047525293487 -0.2845993333499557 -1.9396928249605045 0.32177926540480184 4
0.8998936093928495 -1.3332446770720927 0.37382222018940725 -0.8897166284795325 0.5047454823925072 -0.10914981802019963 0.8695861850413966 -0.4892906300380897 -1.6369624229253692 -1.262274844454651 7
1.9060811399221982 3.010961311669633 -0.037342725429338364 -1.8415661297848513 2.7928608949554916 -2.407868055966413 1.1818269358337496 -1.2475258230845767 0.4000522427917672 2.113591156723543 0
-1.0694782213780623 1.9237782699455295 -1.5816908106567142 1.0864053860513763 0.54887466923255 0.80950462841669 -3.6016948501898876 2.432538898239886 4.69219278740561 2.098827249766263 6
-1.9384630910077933 -2.125167146478127 0.471338054480682 0.972886755398708 3.535745760581753 5.537685208527423 -1.9437404311753848 1.276061718702573 0.9620023015300178 1.0833995712410784 0
-0.6674569783797375 3.794494057039698 5.311252776012491 -1.4380997479165853 -1.254879151409129 2.6560368192441803 0.15115909605796674 -0.11144274335497051 -1.2218785248621558 3.1643797359945673 4
-1.4884923148352758 -2.6289248060698727 -1.9127095634849223 1.196871844077805 0.6783125721199679 0.8378905197134117 -1.4856803954580642 2.054865255015323 -1.654123913841933 -1.7974640219662525 2
0.16410385029052454 -2.5240500735650917 -0.7712937668873916 -0.5760415573069513 -1.712360006803363 -0.43998171701189204 -0.8378199767881235 0.7522001924290348 -1.6016889627981352 -2.7266026620328114 2
0.1597976607989604 0.009263634319154557 -2.4680704722810365 -0.2678206292779254 1.5962086147321672 -5.694076052877651 -2.301443288463285 4.2217194031378344 -5.955428981802007 -2.2076586365681656 2
1.9817011623981444 -0.11186928403197416 -0.4897895872914728 -1.6991613591933312 1.994562159239853 -1.755519781945222 -1.4399549037789856 -1.9044249958168256 -1.4264941770199568 1.8374464593344686 1
1.2699109975555025 1.5021761749106175 -1.333042972233799 -1.9883783157000479 0.5661640550801265 0.04174254834173752 0.4505176980056125 -2.6956232987128237 -0.04974088134285415 0.27352799088336144 1
1.6253107677901855 -0.8031207878122941 -1.8460369120504727 4.787230858679878 -1.6954043687276348 -3.336469269445708 -1.3945808669885125 -1.323679932485884 3.6015458700433745 -2.296275369673546 6
-1.9023835676042657 -1.048907074266563 2.9754813839813536 -0.4815668001431923 -3.3108020707828865 -1.4105098715861195 -0.42639651982372095 -6.4939528395065285 -0.01701272004935328 2.108300208196966 7
0.6180526432251939 0.8177886479390137 -2.4012282504780185 -0.35782730686223974 2.446526972234208 3.599846798195773 -2.903268929382972 1.575851264328842 0.11924071577249684 -0.4518025334168516 6
1.231396499345748 -0.8082480195438457 1.5162562561183444 -3.3292091013041065 2.332599756158222 2.225103573262098 0.9303373099601813 3.632997698266448 -0.4801097383361488 -1.555917360918309 5
-0.5763861382646953 -0.6961641136441217 0.39661582554384767 0.3361041901948386 -0.13810997185928886 -0.8394390300866814 -2.9188219849147083 0.9427347084313294 -0.9588148947247312 -0.508590314583305 2
2.6311579599367425 -0.36066523455320254 -0.552414413954069 1.2131736428106663 1.0289736423513278 0.8264575674493722 1.3746111259571658 2.055360973763486 -1.9784072114279283 0.1997607142479696 7
0.2997727702532671 1.2162010986208092 0.8716854881221714 0.12615817684779862 2.470232167784882 -3.0575595542738045 -1.4058353765295375 -5.054416944015447 -1.4797460377702947 0.06418153664050197 1
-1.6258970200701306 2.5945756582496244 2.1045715784076506 -2.827219307002787 -3.62160534825463 -1.284826175487453 0.10520538562886239 3.6177407887613793 0.8072954575234537 0.49085263638319754 4
1.147921421419094 -0.35611471074800427 0.19579418945347904 -2.2889560360728303 -0.9743797435324091 0.6003092409935369 -2.8938866503157095 0.3809733522188675 -0.6147377123452089 -2.579911059447329 5
-1.8162850183393773 -0.5736938674010168 5.52712509270052 2.1115569268887686 -0.8495426671195748 -0.8132432813911672 2.0166291573656085 0.5441992642077214 -0.7567291806213621 -1.0685173259924046 4
-2.0388798892549858 -0.9899996640719115 2.1509449122997775 -0.4457173256221877 1.6458343866923748 0.2537040341756793 -4.306501156624547 1.0209991725364387 1.764638451903489 -1.6931776229888418 2
-1.5358101492019545 -3.6266210962089875 2.5043811454941376 -1.9222829229947114 3.262902082330318 5.052176619656258 1.5434352774785753 0.8449129903498062 -1.934704055247245 4.457463823298111 5
-2.793827997803299 2.5411866141923403 2.6165817506420415 -1.572333370906382 1.2023787862203525 -0.7092303177268013 -2.479232844169153 0.18846204911535813 0.8235803210573829 -1.8044622395858876 5
0.9759245198639219 -0.7382935936702064 -1.8994636760919952 4.365794579271645 -1.29961426580258 0.45221538526260874 -1.6416585804560078 -1.434360304533783 0.8037605993199473 -1.285486432689925 0
-0.11602935734226028 -1.1256926197049757 1.5357407926047486 -1.1889865130538904 0.9349634477524682 -1.5936268670114273 -1.4655809435803122 1.9064532676329877 0.03550375837458053 2.4537132910308257 4
0.021547897360338242 1.5373014288844364 -0.5279507555742298 -1.5201728520072106 -3.245159271577183 -0.12869715325248965 3.015317305847853 -2.7677100116139517 -0.5404331915118157 -1.7000099944639229 7
-0.9393348958592145 1.9540906568346883 0.3148279091116186 1.4188182912352856 0.6964963478367769 -2.8952496127378797 -0.7826627808502116 2.8423395027396756 -0.1628180832789855 2.548229794589936 5
1.0871657606378138 -2.3123964341692766 1.7378968392669574 -2.312541587566387 1.0685250851182482 -2.269744256869015 -0.7467220876255036 1.1748483146582167 -2.176394064733574 -2.0367709687628204 0
3.985401095852634 0.5816849274509882 -0.7044579080845819 0.6244261648550922 -1.1888059129310902 -0.3335729383729392 0.7391976370050484 0.31927328337831085 3.8047017021150413 0.5672682128600766 4
-1.7801251755654568 1.8744557435596998 -0.5721699494502588 -1.8605503606481157 -1.5718301710244074 1.1471518144475832 -3.0968684074283366 -2.182655971681669 1.0324364426731114 -0.18172883401560713 0
-0.7396608694815481 0.020983011161993192 -3.777147735765502 1.7773407789062952 -1.9669286695721304 2.317485089362405 2.510214446853861 2.3446187055322487 -1.2154164964290723 -0.45392743383010714 3
-2.060158666555642 0.8734279715720733 -1.8816252365599828 -2.152228418246608 -0.0236714423790505 -1.008003019431098 -3.313794982970111 -4.3021858876301815 -2.527815459947465 0.4973925699661901 1
-1.720232336242018 3.221875453889885 -2.5754658969105177 0.5440045840284822 0.11113723703471712 2.634114429046537 -0.8969791537627531 -2.7072827800486774 -0.7252511575180463 -0.40629456676463427 1
-0.6704306140964431 -1.1244623965205838 1.4800651663852509 3.046429893960196 -3.3893602281292368 -3.658011227082557 2.670241621785869 1.7634351757087772 -0.7583458947258954 0.0677295509722109 6
3.5060970789073953 -2.772931819345003 0.830338618929211 -2.021001955877027 1.7063043737161205 3.3893895941782084 -0.5934270065568104 2.7066044930098037 5.116295551629147 0.8084093061079651 6
-0.24922642543314844 0.6398395369115302 -3.808484357438579 7.533964692745523 -1.6442557362611718 -5.917328385890509 -0.917939872942027 -1.2031207946740086 1.6203652489338904 0.10847340585163967 6
-2.210018764638634 0.6172286982696235 0.14652353745475089 2.627722454442035 -2.928450473828364 4.1368362095035245 3.2327491871938157 -1.61872617096232 -2.0186475763078677 3.4978279095606224 3
-1.2410596044547315 -2.060661021604894 5.073613810475438 -0.8958939919467799 1.5699362124197687 3.4823674631623573 0.07175945975244113 1.1180707534345196 2.4344879034398224 0.7381394672188819 6
-1.6956632909553844 0.2605731923017164 1.4629079448329962 0.8298539877173545 1.0356664436305465 -3.7164364018672984 0.05906971833861929 -0.8879832206090612 0.7291438846078664 3.1920945291524894 1
1.4338873305302187 0.5979787225850879 3.2084035730280367 0.48883554617784675 0.2684735058450898 -0.41466247076044105 -0.19373072171668615 -0.07527229664780677 2.3928977702414955 4.887368830157492 4
0.29481599198055697 1.6986709982897579 -2.155025743146572 -2.048134316412597 -1.4455689546103563 0.9928667175887553 -1.5478711552865452 -2.7852164529296086 -2.57967288428636 0.16591272292578196 1
-3.448518537276666 -3.1620897991460932 -2.4337935426465673 1.9562347867738512 -1.3974083713849277 2.3765832039354606 -0.5894558588555697 -2.8427093670291868 1.7336287811551596 -1.9272852527114173 2
-2.676316785693849 1.9130545859717554 -2.747879135471132 3.9542295139976678 0.1254338857793762 -4.197568445624155 -1.6997456621410985 -2.8112437439859694 0.8964835616751522 0.8826947866671566 6
0.5200101312252553 2.620772332829449 -2.4067390217183506 0.44489131166698437 -0.541498127006437 -0.46269705964763275 -1.1152707334313707 -2.7131754549100284 0.9394340133906596 -0.1987795769128322 1
-2.9204226149430736 1.121566282699922 2.054679998350668 -1.2997035785087125 0.4529221452755672 -0.16012043089108474 0.6800831371548044 0.6349001930689668 -2.250995389687809 4.5985634807426665 0
0.6993547634450936 1.3873563017135395 -0.8111341761251764 0.17464688533020722 -4.160700318346711 3.5094025683062617 2.428475734237219 0.863262397697711 4.082838927966384 1.2947061438713565 3
-1.2006856373766068 1.437097728419142 -0.42214727225598137 -1.8086530267520147 0.009122141135554207 0.05949876919700703 0.0352334381623427 -1.9007157549172375 1.6672074696701658 1.6492082025013317 0
2.3347346019564634 -0.0796848970057984 -0.8483558892026091 3.923566485258714 -2.758588844587204 -3.7377852016199293 1.3578438436597295 -0.06544123655197831 1.5118398439707872 1.1267774505667725 6
3.019575820590338 0.007321130351339633 -3.0738815885353628 5.03555210116569 -2.1307182850263855 0.12164911424070302 2.9332613444303264 -2.481947273162296 3.8379018775165314 -0.7623131610007383 3
-2.306627494479816 1.2448950564571615 -3.7032712213032877 -4.638811725052379 -2.000320085432634 2.7625632732443655 -2.0000224201369443 1.1701371652386543 0.9434228877753974 2.5734117240951653 1
1.3716546535080663 3.6620233797849684 1.2047017507227304 -1.7174335972646773 -1.3440865444670378 0.43509812935125813 1.1499421450771874 1.0125319977826428 0.4256591165763698 2.047260027347077 4
-2.1205740763888947 2.4159237536659317 1.9978520818722725 2.6194045860876445 0.294063363478272 2.417844088316876 -1.6757670904348445 -1.6009260673866634 3.382740055665767 0.053882803688502845 0
-2.2113985320975855 -0.9554214498964041 -0.575640600407139 1.5116341923122945 -2.297188071673893 2.408444757902104 -0.9102233481619643 0.4623473262447497 -2.061972961951959 -1.4912142108349637 2
1.4293760452735929 1.7559779833253724 1.6855698952036138 2.1800159735877283 3.1757784218174425 1.1713053547819507 -0.4011424306077207 -0.21055608631866152 -2.4613615822942014 0.9796666297071162 5
-0.8570507505798972 1.9192842914198318 3.183332661862721 -1.1741053172855025 -0.02553940121427689 -2.3980411462560394 0.8035946030553924 -2.9883413893933657 -0.48675522713044705 3.0038969944805163 0
-0.20484762836590997 2.379921092558887 -3.1257686018782476 5.268816476291605 -2.745259785578151 0.7823414364290091 -2.1568738217885324 -0.9043734484870156 -0.6072191809263462 -0.8283225905646816 5
1.6051735448709712 1.430753200403621 -0.2891221303447895 -0.53889514416291 1.0091830954913652 0.7639736076602022 1.6098923861566963 1.0129192617954883 -1.0785817145740224 3.0546657137659956 6
-2.910260583232433 1.5869892202709075 -0.07665949007089146 -0.9741833680684513 0.4324039185438572 -2.036057297697197 0.490159851366992 -0.5224465849984335 -2.6607819743131134 -0.9273633587166665 1
-0.8403483896774515 3.2782814772748274 -5.617468796131833 3.1006916181870556 -2.3313990206705895 3.0025773172706316 -3.719692169400251 2.8549006541108075 1.3064056720571382 -1.3822523705165985 6
0.1294761736433797 4.110018536851056 2.2485160939612934 0.7382536022054296 0.8279982228340919 -0.006469835205653585 -1.1450822337197784 1.8287691535653086 1.7353791709238617 1.116900666019302 6
-1.8536856991647466 4.4829419220571305 -4.710670355559442 2.8209177929934386 -0.5443969634962998 -1.399515662016026 -0.6770802599394574 -3.682726665026114 -1.8362420027461424 -2.628951192734856 3
0.6775271381597603 -1.0174914392976118 -3.7365300758787905 2.2202517549671956 -1.1942341282207571 -0.21949391840445132 -0.7358723218678671 -0.40792340399541427 0.07586639681936669 -1.5087831275984276 2
2.1747637899061663 -2.0808596744093038 2.5826518703000567 -2.700177770532944 -0.7558033646862616 1.09078338751169 -0.3358888473623991 0.6441047725229178 -2.7634116031010816 -1.1682707875666352 7
-2.0418286463756976 2.4783689404386964 2.1997848362844645 1.552867697391766 -0.38787053899642143 -0.06514725785950093 2.735421412838156 -1.826696979415577 -0.30624508090477665 4.635322139816407 3
-1.5269125594535287 0.352347306409309 -1.1749129368421876 -1.0178804877504555 -3.1925346090869287 0.3616514980671546 -1.7912540301306101 -0.8917707751450277 -1.3762754926609773 1.326609906153438 5
-3.181383142536204 1.5222879055842014 2.216888389677076 0.34141027481435704 -1.8215578852349386 -1.361886895054158 -1.737196459909439 2.759357276426595 -2.2783762865991655 1.3685690597925124 0
1.701566479352925 0.18476345764698265 -1.8017140996550398 -0.871099606583599 0.7172939148729242 2.378834489522812 -0.7531768044681347 1.814731732226472 -1.9841575169226395 -0.34332554912105273 6
-0.23150108713988038 0.4981487339733841 2.924350327682472 -4.424981580987195 -0.538976488696536 2.944333412054932 -1.391712735816954 1.6669441704840402 3.8175338915931487 -2.7380658683336003 7
2.680066400928506 3.0292225538784003 -3.0705325993131822 1.02793780565383 2.9637817499221217 -0.537555331305245 -0.7936445979349995 0.10360676481942188 -0.30654424753269893 1.2599818025150942 0
-0.5631448599266871 1.3940201318650978 -0.9279822198421265 -1.178403704563985 2.667711257500426 -0.8588427032944425 -1.8396818011451626 -2.131746029400005 -0.8958752231519563 -0.010457146612053325 1
3.358842819148959 -1.422278897201986 0.29078453115113645 0.5337072593026184 1.787543545065236 1.3433782828764798 -1.9120523011603021 2.281848465858033 -3.3457926659048454 -0.9620170855185197 5
-0.9512203329104405 -2.6696803430558456 0.8560167689167619 3.3615508434070565 1.1090577737968057 -0.5076489448706676 0.6696410413109953 2.360210651639613 0.5827708063255771 -1.1179970224225149 6
1.09877969246118 -2.5920098619187044 3.786100379944616 -1.7332831303028728 -0.07069398162707907 0.19192218810385198 -0.8034090009745694 0.29454467191842537 -2.0724496202990044 0.603100289675627 7
-2.669988385699704 -0.17260589838388873 -0.7895232675066494 -1.1372153672948064 1.4279487362927399 2.2945425021321806 -0.7907550721777276 0.4563493344401064 1.0250035527712773 1.3694217494745446 0
-1.9499751333295154 -1.6176721361810453 0.9443715093821461 -1.5571132558768745 -3.026109790060219 0.18601330113467096 -1.4177153780839138 -0.23653620909073525 -0.16107550028177242 2.529031959021151 1
0.7640662015519539 1.3333610986148843 0.8610746435938976 -2.9454393446691745 2.4330389126457703 -0.7829250428797073 3.5403383624470774 -1.1287528202228234 0.10936987357664774 2.1900834990705986 4
-0.7752257105029512 -0.09287785355219347 0.59082558117226 -2.771794252617237 0.5900212347447393 0.5208107560193844 -0.9569588619572945 -2.1101689464679168 -5.186684085244132 1.3113070457491358 1
0.10540285337439537 0.5112402324531484 1.0750105133737724 -0.5632709030150738 -0.8902552572351116 0.5541810715187132 1.3493467205933656 -0.21656973775690858 1.837822604796568 -1.5113652582913666 7
-1.845050414827977 -4.418825184334813 0.5470537371897859 -2.33622639973634 2.1725699540224643 -2.8663623545550596 1.6561622377094611 -0.5320464093679813 -4.897674037038887 -0.2673933053132389 7
0.3153954174477843 0.7137589420041701 1.574341170574752 -1.1277841431139795 -1.054710801241057 4.949691244528077 0.29612991425887314 3.392941150291161 2.2645141422224127 -0.8900259560305097 3
1.215707384903145 -1.1472844492493324 -1.2467053052464252 1.2265043882441533 -0.583655358241421 4.227895613768599 -1.3138914404970508 -2.5623811720974774 0.07189169394791861 0.41436289354856215 3
1.843826422850035 0.5123887725624998 -1.7673366956100538 -0.9792456619684671 -1.910561857306126 -1.4207856959059666 -3.5055432198897285 -1.3497488412588932 -1.1469182205371493 0.3875035311796724 5
-0.5183855986612431 1.1423845350727408 3.362031838441625 0.29562201048802716 -1.3001277035683334 -4.204609204759843 2.69309852543576 2.044545535707269 -1.869301366272619 0.026186254066371872 4
-1.5988688619446845 4.299865765470555 4.024079580495334 0.2495699764546826 -2.393804654203313 -0.02705476315279076 1.3456134515209788 4.727043160975942 1.0541695536398785 0.7550236943606508 4
-1.4545740653314367 2.436553259180912 -1.6424126350431814 0.21752586612184888 3.904446905347355 1.6646915315720001 -0.0462251866328206 -0.7308056415090831 0.29016142682190904 -1.6689025951016343 2
-1.803539244215394 0.9950393764949246 2.0120068099249178 -1.1181406125926654 0.1753756593091419 -1.9975493159983277 -0.8366261135594069 -2.3459868184194956 1.0055508495234147 1.5986915456353867 1
2.3977534590786864 1.0915880092409216 -1.351093014516005 -0.7651194686039803 0.5902177948743934 -0.8593799809881503 -0.6241153770139386 -1.2519047587178465 -0.3835773297382937 -2.972282075102685 1
0.17819990703978927 -3.8315662262288686 -5.484359115712736 2.4876335375833776 -4.929038096154148 2.3534066243091054 2.2424634005759825 0.5457433794843446 -1.6022567442337456 -1.4313013957637806 2
-2.741747278803979 3.426201993954569 -2.156402196718381 1.1316220557529333 0.13942497677370191 -1.170515501453214 0.7340549553396293 -1.8380024532007508 0.39695121756178575 0.21965715851717038 3
3.2790985651333204 -2.8952210085448904 -1.2573650257283562 1.07333814791731 -1.7155598618871422 0.18626197625720564 4.0160688665009 -0.16441593407093924 1.7626635637796617 0.6874519592300186 3
-2.7455968398764377 0.47614573142849204 -1.020488009586429 2.4216292676233255 0.2811119054298774 1.2985616403126268 -3.0073883023841153 0.9367604354333784 -2.8836669519597145 -1.4486632632731442 2
2.4773001016512355 0.29564580390281336 -0.900690286700562 -2.09385071138174 -2.1612872930307105 -0.13069896467627706 -3.129739667845551 2.3670631688430355 1.8228249203942266 0.039496274793639485 4
-0.002077917965964904 -0.891724378210458 -3.67787637584782 0.4344986364669332 0.5217590469085306 1.6762119309900065 -4.702461272593775 -1.5401081691209448 0.5243559536164596 -1.7051520576998453 0
1.9129888118745426 -1.5121765627396817 2.6632835219889643 1.3860928845434846 -1.0873873324105618 -1.4255206523910222 -0.4380033596937085 1.658518829202424 -1.6608648677528013 0.9290130684190866 4
-0.2434742313671443 1.4322031888199844 -1.0284661376887911 -0.7861895054320718 0.3353978879974179 -0.755622978569005 -0.2821573476446958 -2.320608480875313 1.6945616837451802 0.5430685431982876 0
1.736063452367829 -0.052259244698545926 -0.4013026160207551 0.19561325514142835 1.9274469153893277 4.844649458971657 1.9248739084647668 2.432791518527404 -5.130959881364317 -1.3224421453080986 5
-2.0375506848902996 -2.0028316193377935 -2.57591102373732 -1.9988996442913387 -3.0887952963290655 -0.07710130031140505 0.05516155760348762 -1.5969421843676792 2.4687462491277707 -2.1094875488826403 2
0.26709012022948475 0.6831427518290398 -0.5700416594779245 1.3315122689062657 -0.447809536479283 -1.7721633839797155 -0.14831103633381337 -0.6249810961331874 0.9014210192943982 1.9183878171488207 6
0.45664214067114695 1.7657767779956346 1.7947124153634322 -2.540208069539817 -0.3766593224701468 3.121517582769664 1.2962179932716782 -1.0342380667092617 -0.05126684788503111 -2.3098151844961046 7
0.6206321237888137 -0.149737575329151 -1.2098953035668256 1.534471886204002 -1.2622364524802838 1.308050820653696 0.8341678985840562 -1.5031298875428734 -1.2911407805277504 -1.9819573839058666 2
2.12964810338256 1.399943548348157 -0.8236269466834762 1.7236800989353966 -2.406811055663053 2.3749613287194715 3.2671413989676705 -0.3228725772888723 2.9506441440230127 2.413417908684467 3
-0.10330204049131364 -2.1852316508304 0.16940421526738803 2.9381304419188394 -1.2068323497648417 -0.42686797047113545 0.6588718194353325 2.589886485328157 0.2685472844953454 2.5124643147761008 4
0.9083043243773437 -0.31339640600126495 1.1737146602647275 3.6930175049035485 -0.7379862328926956 0.8347585851259665 0.902790371590465 0.8936667230728003 -1.020760258206027 2.723095007838623 4
-0.1336330496769087 -0.37825840312243675 -2.419930761003163 -0.3583887023369239 0.5849856083464644 0.1573168391827402 -0.1965248728741983 -1.2052446430444426 1.9314039423809075 1.7590379381992753 0
-1.5681175797194622 3.193203441399967 -2.025986635970439 2.494319675264609 -1.0579295135717675 -1.7717197484913916 -1.2678096332655437 4.634539006803829 2.41501641841544 0.8832262651258155 5
-2.881572309422315 5.461341769270938 3.0627398148350453 -0.6055233396668602 0.39371878639840796 2.1772280491099822 -3.0042737419847585 -2.1932392540943035 0.9093925787547286 -1.3843108609486747 0
-3.336218444052773 -0.14916798086982674 1.3025839887534123 0.6817712663030135 2.4562355195233905 -1.4732016545009272 -2.9866729590570267 -0.4310497993123855 -0.6657865129922069 0.6917761850318886 1
0.6520984976923274 -1.2283851414515148 -2.0936583478198054 0.16440728605759447 0.7274859628151775 -0.2843003007297422 -0.5823605810408087 -1.1682769518348834 -3.7590493233068836 -0.4517342466200607 5
-3.404902169520458 -1.1966485657470578 0.6481438697310432 0.7953490779169738 -3.073399560526167 -2.2444591059598267 0.4326202374251229 0.24197618792988684 0.4141630827494869 1.0199406410248657 0
-0.15512633741111337 -0.7949726356522819 0.6682160724232296 0.2145503492254821 1.90963935879069 -1.7774751780659992 -2.7136636488784327 0.5451825649766975 -2.5317208456743128 -3.045674493149485 1
-0.8959646012024433 -2.346821855955897 -0.9166007397124348 -0.8322062559778234 -4.911420973658743 3.415106837573564 0.8809322801270235 -0.28347845974632413 -2.073303361436154 1.0989790700228856 3
-1.5469230193366306 -0.13202006447136272 0.896033280875802 -2.0399890502372937 -0.37895528732601536 -3.314422047972878 2.1975448296972093 2.894207810764229 0.3798625318294595 0.04570289930083904 0
2.034275019953765 2.7040148796424366 1.1626988654556825 -3.3421116569308373 -1.3502207060701457 1.7786401610083677 0.8484697546164908 -2.9024678214697333 0.6911286044005347 -1.5577905364361722 7
-4.3471155948968185 0.019102517214264703 2.7445507374356124 0.1841038246921577 -0.10953357317956791 -2.5617552755157944 2.389476327428336 0.46090841268180227 -0.8908265527717409 -0.2825900515633675 4
-1.7937426263691205 1.0553117707375614 -0.7394847232146471 1.650781565605751 -2.1499481339752124 -0.3226594880902416 0.555818244352531 -1.0440985205287037 -3.1271424060220587 -0.825508448262886 5
2.3460192730981912 2.6265949728132236 -1.9685090465832058 -1.0112170799610534 0.1811541675447067 -1.0152097479209696 0.4663994239555922 -1.9400317526640105 -2.433819577793715 -0.7512333837755254 1
3.4195567138657808 -1.0451857287447481 -2.312059314315629 1.0601843524219718 -0.40746644236228646 3.4673957643039386 0.7661951107391721 -0.8478314478497091 3.646588974309717 -1.5359557314340484 3
0.3556348859029026 -0.19747939628622246 0.8814776221167716 0.8339938426581908 1.792899486361763 -1.6558009156940385 2.2521852859955866 -0.3607515090575979 -2.326413826084239 -1.329325613624362 7
0.16072817884677637 -4.512528171779867 -1.4315929335338318 -0.43111976387128204 1.2269067686210264 -0.5921987616638342 1.0168747917078944 2.4809220847164974 -2.0331709315975495 -0.5463569861184497 7
-2.268181048099824 0.37063365751814814 -1.1792071495901593 -1.6494337404977335 0.31507074950065483 -1.062013463163471 -1.3248612008668703 0.8994594059025449 -0.7996248462490396 -1.0807926551711522 2
1.0208006854728484 0.7439503574101709 0.9271418469360495 0.06575156767284929 2.2627119930397486 0.6661255941615899 -0.8930672766524792 -0.09355084931538116 2.33117709781596 1.7396304999433656 6
3.7596721122868213 3.5788573520373492 -2.1154634728066855 2.6729704990763725 -2.529921746327089 0.05562954067403614 1.571558423654544 0.9786897781342705 -1.76268062689764 -2.186192019055343 1
1.6249844265805802 -0.3688074157086827 0.21288430813702552 0.7829105348145604 -2.507643465272111 -1.7275006856384103 -2.0953829136814655 -1.6519542316416098 -2.842017555913252 -2.1645270077032803 1
-0.9422140911689264 -1.5584773249176216 -1.0227041593025537 1.2855233781503068 -2.3777326011183515 1.9274935251221754 -0.10563738794743127 1.1165931289655444 -1.4572863927866155 -0.30188747304348285 2
-2.950605227108908 -3.424232848675323 -1.975176366518652 1.1491266619317377 -0.19584573459562127 0.44545952979583836 -0.9795747424254475 2.5224042897826697 -0.4837983735427317 -1.630823395271945 2
-0.9201179740319456 2.4084784658177485 2.6131977091782175 -0.8723182508976787 0.11954040926148202 0.7940017490846742 5.001082527418868 -0.8785480585709857 0.7456665480204476 4.22038415089759 4
-3.882602010981148 4.82630517881105 2.7781458657110294 2.4516363474869545 0.23214477647472864 3.6459596233423306 -5.409139802775192 2.1886926602357777 -1.2622962997727636 0.7699031575125563 2
1.7912830734096379 1.2904658406924945 0.7440673144247637 -0.13233749421970475 0.43175084106198036 0.15833745755277673 -2.087407344007149 0.5471561556138876 -1.9583532571814077 -0.4980339318067316 5
-2.6698038699022257 4.149421986381574 -1.8036523498791608 -4.407914110317941 1.734709573164721 -4.223658599320043 2.4312756598012193 0.9776280330058104 -2.6929286564825885 -0.8255779039015221 2
1.5105163775999624 -2.3421771374880374 -0.2997761904160128 -2.773666557591928 -0.161199104917507 2.398245097466611 0.9843263187346025 1.26476317084146 -2.2449084030018116 1.0335152324927654 5
0.9589666242601432 -1.0358810993500365 1.8040196674109592 1.58379493748481 -1.039055158567393 -1.3057932830726613 0.25868780892394405 0.05064769065517061 -0.5699085537670809 2.9783398702959873 6
0.8779230974479444 0.32018118791805383 -0.3655324318094114 -1.6595404500333388 2.2893511348453304 -2.909197862288432 -1.3866101145902543 -2.4411997939490404 -1.574841876015965 -0.7517532027494406 1
3.1544632669274275 1.1776092904179762 2.8990621863701884 1.419430303143287 -0.12840885412861702 3.845752518147898 0.7051575885756834 -2.806421485107655 -2.3651275020193108 -1.1881192706988313 7
1.3921386975240733 -3.676657753045071 -3.3581426840346333 3.747295673753446 3.135057784230458 -2.7182838784154186 -1.0316903830693738 0.35988240699220964 -1.377194864108414 -1.4765412813262762 3
-4.184589272651362 -2.2776285627812616 2.224392264085001 0.1453312375657897 0.8972833761462453 -0.3789999503975756 -0.5928961850066763 1.0308661860412598 1.0375249275619138 -1.655268838517335 2
1.0855351584889275 1.7582236930883366 -1.2227418358166702 -0.08814030339948109 -1.4909793619360223 -0.18558354701228708 -1.8805756084174732 2.4806165450721385 1.3416199625022598 -1.1835989555360373 0
1.5236209422724372 0.38900496087966563 -0.37019807615399203 -0.9136254730838351 0.16910978727811998 0.8444935158071845 -1.5658105038268162 1.7045069546662317 0.14127137541513657 0.4040263061796331 6
-2.4054709076653413 -0.7035318861785005 0.4435807866150334 -0.07823683864100839 -1.632049454929915 1.9188479339643365 0.2622704137853289 2.0269709379961536 0.3967130722703971 -0.3409971573781574 2
-1.3981985038863878 -1.7721515824776277 0.8353129556923 1.027664413073805 1.9382508486058527 -0.8305576695047041 -2.144991980142437 1.0272750930573562 0.29991852259178975 -2.069897455199149 2
2.3152730293632073 2.180262701558608 -0.8313366880261213 0.19907917405849918 -0.3357728025317672 1.7039665368571657 -0.30581055997192863 1.498205891517144 -0.1537579117470662 -0.633228305680422 6
-2.1400381084901214 3.2193239614068254 -0.04889538589659548 -0.4750102496941784 -1.458568449600048 0.0010005918178004336 -0.29653124517631624 -0.025008408252747527 0.33971489060145665 1.5282636957860365 1
-2.5374900850138458 1.664097756722745 -0.39485622687936195 0.36512513103393684 -2.8156948365613452 -2.5316060531417035 -2.642819356679987 2.3207542694752954 2.0575441403480634 3.146117126483389 5
-0.03535095568099822 2.4953806994341483 2.439637192355311 -3.374482467713383 0.02949545423895772 0.057953093692902136 1.2105442702019467 -1.1674267938270528 0.8001422366407587 2.987812288806824 0
0.6886385075916366 -4.832991618132992 -1.9395772742682575 -0.4348234024361317 -3.392129985174932 0.663677480072019 2.642256202061453 -0.6194509170281208 -1.6982086411803214 -3.4283460546901314 2
-2.1142975039646092 -0.1161100677418676 -4.384160004454116 -1.0994756277812896 2.8317138873179464 2.382776150160668 -0.9069301050859182 0.577531724975584 1.2651133912723105 -0.9404007818383306 2
-5.9863295587656005 -1.35658054227802 -0.4925108774520939 -1.6434396047410225 -3.920061463150973 -0.47051044938096 1.113639089025857 -0.005706159111840359 2.3181383293632276 -2.6511213354245164 7
0.296520146774756 2.8989587672092796 -2.2938658226466635 1.358349296999888 2.0606028318717318 -1.8310846569829202 0.49421127074068816 -0.16177243357661453 -0.4909551413994775 -0.4123366115147775 3
0.5245427238635136 4.3130938154195615 -0.8758692854896521 2.2585472259066597 -0.04503733831654366 -0.2132165979717684 -1.1752271793008813 1.4318311398721202 1.238188134538409 2.329581085043827 6
-0.5993253088337871 -0.475983617046024 0.439501990506975 0.18915278282334014 0.6472946570191611 -0.060902638127509734 -2.126822104279065 0.9458888751745176 -0.1065112707336281 -1.8413789013196942 2
-0.1727513246707184 2.1362227497397703 1.1346122007570898 1.2210025914676366 0.2970829118086543 -2.201890427385809 -3.0636690852503445 -1.545113489023703 -0.7445176232642892 -0.024052917343297398 5
1.7368233538594215 1.5298604960700295 -2.0299366778363535 -3.215643989424467 2.0455041666783096 -0.7076122079509044 -2.061809728012939 -3.040733152767313 -1.994133168635158 0.14704209780187727 1
-4.0850364813206586 3.1620657259016482 0.6304515621820412 4.915039628269669 -0.18673605623804013 -0.8528444512109492 1.7127891712020396 3.891199537606215 0.6408474666900668 3.9299732631674256 5
-2.368949728140615 1.3945909493094848 -0.43812846667340855 -0.26589816976261016 2.551769448209409 0.49724071279756443 -2.4061191323308937 1.1089868160069871 -2.4684820585398146 -0.9862788388225782 1
0.07545631416517828 -0.018193560752591376 -0.9501013956568813 -0.4453443138513832 3.1511382726940615 1.9446872641766966 -2.488268324471713 2.0585816775619064 1.4355520738134482 1.4873099641046312 6
-0.05833151399952352 -0.5697375913692251 -1.6882234602407329 2.9998127891940154 -1.338001920428189 -0.905973411399456 0.6296859422314289 -0.2655691507264055 1.6411641455571417 -0.12619612462641516 3
-0.8067656403886203 -2.624508253611632 -0.6233702432764272 -3.2069098606005713 -2.6316836949679265 -2.535949552442406 0.08746556718290077 1.323850830617662 4.410881418808184 -1.520864253428499 4
-1.786911619359889 1.2029717927169643 -0.6232567200438964 -0.6029573909307591 2.3034587041683907 -1.4136590244376153 -0.27061983187815464 1.0782975740209966 -1.3255317593078306 0.9080121033311777 2
-0.8743917730452413 0.625586167675475 1.5407628611389348 -2.2775788012591383 -2.815582744716136 -2.097402148109351 1.9179830730765683 1.4232534801736507 -0.010204063744827963 1.5317230269826618 4
0.41724524035208654 -0.540874114064472 2.3340641957541717 -0.5195243104104272 -1.243041631694649 0.1291254704958662 -0.5132344171853216 -2.215938623209426 0.1612127735027178 2.388997220789216 3
0.5075254138213474 0.9210196462499209 -2.7473553583025616 -1.2909071827790375 -3.3059447746401616 4.706102166597372 1.6143004722472658 2.4114201281357266 1.5862374351423072 2.9305214126894006 3
0.36937051795733056 -0.10537310299139535 -1.111453908197429 -2.374194295679692 -2.2947122010787178 0.17433938125144954 -0.753039546828424 -1.2793219347014144 -2.6997589194127043 -0.21631569430268027 5
4.437298891671775 2.200387762048254 3.197399888228615 1.4531943203468631 -1.7053590438390407 3.831134826645584 -2.675249819224025 0.39713053081486205 -2.4814805485336255 3.989180254309436 3
-1.344835041073131 -1.1548719763179802 3.23653457605195 -1.6055621414159003 0.7709833431247348 -4.981209705410505 1.3842125935458083 -0.6199252396530475 -2.4001554444795454 0.04967042373454644 0
-0.8908929504795725 -0.3441077641411483 -0.15323476446658124 -0.39619491963752185 -1.0487972852526375 -2.433465113938099 -0.9769336576338418 0.8900403726341847 -1.563683301431301 -0.8440631065066624 0
-1.177520858535832 0.7939533539338999 -1.2048721607692172 -0.700941169057313 0.9669518229137083 -2.001810470282974 -3.8676078864242354 -2.29743934413455 -0.8144899567291953 -1.0963059875374812 1
0.37719642287754307 -0.3894942875103795 -2.821954183321427 2.300475738027865 2.8887719665495215 -1.2287537257612815 -4.583552985739694 2.4161224621076878 -1.2674330251898653 -1.6220665880247938 2
-2.2672108846058725 2.7871448544059687 -1.421485048385655 -0.7288754030092713 2.604207001176962 0.4339733338622078 -0.4496333785612274 0.3858923213490627 -1.7480800967657988 -1.7462238218254105 2
-2.248914293313967 3.5999207365763333 -1.1725933546682255 -2.5976951998869966 0.8683926170194044 -0.377161939127035 -0.8810215891402781 -2.3879635696840107 -2.5136968989844553 -2.637724584549736 1
-4.4106760388806245 1.4229846386843452 -0.9674712688649112 3.35040550437059 -2.4822861332093775 -4.226569281854395 -0.8083629370494073 1.6256557827156815 1.2849241531010058 1.49134143837118 5
-0.047005224394971123 1.5897890112555109 -1.4995716016525948 -2.1523497491978416 0.15718957381369691 0.10813514605911756 -1.5370520287973108 -0.8516574365328287 -2.691787554635069 -0.13385769387574897 1
2.4434614605648273 -0.017685934106847268 -2.2254761016893783 -0.36174481420771376 -2.9481378218190732 3.47085432417514 3.0357090488881004 0.8861296180527154 2.486519468824611 2.6338856390785885 3
-0.22218452533812516 1.539035382276891 1.1795302372858747 -1.4189799359737085 -1.0603419941572827 -2.39143958189008 -2.175001483755816 2.3474387590408456 -1.7233172395185825 0.03869555734540542 0
0.09461099682462093 0.07275597873731421 -0.9603651752789237 -0.721178291917073 2.607502066535706 1.3338692081110313 -3.238362043787199 -1.8808816239230883 -0.013208055657602413 -1.3744171658587345 0
6.25785055834928 3.1570092928271625 2.3897947691119406 -0.2083236600595857 0.2706189807667283 1.500903895303106 2.843129017701602 2.634685589840169 2.1237787460653523 -3.499401310892346 7
-2.794418634974382 2.822872086574757 0.4308303054258258 -0.2222915837816163 -2.7764097996492785 -0.8288102463695854 0.18409510935789852 2.058556536010417 3.727941197293624 -1.300951680502721 7
-0.45949953483693085 -0.9043070990845403 0.790280499245557 1.7310020835877777 -1.24979024188625 -2.6079828663908535 0.7371731311624365 1.416991608253181 -0.49373055787732967 3.303389740525508 3
-1.9015574231025458 -0.24248674033843676 -3.923769280791085 0.6587464085389623 -1.509273297043341 -4.280831574950682 -2.2167827895881285 -1.5667007174992165 0.8735249103241871 2.1679835134965453 5
3.982483241296685 0.7950987685385049 -0.8729708919780761 -2.44487090808222 1.3290062013027026 -0.19321676775489705 -0.30726647394505147 0.829364389343658 -1.079560603154595 -2.5548350945244596 5
2.0257893150584665 1.4586723018610779 0.8173961546824069 -0.33991901213500153 -1.2079163276932645 -0.6719116119827697 3.678743173253545 1.8876423481556075 -1.3350538437252606 0.4210136176091347 6
-2.344376288563862 -0.8880848480846504 0.8590027908824482 0.35013184601117864 -0.573209705455313 0.027817236948568858 1.5792294677928074 -1.0977720495958767 -0.12617198206167757 -1.2875802337270617 7
-2.086792578176257 -1.4363280750517773 -0.8820430154055228 2.9248307632007506 0.5885754339834919 -0.027561764788551546 4.008554290645623 -4.527510644187851 -3.752849244255178 1.0463974085106327 7
0.5506412223799158 1.526119574715138 0.8045367774034183 -0.1841333339073299 -1.7148342610126561 1.3568348714438323 -1.0518441542855317 0.2580912123617487 0.37160151750359716 0.01123649691207218 5
0.7662885994809088 1.781425789321125 -3.722189219939023 -0.9497707991086002 -1.3272806211709318 -3.298171883634966 -2.0039192672745703 0.8260762847523717 0.6654819064521533 -1.0434470764785693 5
0.5837517115761965 -1.9454526714034839 -3.1493670647657925 1.2535958208615494 0.14687476753105866 0.07343960323822496 -0.5390019647171174 1.1479702006392136 -1.4273953015653917 -1.783878822476674 2
1.8846850150484877 -0.24729457151510337 1.3645719851538018 -0.9213698211003909 0.39782194290062933 -1.7897778094455261 1.7723526663673508 -1.9611558060660395 -1.0150533314456878 1.6653903003976496 4
-1.2044096661360344 0.3393089117533973 -0.8464303431510531 -1.3770265826348276 3.620031068828555 -0.42489133380043786 -2.156675264454215 -1.0761371459744598 0.1736896350199657 -1.273250896072406 1
-1.4543548530531576 2.222119624231005 -0.38274928090765603 -3.1940216327131115 0.17131961376464389 -0.9903702031572016 0.11433737423655477 -0.7382373518847299 0.6067666972263004 0.5611643943991034 1
-2.980245339689395 1.1024077897571578 0.7502017094084239 1.2995159192669603 -2.0088307195310264 -1.6866917910340145 1.7568950528022116 3.721929981935766 2.22460326254229 4.13515413585631 5
0.7625014158289176 -1.1553298775207748 -1.2637442835248023 0.15291469427851567 2.7787847467714895 2.643062748260111 -0.18576303588676946 4.42762728798575 -3.5154137898774893 0.9554938871251674 3
1.6702239317733438 -0.8619673393884724 -2.5094180737538085 0.03444438919517423 -4.114721334576575 1.7050187429282477 0.2845053846844958 0.8097428210532754 0.22251617821904235 4.922378416548094 3
-0.3877491962313042 -2.4652725078480247 0.05632322489462016 -1.383115862859952 -2.3066090423129912 1.7476632381444603 -1.3181575067406643 0.20340147040167345 -0.5390042928321637 -0.1933971656814032 7
0.344558937362224 -4.52294882436625 -0.5957244406951772 -0.13726717747185302 0.7995826259202079 -0.6074530875185462 -2.03652942278823 3.2691958862737174 -3.8275117433146963 1.816805688007047 3
1.4104931670456442 -1.1231808153781349 0.9562904643157153 5.540311260113358 1.586499347799394 -0.5979016259393426 0.016413095854667326 3.718755154809091 -0.14329097107465816 -3.378300500318157 3
1.4743731644236209 0.7810917289718211 -0.6233762700745487 -1.0000456896962315 0.4671982694937995 -1.3852773208128397 -2.3141326671642495 2.1316762691229565 -0.946152676617397 -2.0433609447128798 2
-2.4936533340340934 0.08830579384760451 -1.1614106324733182 1.4445453578476601 -2.035946143342911 0.0698830472520593 4.267578448421112 -1.221553400737474 -0.8634963585238473 -1.080631185604429 7
1.3015396001922515 -0.6995164559160718 0.35492902757393274 -0.42698307610055053 -0.4979732296709227 -3.141040260087524 -3.4813870972447214 0.9489648634810632 -2.7019266479149104 -3.1650770502291254 1
2.0310029159067096 -0.1585558430379861 0.48613456266447685 0.45889953093755675 -0.01284223902012771 2.124877261121723 -2.153660545969405 0.6739937236160249 -2.0516398303881016 -1.2502810620299751 5
-1.3053047379284044 1.2850005275599874 4.1669368442393875 2.919550481248544 0.658178982038623 -0.35655452679154054 1.8341431712912222 -1.3447444976864316 -0.9658689012992808 1.3512731139479615 4
0.39684250606665483 -0.9854670136186334 -0.7542163825787048 2.5039465879166665 -1.8652585966517234 -1.9774910479670567 3.4157778964912664 -1.9106879367927343 3.3874691635511756 0.5790211754676599 3
0.25451596448182 0.33461074535460733 0.24390894377076489 -0.620981217482042 3.478419956178741 -0.8294259024386033 -4.350456237515004 3.230113990918888 -0.5204743730847825 -2.8268178315900703 2
2.659205763612296 0.5261025836289086 0.8214170482140427 -2.236616806901836 -0.44416329202282623 -1.8322091375753216 1.0804125254958699 3.9434404261408806 -1.857276565077561 -2.0140106152133566 7
-1.8795164629572896 0.9589629429731619 0.9141247419141727 0.6670081239407211 -1.4402943855628652 -0.12748614801293168 1.6958150249329669 -2.4905108604790565 0.0763649198515195 1.8117939207943299 3
-1.5733303770677618 0.7232115491665936 0.06553110576049337 -0.2048068713186746 -3.489830340213498 2.960017277567929 -2.527700150422036 -2.1805791545609328 -0.5020888191424355 -0.1280691097867087 5
-1.5177206496524032 2.1082775743880893 -1.5400279279741804 -3.9718081113982144 -3.1763441650756694 -4.334311356007586 -4.172260875079802 1.328536065063288 1.8164322320928252 1.869981850857084 5
-2.664334340818477 2.143035347053893 0.86728686974388 2.610794350113776 -0.5529354247775746 -1.4406607731110754 1.069702376755691 4.496995016986929 0.15369905331025668 1.40011483468512 5
-0.9245349178571605 -1.3419393429618527 -1.628112895161727 -0.13457167171759954 1.9576999574168823 3.5021216981117154 0.7533412025687234 1.833957632097472 0.9408048489349919 3.853944507990259 0
-1.2823693058849535 0.0011407488543421218 3.05015201614661 -0.41768068102553135 0.508122276091117 2.893750119822771 -0.2994732882060982 -4.5132091500801605 -3.0597614923970045 2.8377000376293777 3
1.0087134079702504 -2.1958035742364164 2.3542758119374207 4.30642286292099 -2.2545875386741043 -0.8893377800559142 -1.162470716395842 0.23452216657685354 3.8651311219130897 -1.459501713592359 6
-2.836691421352658 -0.4058228395415677 0.7939503437701987 2.171967244624728 0.31881130036027705 -0.500657553308224 -0.12579055795287086 -0.17646981898636915 -3.526206307561582 2.639879996095878 5
-0.41305893932911253 -0.10805824253043106 -0.6724500954967647 -1.764718953970691 -0.20909425145521365 -3.2324111506818065 -2.458268387646101 2.713826379236702 -2.197281337075447 -2.5850704678325247 2
2.0685676766851557 0.2910133844917384 0.45652796949759655 -2.6262551495592534 1.783683492059415 0.2876325122457787 1.111697608830596 1.4115453566172356 -1.4279939280642784 0.503928865916029 5
2.0040355996826724 -2.0049784296668074 -4.811407722659551 -0.3206971840524555 -6.525477583059822 0.7146829803720196 2.481272010789221 -1.5665776058248002 -1.0696666934672758 -2.3020113009365213 2
0.18934424284324713 3.187049178522136 2.8579414481097034 -0.6768739832716084 -1.8727014320821818 1.547706680563024 1.243671695259685 -0.12251860960105865 0.24176701926180455 3.203257985088977 4
0.9840715237896771 0.7910956004406848 -1.1838419345481563 -2.430622334334892 0.35505945050694754 1.9027923521267613 0.7998866783912633 -4.209000255532887 0.8062487792310089 -0.19949272728797052 1
4.028571977421192 -1.4112247878191304 0.24843560393258968 -1.9640312438738017 5.8511635479128365 -4.029427904069915 0.7550584902024201 5.712184180679351 2.9404338507908427 4.202072889566307 7
-0.6857170745947896 0.9141275918652719 -1.256561912251834 -1.6860445107425441 -0.7669042835272746 -0.10807090718883872 -0.2863873753128424 -0.9687353615052487 1.7239306867822317 0.13776870545821018 2
2.3473615355239614 -2.6317888215399554 -0.9365832747731999 5.210548925991935 -4.104353560438824 0.9803462682510058 0.965896302009367 0.4325214462040611 -0.5584647382958279 0.5699044229269952 4
-1.3198228660618176 2.7766710989988734 2.140689723698715 -0.2217011446816557 -0.011385341104262814 -1.911033578181974 1.1771686129728147 -0.2387080996201656 -3.025658292313819 -2.5802600264200453 2
-3.0055121767082906 0.5575497202980972 -0.4524146181765136 -1.9327839538060068 1.11255584082251 -0.5296762260425887 -1.1109792086713652 -0.44310152744052167 -1.6680935300187199 -0.5787118884529414 1
0.4178481000211829 2.861120041024706 4.156412823285942 -2.817752223504403 0.8615262080665772 1.5296573198120158 -2.642841902229802 0.9965311071235511 3.2945116468452054 -0.07906309265777467 6
-3.202011829628841 0.27445839848330256 0.07113533996439836 -3.964256009542754 -1.5457671672888749 2.8195472060322304 -0.03791923901947969 -1.360271307345882 0.7811216151616119 2.7072105154041313 0
-0.4689368504953598 -0.6716965871738867 -0.355924526150208 0.3300283932212187 0.2146619961846965 1.9413147277171963 4.034865909269426 0.039645226308733905 -0.805296071563933 -2.449220391956578 7
1.574164733806524 2.6519126357821223 1.7938084128915888 0.06446093265035935 -0.24579743106053065 0.9826602338119768 0.8911117148415182 -1.4530423928938447 1.499431755953923 0.006083418210381719 7
3.092234832391617 1.6048612971515075 -1.9831745611429326 -1.7446568822017139 0.7657869353797924 -0.5672944104022812 -0.04905738352044542 0.05378414773962059 -2.1588783061836323 -1.8861602768385795 4
0.31075583672037865 3.5682467493090226 -0.3138612544361319 -0.9943230252444678 1.5538880965948123 -0.5767232422163491 -1.2542132506438697 4.8351955390116705 -1.8038685834603334 1.8526075130943758 0
-1.2446808179710778 1.626371037142254 2.1606320960337286 -1.9796799740563844 -0.043305713322027595 -2.08556655356465 -1.187304363255611 1.5687272744289418 -0.9839542410906693 0.6750983394034797 2
-0.42542149032377563 -1.7364234261978364 0.39586147253700454 3.0178486660102597 0.608026656027453 -1.4268017064480087 -0.5175030784868602 -1.0734473259715873 1.922773380886208 -0.6081233004790769 6
1.9370413607559098 1.4507278618207957 1.3988065147014894 0.020613567372568697 -4.409324938733523 -2.7064774685265487 0.03828813045515367 -0.08292849812214853 -2.470999519915633 -0.5310211461144385 2
-0.46165759277837926 -0.29913518290414554 1.350464566935849 -0.1610470451786271 0.06747644856019064 0.47786907466531536 -4.191627604357691 2.7731978762978677 -0.40546961472861875 2.9463392271033304 2
1.113750311688446 2.77233825525238 -0.7499997855780233 3.376016364249728 4.827500205927932 -2.174502696617976 1.010877443529457 2.234161188744251 1.4641685677251517 -3.1297656241520664 1
0.95883565617504 -3.700288384727834 1.6172393559112885 2.4506184325087323 0.03002925958172642 -0.2872646744370059 0.0259813114634313 2.1466847278855044 1.0226175358931837 1.135522139269501 6
-0.9953869023281822 1.0505342564613191 0.6486420175678 0.5716911577913335 1.1995557902601672 -0.5958281710188895 -2.9073860532580165 0.2666424000989076 -0.7484010803292 -0.7960229381328365 2
1.0094909316689662 0.15816199464891723 2.2923187941866203 -2.3637133654764337 1.8412460774252162 -0.16295776113194516 0.8505785893413491 1.9385469354514202 0.4947901659868905 -0.3825064603052395 7
-1.864483444371289 -0.5760143536197824 2.5535496042056267 1.2468968393214732 1.2912793303891048 1.7193130684655913 0.8387959510638707 -1.9044532179051847 -0.5705614677471134 0.5038775022627326 7
1.5358939228734694 -0.38709386403234136 -2.148328832391231 -0.7093452883758071 -1.1083444108383667 -2.078572404507891 -1.674372654380964 2.0855533914333284 -1.547857860720478 -0.8497698000865531 2
1.6271355472044085 -0.7558960544889011 -3.0644188771632574 1.5014403090852237 0.06283996499109157 0.197539774193091 -1.5018441656661192 -0.25147794505746934 0.26984303955791444 1.4791096517633007 6
3.7054924055301224 -0.7646993534604816 0.47982466293869397 0.21585184919240907 0.043757211513925975 0.20911175304497642 0.21695192058871082 -1.158413762563348 4.199965298589456 3.0323918972766752 6
0.6634464601666832 -2.0539023872655484 -0.04518373252877872 0.6185625525239187 -1.5570694961474119 -0.11758972879639851 0.7673148222286104 4.774762508470701 -1.2496959662483182 1.9413619227751233 3
1.3205829041824655 2.622068552336343 2.409550554405873 -0.2987579178842076 -1.076733749035312 -2.3958865109715926 1.1832965940662172 2.414693300222204 1.338537449422165 -1.135666880804794 4
1.869219199609966 -0.01166053352370855 -0.19551290540035082 -0.5748035081309335 -0.18922348738647432 -0.25005887551783135 1.564088963563317 1.3749928899653332 1.7981300398804887 1.3380604809263983 6
0.6382063443930042 0.25813564514053744 -3.6246439805835844 0.7756471152819882 1.9478709067918758 3.314010731189553 1.3091726514555881 2.3205192313436034 -0.28427594780403775 -0.3768242536955062 3
-3.512427947836417 6.167908138849446 3.5900294713745886 -2.4052096653865016 -1.8271625363462016 0.3832822635940042 -0.3885034702827975 -3.318385714587969 2.0240349743987083 0.63024117535787 0
1.7230135311055046 1.83037104462504 -1.442607642466427 0.0514840653053652 0.8609167615481892 -0.9063163770846622 1.9183310148785333 3.399014785191156 -0.4629762059067921 -0.602980950439981 7
-0.073082147106736 0.078409236613594 2.0082912973924096 6.923405543199948 1.3042875086326253 -6.047034043558172 1.1117894941755506 -0.7482839213621031 -0.8723653402927287 1.8794692260966097 3
-0.4606324521267817 1.561683129986653 2.753563579139798 -3.5673667301010514 -1.560501910775268 1.299481421055858 -2.0292702935961686 -7.484382923593409 -0.04076816105240466 2.348744728031489 7
-1.0756702712006776 0.7002313782266534 1.1376649606098639 1.051588034731597 1.0484045267793596 -1.193964008171232 2.9625080154295746 -1.8860136349137244 -3.392996276551345 -2.94556937599849 7
0.6802304764619784 1.0436599150131594 2.7817529398172356 0.47055961216081355 -0.1480406955534973 -0.5499442876947803 -0.7340324020655788 1.0154963618499087 -1.430911326926572 0.8180213677342913 4
-0.25693698902898865 -0.5541637459961353 -1.9798115899453625 -1.071350667066398 -0.8422995053813049 -2.6299525359323916 -2.0012825951024213 2.0182696510337808 0.8754240788624705 1.1512919703092468 5
1.1565245649982998 0.4014725728466014 -3.491598384930264 -2.3345271018898455 3.436712300766258 -0.8332774791173214 0.12573582347029277 0.5434934516609224 -0.8116841650196507 2.095468750377373 0
0.2405255567283715 -0.7268517001994119 -1.799416960303437 -1.814159296279604 -4.163317319114574 -0.8649500720098404 0.9129824642215705 -0.9957613491521571 1.5549494005930913 2.3477865821817088 2
2.717702830968225 1.5492894394330443 2.2679841413451474 0.36509333523236553 -0.8553204762457262 -3.8293548180013706 2.735967756615265 0.7311865673148165 0.9598240951431515 -1.3115416078897684 4
0.8882019562323518 -2.7990223686330316 -1.5023904384949014 0.6807696472322665 -0.03190306750466354 -0.003764055367351471 -0.503726554352341 0.1182530512113451 -2.7444359222929986 -2.751865609391394 2
0.34338651520145236 0.6783099618294824 0.9901965432749209 -0.5939315381497834 -1.11488012563264 -1.0868576074532887 0.19657792220696946 0.8330526618434402 3.1287092105729406 -1.4108325715602086 7
-1.6219953447399043 0.684090269864982 -1.8909383590559514 -0.5235906256213039 1.3658675253988004 0.2685919800391512 1.1633639937173026 -1.5392647265719805 1.4365166093206487 0.2012015648236669 2
-1.8281833269420282 2.8497465499945998 -2.384884338789078 -4.236406421044624 4.041575058946003 4.02485764904803 -0.4636676572531504 -1.5516449709544355 1.8228164637474342 -1.1257133651417934 1
2.746420416783033 -4.732208788807943 -6.297215173601442 2.3562042182423886 -1.6091004735794512 -0.9393286051692091 0.2721336003597068 0.4069626678525613 -2.1018621846090286 -2.3574367970623946 2
0.9886416714862005 -2.3903358145460465 3.280031767047976 -1.1021898798572116 1.2123917493585519 2.5379389050459036 1.4196322018507561 2.231638392370807 0.8854278852003389 -1.736521771612606 6
1.347716391973592 -9.13257518337308 -4.788038922093233 -1.5975088012462666 -2.841775751876366 -2.2317924823591344 2.544429238793435 1.9429248138051762 -0.07447965383422184 -3.724128405496206 2
0.005442896990825341 -0.5595617550512755 1.3470757033560927 -1.3006942942266493 1.1250054345226115 2.3771702527155636 0.9401572257746568 0.3085318606863279 0.8069292201347329 -0.6489040472530087 7
-0.8698520814746984 0.8725473701596493 0.27409801006756385 -1.7787101868619448 0.48739193879940634 2.0628166506015395 0.9586671987169335 3.4629948411733213 -0.5510269115334789 1.6216532723334223 6
-0.1302814021299603 2.9705431153482857 -0.5584488237846256 0.937823504217276 3.6292828296790423 1.0149468568867728 -1.0150657579187095 1.2252097290009782 -2.244785058339095 -2.233538814024565 2
2.1432090484833473 1.022645331203655 3.3615632575590446 1.0425094508803634 -5.036235826834526 -0.06637074209953031 6.615522256680059 0.6996543117758649 3.792941827103182 4.030634360191259 3
0.36318413609041234 0.5650595833491017 -1.005809205071926 -0.623735582149471 -0.770915364520117 -1.889831006246554 -2.13497179918644 -1.1506179180069132 -2.9506717945291303 1.056811804288602 1
1.2087901619241601 0.07050782292451574 0.5356009201999099 -0.3787158986133282 3.88612441971453 0.7392712899234046 2.396341254552293 1.2229322541587688 -0.3987498721480949 -0.04351633616007822 7
-0.3437314174887084 -0.49101910109233404 2.421726511319614 2.0623533290608895 -2.630184961048548 -0.21752031018284834 2.1460536355289292 0.4493423750734131 -1.939704219728778 -0.9821016459760152 4
-1.3378282681591362 1.1653093296129138 -0.10765616489035001 0.5707511761404624 0.29995835638701995 -2.0146618209555727 -2.085353716524417 0.5674937600060592 -2.6861290016332013 2.334812710420119 1
2.490343485795554 2.3557329111862693 2.737542157090846 -2.2440728494891022 1.5669843315068896 0.7470291641277411 -1.3693325610821994 1.8541681053537395 -1.8066372084777687 -0.022381535148188858 6
-0.393125952626566 1.3233937706635395 -0.39249318844648684 0.22597970674846168 2.655448914195458 3.5540688449855486 1.6975941741243599 1.9221360564922096 -0.2605678508401763 0.5484220117147698 6
-5.155109199351703 2.502149257968025 -3.2957360156752986 3.029455937044894 -1.5823193606847594 2.942185617100841 4.532858571999645 -3.5937071272662564 -0.745378032785398 1.5229502309346252 3
-1.8195428673219771 -0.011263591765027003 0.5889286900011459 3.0073529579902583 -0.7399004731179213 -1.369715756137386 0.8858991897334256 3.5082326424736148 -1.8335446657865169 -1.3428306465959308 6
-0.6566482797812225 -1.9936078004885973 -0.5731643423142394 1.0759952754451634 2.1396163084892406 -2.191069119304254 2.271680896087413 0.24397958979150747 -3.0464003058092124 -0.24792619445603747 7
-1.384144001116193 1.1573988675132116 -4.336412422377448 2.928923672928809 -0.18685434888535124 2.5690401499656996 3.098074891706624 2.4122983469736736 -2.0099549365236493 0.4690413024772939 3
1.3220897484441503 2.9499924420772423 3.0157005629873423 -2.6199984097754805 -2.7870965823871887 -0.6320019847046192 -3.5278923415700354 0.5575430089764387 3.3732568728711008 0.7119381961093338 6
-0.4954174157268352 2.4718101485598973 0.7952063930306557 -0.44946766070145516 -1.084028969300448 0.19246933018306822 0.4788216434243955 0.8635944914492699 2.2883757576246166 -0.34144667536478224 7
0.33937851041220857 -1.0991734231349801 7.831110511973813 1.1405037859087606 -2.387520777168226 -1.3795243008447522 1.3147789523336948 5.15054771118404 -1.152765869995267 3.941219852999763 3
0.9258053155932306 -0.4924082856957541 -1.5452851886133716 -0.809092551132206 2.046343265972066 -0.8152156177269635 -4.552344800045885 -5.021734974989086 0.851855230791563 3.90332037299362 1
-0.8845893325250426 1.6012060693275973 -0.9373994832640742 -1.520847566176677 -0.9629765157170671 0.22787921105700293 -2.1907499142625886 -3.07583965613846 1.238110059051431 -0.4597668834759192 0
-3.087567336287714 -0.6222643615117405 3.5337343959021124 -1.4742314436595045 -0.3933975114833109 1.20457197270835 1.4133495595770902 1.3844104659648595 -0.714915065647345 2.080182496017569 0
1.0070971123009762 -2.0534450145761145 1.3920042819218064 -5.806310194005369 0.8817031309717954 -4.020607561743693 1.0727585714018435 0.533973483511543 -2.357357428147393 -3.20751547061253 7
0.6748391100032394 -4.519361594991199 3.4989902966895405 1.1583661422849556 0.30939414226225725 1.5169799497227952 -0.5763173032113815 2.406673391638499 1.8374303718529865 -0.04628121550423936 6
-1.4702903722792833 3.8333933834980645 0.18069828369644103 -0.5698601523939049 3.20953000133908 1.3185274969858525 0.1237941735425252 1.0650737693044008 -2.4633180659189615 -2.715928994048767 2
-1.6959098371162535 -1.15674345036583 -1.5905762210770713 0.02377706574965932 -0.3578278750640471 -0.981741977743682 0.7709917481243147 0.38687201525510073 -2.337879653730706 0.0036103477935779393 5
1.7078165472860203 -0.23347943087339562 -0.9163497119803987 -2.678320277639891 0.8120827392006709 -0.6330732147249885 -1.4791886516870065 -1.126109073988282 0.7293739430021215 2.863368157026211 1
2.0481740072585755 -3.780064884210077 3.2339579026474246 0.6475218096649407 -1.9987478080415162 0.18187740280550324 0.4599292464969995 2.3919533886132975 1.888423147729982 -0.7191582024522385 6
-0.23074852361290854 -0.38528738288609854 1.563292338419271 1.90301786261247 2.951612877748583 -0.9519889161841961 2.2948180872198876 2.2753919739897035 -0.06818307338687346 -0.3036456737658174 7
-2.96475217192848 2.8063864935616625 2.6887582013419893 -0.039333898501360265 2.800705110882987 0.28332765916002967 -3.3798296421362775 1.8510474883895178 1.5810599281715265 -0.8010151681053024 2
-0.37443399529744403 1.6595714703875708 -1.9044630257825528 -1.1552431293566325 2.8608070296046364 -0.5970679493452522 -2.3915977562536574 -2.22083560735914 1.1120132211445033 2.7833331641253167 1
-0.9394153321878225 -1.8925463080975877 -0.9774655875073617 -1.2131982340549685 0.9521876775514615 -1.5413022154386438 2.108842607254048 0.7130053780468659 -2.5444646615362796 -2.4198849973534213 7
-1.7786425688725291 -0.4802551545225102 -1.7089903706383738 2.0996777551224346 -3.281407405643709 -3.110926981708437 -1.8264550187899826 1.254772111349617 2.477551111500927 1.5511913306490988 5
-0.17327095673049353 -0.5460908135620826 -6.392048198420472 4.3077181348914255 -3.800198847929417 3.942279975333911 0.7484505560481007 0.5141151166385592 -2.877251243348564 -0.2454463005419506 2
-0.9869360955188615 0.27862672442949354 0.47969604236456864 0.17028105771999846 -1.9625461209469417 0.8905335369867471 -1.0993857838618297 0.9438844344847589 0.065881933796343 1.1660845429331586 2
-2.013669506484358 -2.732676305427579 -0.28530857113527985 1.1380982694634323 -3.123033366329685 1.560545618456076 -0.3706936803667821 0.6089164435873422 0.8133511135422997 0.10442947663475644 0
4.626259515617875 -1.5924652288064451 4.130468537783111 -2.4578644079330347 0.7570768789443135 -2.3303886768506583 2.3032587277431342 -0.2007534705238705 -1.0186289248183735 2.1944653744647042 6
-1.0390085185174691 0.007576534150493863 0.9532283538537977 -1.2352991766588928 -1.8490199231325106 -1.7538232580685675 1.5607648826912404 3.9136250798794925 1.997710780402627 5.58665684351888 4
-0.8111489317611457 2.0171517941189707 -1.2710510644217337 2.6157649376312277 -0.37259225757012604 -0.9362257372243149 -1.7155867059285987 -0.8196280508246165 -2.855010554117346 0.26627956538602404 5
-4.730701534149414 -1.3063529475543518 -2.8600910973354763 1.788110246844537 -1.6940844080568656 -1.7764907254019404 3.339570077076756 1.385025006467003 -1.484734247761809 1.3767358135605101 4
0.6233744706354416 0.5956609177398766 -2.0871195886795224 1.5488942503695797 0.3171243916901334 -1.0176871968792642 -0.9490536607665006 1.0382418356138305 -1.1022731702005382 0.23427052577400742 5
1.4613507774788 -2.9582879972023517 1.491771920011105 -0.5046550599921708 0.8334732826756388 -0.3171258822139186 -0.7055404605006905 2.400253673468634 0.08484923002599576 1.7994902122128642 7
2.1425038696520247 0.6584487352948176 1.4523642814442874 2.59566677737022 -2.6268408657085764 -0.12856462229805155 1.1137645570817638 1.6199260715302173 2.3298050710315366 1.1249456292836748 4
-0.7782416585273918 2.4155413488604927 -1.0366291329565198 -0.29752079238545304 -1.0575886535563648 -4.465809553079237 -3.7166128875733633 1.214512786633184 0.44477636543435106 1.4751132467473478 5
1.037294733973035 -1.531201339533009 -1.3166440589409847 -2.0039602873628066 1.2324685248470448 0.2843197568934208 1.068162276085698 3.4686561771861406 -0.9522103171222546 -0.16297975951536958 7
1.2111520239496727 1.1999133287298696 0.3241376261399479 2.1862261104628735 -0.6955944183456245 -1.1914382069723177 2.3936584360656505 -2.365935594759484 0.26928604261017464 1.3576648477779014 7
-1.63518799131108 3.57753590944412 -1.4277349570460653 1.2485875356174594 1.8287217598032837 -0.39654962373828395 0.18005798198980094 0.1593050608934572 2.172251342673622 1.437778190184825 0
-1.2810327664986072 -0.1343038201342348 -0.6548673678302845 -1.088544485471433 -0.822786513754987 1.1370471918074585 2.3448058810313013 2.625353426041882 2.372393676568189 -3.7919984842995924 7
-3.6336630463187896 5.564673781895112 -0.231833034861474 3.7741079054809092 1.8828496575347082 2.7354926082103983 2.4066833676590953 -5.484590787988902 -5.541329818459839 2.6897035386722754 4
1.1037295558896538 4.640795558391748 -0.03548718586522026 0.7252294064511757 1.2791489592560739 -0.2875761310331051 -3.0836790252568855 -2.7675001450149237 0.43866358553451457 -1.689383173550914 0
-0.9661319268049904 -0.6210496343746851 0.006634245442421305 2.170740679828195 0.7879746786968849 0.22993093537172693 -3.6218999650042947 2.614176599606589 0.17700711406292968 1.4033017657953115 2
1.2647151999373842 2.4825114213790744 -2.234905041881873 0.4349629026767572 3.8899702719818183 -1.5812455742895108 -1.9765735456887976 -3.7093845182193137 -2.397130648441344 -0.34682194900755836 1
0.7459175491807626 0.48665699773933224 -1.9110223504144601 4.286105651435509 0.8321155090394783 0.32988667947220074 0.31618154255783515 -2.5661310574207215 2.2475244630422697 -1.906397880131807 3
-1.2335028408430135 3.7591281800362144 -0.053588166652519975 2.589374599083904 0.5672958772984023 -0.4095041033603244 0.6290698176655929 -2.451013852248204 0.38106484056436507 1.4153110433595486 3
1.2678556239220646 -0.21437942659644915 0.6235135926428097 -2.6706725457765867 1.6637876483244862 -1.8707227785132492 -0.6917532620192575 0.27756579523658065 -4.015266414844486 0.1918796369018012 1
1.2901932307259778 -1.149982548199953 -0.5997851895272012 -1.0233658274887434 -2.4541803401763254 -3.407251061293144 -4.451077883269884 3.4399066577979873 -2.325021167700389 -0.2570707430549778 2
3.6331278613939912 -4.693212944552254 -0.26839076937724815 -0.16038605492353186 0.30339170775983804 0.08416144995547348 0.11079248371195916 -1.9477699612971429 1.0101058475844313 0.2687735318609671 3
-2.4446234982297845 3.378048670386309 3.3799389356753897 1.2360771865961868 -0.51322793123571 -0.22137217337538573 -2.5685120444903675 -1.8131136498760867 3.255509176272568 0.13867869052768977 5
-2.214894840754049 0.5058633226306639 3.903000470072889 0.6368347059904276 -5.539648958484934 -2.6491264121816727 -0.513415846923932 5.0897272641914855 0.9920417988494714 -1.240503105494839 4
4.216346991397582 0.5642921984451159 -0.5974389475142141 -2.302669477693102 2.3549323998500666 -0.5399360833285256 -1.0902399321202594 3.271321969678517 -3.356868691533469 -2.4731860254930496 5
-2.4127289242183156 2.0556915570813477 2.387863174690824 1.703250232134288 -0.26197331017780123 0.34124335519666804 -0.36004640407744515 2.430652704917581 -1.6455457475004964 3.5890427900259514 0
-1.1481200168783525 2.0781220747105795 -1.2356461930844582 -1.6107878317711928 0.6888598052489417 -3.09745631137555 0.1473343250221555 1.869550576599004 -3.036308892924102 2.4207039748204555 2
-4.212138133619519 3.0600538905872283 2.065007918298349 4.635883804135267 -3.5059787591579936 1.0639596816692984 0.9147340459327327 4.798830945486227 0.9021022693599512 1.663197639050583 5
0.8869636314394167 2.5299689972219204 -2.41314949844347 2.181278727412205 5.32387207069692 -2.168884186760733 -0.8859275435030606 -2.2653958833094032 -2.395748467432086 0.13520237856814954 1
1.0017895975666589 3.579723407603609 -0.8773088856260918 -5.794695787248537 -0.11211025291905397 -1.4198166491134323 -1.183522706870409 6.042848634970861 -0.08409615100056456 0.839306759566314 0
2.1585693348428565 -0.6368061250790387 2.0152481875964923 1.183749359294326 -0.9194638011531571 0.23674410069164953 -0.8208257881773575 1.0367660513468306 -2.725431362201761 0.8775506103857976 4
1.106849654779983 -1.5140022410198108 -5.3492980133836765 -1.8326178200340228 0.5859926528503446 0.9909350040941357 -2.4436475185293176 -0.7063127601186314 -0.7694889892036003 0.7262509253804896 0
-0.9784772434401956 0.8336240776669811 5.711820689318219 -1.4839614108033383 2.4534706479129644 -0.379596497173186 0.4308814069786773 1.838354777230506 -3.290341899293558 4.252544553959202 0
-0.6548833953937836 2.6958757073797566 1.8204021877280367 -3.2181187342480135 -1.9350861633746859 0.47311076938243013 2.6931785076860644 -0.979968607785517 0.7846500052602337 3.1449579057820864 4
-0.10142276019675478 1.0776462514092446 -2.294705167092715 -0.2430155348334997 1.2643832728089082 0.7215305456562677 -2.715129956062924 -1.2210300978437336 0.18362732127720016 -3.0559318373672264 1
-0.8588913797116522 -3.8105232581080783 2.625271619985254 3.942589361679487 -5.247317695334833 -4.293835969200066 -0.6859229359124281 1.0584054370929952 1.1311337913928874 -0.47642742331981447 6
1.7248342700288124 -2.512850918733572 1.6867202603165743 1.7200085533026774 0.7986792736133506 -0.41062311909823324 -0.39587660865611585 2.874121801945863 -1.0454247164994794 1.2216908181690358 3
-4.1122257929877355 1.0885595017662313 3.3861701791435586 -3.875408363437451 1.6200523458020095 -2.537093680709323 0.8477030260774001 2.9605411644989554 0.955309285233795 4.584839129489886 4
-1.840054147420211 -1.3185502112842309 4.9909551836726305 -3.26649669697062 0.9235079648528384 3.439093877725827 0.6934299730493146 3.3483160027015537 -1.58095353482218 -0.21683700688226537 6
-0.8626097660248725 1.7535693505657293 -0.05323890254534036 -0.15837414444822517 0.7720616282575374 2.959697982084136 3.0295867010352233 -1.6103725340804913 -2.6371545369943 -0.7484153443753099 7
-2.3407693215471364 -1.9813335911872754 -0.907729899506741 0.6376624087819092 -4.111384582575773 1.3653131707692188 2.027346174816109 -2.2866734991247095 -3.1042529205568927 0.4811866604890206 3
1.908227764337694 -0.2679828728163598 -0.16711507032702255 -1.847356369394689 -0.8733816293891692 -0.264491838672281 -1.028004303800942 0.3203941434381107 1.411984957776676 -1.4831934645888567 5
0.18247766480911698 -2.5881265777889504 -0.10864232098234106 -0.12227055161701927 0.6688544858963286 -0.8121099564908419 1.1644505490933887 -0.9968132193069255 -2.045021663047413 -1.7499157467222675 7
-0.8803392588104864 0.6554413905020291 0.421402415800592 -0.4285737017762986 -0.4204020644784303 0.19356320171087837 -0.4196165811618988 -2.0659473067479865 -0.3754599562624328 -0.9117009152477213 1
1.2693650578187339 -1.9125664673635185 5.175798932458399 -3.2540510820377717 -1.2919098462209617 1.991764726183665 3.7149267882809127 2.469945736570179 0.6853033618317854 1.056752323402708 6
1.0827283819386455 -1.7210394270558909 0.8579676589042575 0.23299644197968772 0.9862696862082228 4.672105240610662 -1.1105756806885116 -2.6677747589686884 -2.1133837090539114 2.106293658079228 3
1.3243874643457358 0.6926617565169604 2.1530814414170774 1.6209434789854589 4.2996039910176185 -0.5786046888012071 2.7635152788420267 -0.1293215767271767 0.46705209178816265 -0.9123734932805513 7
-0.8079554362598593 1.829568175663125 2.4105933104697748 -2.4696675539608317 0.028479859012272568 -2.3064922126735667 0.03660668888751162 0.09897462832895354 -1.4201625085365517 1.9093482748573465 0
2.579440271938958 1.4487536442347468 1.3264876151076614 0.6591290001748829 4.409146012344717 -3.911556297430205 2.287204484947092 0.24071730882190057 0.08722483209211584 0.8098496837592011 1
0.8731506837583964 -1.4125171489386 3.205774383119475 -1.234578764962548 1.8994113468522618 -0.18969647316114147 0.2323466432435728 -1.193099148107044 -0.6738061887075687 0.5508289095582315 7
-3.581487733567483 1.3118838016912089 1.8973141829166678 -1.5879763045776705 1.7883016630073256 -0.48844030815375217 1.0358874888068208 0.23642824018197495 -3.4581189084180273 1.4817006364721723 4
-1.0593143519955326 1.6788875141116795 2.8664694756129876 -2.1654552815978967 -2.3148166555355774 -2.2131909000010057 -1.0594253502192745 -0.2821737567906859 0.20852150680361992 1.0774913692914923 0
-1.349898260975861 -0.9268363704443221 1.8795563686169996 -1.2977910538575372 -0.6962857709737403 2.971849835621181 -4.085468858811473 5.422164507068392 -2.324214409110192 1.611543168049432 3
0.18819947543621018 1.6287132077409145 -3.2336231325824 0.5325296495626515 -3.8254526547490895 -1.312775761756127 -3.8756942974996615 -1.475638870024921 0.059183834540457836 -0.7407920250245472 5
-2.1737934026918335 2.582824098269649 -2.071780196523588 3.2838691412569734 -0.9939393366813304 0.15850216886780943 2.9821376068872913 -0.13380635549383812 -1.7369966446117573 1.2347670109369213 3
0.9793426527022795 3.6037588141877115 -1.8233946662822715 0.3776293252943843 -2.7605774539276378 0.15970363964313417 -2.979653593501542 2.946294743862544 1.5625015569711302 -0.25858960853281876 0
-1.1705429701255725 -4.69234412285121 0.5215891646213566 -0.5241474956502179 -2.9150022781427687 0.03711783754951803 -0.8628233577373974 1.249318189425213 0.5911283509817575 4.2883039884379865 1
2.097665187811735 3.1608574262294415 0.30827306400121424 0.3993986800654663 -0.11163628172945739 -1.5306135266072283 -1.3001642913175537 -0.25551683888184606 0.4073191871035413 -1.280024819633364 5
-0.1912023690902389 1.3922161410588203 0.20139256928782578 1.6420369481911776 -1.5678325576095233 -1.0525726179091506 -0.8886573816733254 2.167941261066794 0.45779112167408176 1.9142575505651298 5
1.5634059253679655 -0.6315465931869555 0.8612271849231672 -2.6839416728142313 1.945682201563249 2.7546210122056616 2.607677175610753 1.6816232229826702 -3.2512955336458624 0.76441596309827 6
-0.6034514948876726 -3.5628967344405225 -2.733201951404362 -1.4144349241289427 -1.686512867694458 -1.633746271118111 -0.3439178068820914 4.054043573666021 -0.010973223593416348 1.572273922643983 4
-0.8449154246462275 -0.9164534379708438 -4.022914769010013 -1.7080400183355746 -1.5566221257196085 -1.7491100669102218 0.1615455275020381 0.36588733055413813 -0.16637914200731962 0.9012747038128581 2
1.520013327072737 -0.4039934364640607 -2.106270815648956 -1.2029942938342775 3.2876372409269576 2.4260076108694246 -3.3039064582818622 -0.1006073080211205 -1.6134838786065933 -0.1402970875667986 0
0.5019481038414552 2.4457231254673424 1.9443953240401721 -0.47197811574825166 0.9751125308427767 1.277560236891711 -1.4428192814454104 1.8975115608841888 1.0526694163827202 -2.647147365425538 5
-2.0337134133778774 0.4110753891723159 1.2691440626314154 -0.19868608567336288 -1.8775509293582608 -1.717065859313649 -2.1288338180290225 -1.0734089648251017 -2.9154893354203093 1.1530689429951846 0
4.037756981219328 1.7692660157673976 0.34719321867735964 -0.524411886151663 1.992234012062052 2.3341882690180586 1.587632803602324 3.1389041412550087 -1.3692094097399163 -1.0520883005963135 5
0.2859727129751868 -2.4652627643382936 -0.9600039683016621 -2.2976228447381573 0.7077343220191001 -5.229117426722546 -4.581180646433425 3.72908531108897 -0.3935407402597656 -2.9095387889201323 2
-1.1369729409780445 -0.19739896056844297 1.4943415906710955 -1.346136729205769 -0.9114787124665187 -1.7006370588341109 -1.0877320413834857 1.5680703697271525 -2.379435971532395 1.393242521519288 0
-0.12585920497722758 -2.461898483770184 -1.7714610001192845 1.2025838902468968 -1.057847428001666 -0.5417687566193059 -0.3353156173194305 1.7762569397200092 -0.9467307348648889 2.326666988090623 4
1.4263224961132057 -2.2297630736402922 -0.9614528444727208 -1.5716372046613531 1.7997805722488858 -3.9745670418019574 0.9482428107446567 0.7957389881433454 0.5581461491538781 -1.3511598373741767 4
2.011572047606476 -1.8653221049710447 1.6733440716054129 -4.491638258821151 0.04913379558593867 -0.547249333862263 -0.1258678826499151 0.2714415930207603 -0.5029959341861339 -2.4614374778381185 7
1.3779799182443009 0.10984112834003801 3.001268392686009 5.6144763788822765 -2.3687962014876605 1.2165425227213604 2.0888248354191745 -3.1453128878557655 -0.8724859699498334 -0.07545863929063068 4
-1.3533873129631302 -0.9401720921024004 -0.28366351368118004 -4.041101675854684 -2.1149908130193324 0.26479882760788676 -0.7137393113978729 1.830193557629138 3.169516955718764 1.1015850906756897 4
4.369271621999362 -1.3100681742839333 1.5441234803159452 -2.1750901299981704 -0.4711052481684057 -1.0401012328145414 -1.670095898558393 -2.0207673757251485 -1.2671422652530895 0.044339344914588796 6
1.7052526286553737 1.3021288224017722 -1.4320205249237459 1.9863147999936022 2.540911885975283 -1.537516696487406 -0.8773472693678899 1.6543720439980398 -0.5801842193304578 -4.310852042063734 1
-3.7177805151145384 1.3222427474330851 -4.319751171704565 1.1614020728600964 -5.356841631146063 1.9013212127708574 4.201814695803127 1.447403950958503 -2.27624087022949 0.7392916846471798 3
-2.286470685977518 0.2919439778042756 6.068679330703896 -1.490768102016188 2.612006569645623 -2.758950611832992 0.33146972169295974 1.4927923409117172 -0.17222590780011593 1.7086386313658697 4
-1.783249113677021 1.9679320805284894 2.32989244504917 0.490410468312352 -2.990829349057107 2.7269650009721564 -1.013690161851454 -0.817326756634569 -1.2971230302638719 0.2961529184279683 2
-1.2697787069128488 -1.5790048958971785 -0.8685542513654534 -1.0985886404915208 -0.5878133005082942 -0.37278935444627015 -0.6696958226691656 0.5574883828085846 -0.9856238734819659 1.9629151662123085 1
2.8423914431605093 5.4795670126147575 2.1623007416788216 3.6711127887853583 2.644054668014072 0.6809979721249242 0.23568499448988922 1.4159261779178385 -0.725869399604786 4.091265728501192 3
0.7543789719014478 -3.0575884806767037 0.6968540505416982 -1.747760565827865 0.11126965864936289 2.078772721960295 -1.7941976078052846 0.7851214118908149 -2.8194701311502905 0.07400460925241159 5
4.197316135309954 4.45691150014738 -2.710042369092399 -0.8458691421782982 -1.3122896559728305 0.5465554096339758 4.385804116168807 -2.9242958476463805 2.7181325666565694 2.294158192406702 1
1.9851574052655123 -0.46118505130586906 -0.6395049373475419 2.2239751756514816 0.639961459965853 0.7290903256409762 5.626957747951383 -2.210307521336128 -3.618119971152443 -1.2873188174904953 7
-1.780170129216477 -3.5838006471038564 5.287026640484533 -1.8700798552341547 1.5695707258367162 3.190465725792121 2.978790648237463 4.467603426074937 -1.5971003631809162 -2.4189459374980915 6
1.4274720793354714 -5.297586785177122 -2.5278439897749783 -1.610659041172556 -2.745055413436355 -2.5422221787508335 4.782319057722538 -3.014916337220889 0.9461401463402856 -4.767345288494129 2
0.43531369168155487 0.5878221466885754 1.1491021010788485 -1.671097718209397 1.1713329317293444 0.5884334914682599 0.6621330333268294 3.1877843164664164 2.600199667694084 3.439960779198729 6
-1.3102541868819624 -1.2488117006767379 0.17650624214951116 -2.4420557141922363 -0.7700847408609977 -0.9124327750976342 0.05671919075966558 -4.463747122798398 3.734046235131875 0.0799138827322674 3
-2.896310686716407 -0.4090542661036456 3.471502562185473 -2.182849582313944 0.9299739262683562 -4.431930694954063 -0.8202704697218131 1.5598504223336418 -4.925170401046009 -0.724368544074121 0
-0.21376473675495444 0.4007503276695502 -1.8855920051589774 -1.4881148829526842 1.8871839210104393 0.3049933608766193 1.0761613441976192 5.01159130205178 -1.4783711996841258 -1.0432049716951837 5
1.5650797928277327 2.4177834029751217 -1.1775899135043333 2.1936256833964527 -0.4807443402717724 -0.4627909242234458 -2.351785224043153 0.4413761641449718 0.14148457123320346 0.32874795750201424 6
0.04372863065740851 -0.1276766073210034 -0.7297016514414472 -3.2823183010905557 1.0834888392457689 0.10633830918335518 -0.9933480210572669 -0.8539278626314291 -1.188164410217198 -0.4549618394019932 1
1.8285158651519726 0.7564036952611879 1.6601618162934553 0.9787572249656065 -0.7131465045087207 -0.3086944367477751 1.103553714019513 1.5928472656118762 3.2072407467269834 -0.050007776390913694 4
0.3782073416601648 -0.07949040841718213 2.4417711222657497 -1.7085805177082996 -1.065972264190704 0.10499384265004852 0.5877990052798873 -1.9119500463852899 -0.38848428345868613 2.4421828087629827 4
0.6597701193626657 -0.1944360005810628 0.7512380095078088 -1.3353827327178633 -2.4697263185066687 1.196723283881747 -0.16224010140703782 -0.14024699647361205 1.1937693077669738 1.7439794580474954 3
-1.0439687027671911 3.1753749148971204 -1.0430153205695682 -0.7173575142676794 3.4567822968201014 -0.5366824187867696 -1.2971560186847964 -1.5023653333409621 0.9423509175091496 0.6610468005305211 1
0.43459486793620905 2.4661429138885294 2.585100170244303 2.332422485865781 -0.6092633570698481 0.9067002024912005 3.9816856820825386 1.4662812530796279 2.6348789774193135 2.2051581696549816 4
1.1873960403912327 1.4945903040271786 0.7839759306188688 0.4283402082583607 -0.4729995339935773 -1.803523486506906 -2.5898837859990422 -5.073977327576739 -1.5564238626375126 0.27328666008652513 0
-1.95356305599551 3.0901301055088175 -3.7401767479689796 -0.9289397611273598 0.20991394190505586 1.467806715763769 -3.246850793910402 -3.143627148395128 -3.3124305880936995 -1.304799280728326 1
1.3967946156296862 2.1706339178922778 0.7669275039395487 0.07502093818632494 3.877720818138427 2.242111275042741 -3.1358608065668196 1.4328567413515463 1.0296744622181104 -3.246537617373918 2
-3.115351662187036 1.1438516952489164 1.1029058850105469 -1.1502647904680072 -0.22351313539899964 3.2212454953132625 -2.7491815960307364 -1.7263410102668673 1.2655286269403032 -0.310014134600036 0
0.4276690570422361 3.049978448355054 1.30732105714152 -5.625178013704331 0.040638441182925034 -3.422398294036458 -0.8529501657656261 -0.24114423497561477 -1.3525970436403774 2.389910232406435 0
5.206086851954503 -0.22624690865678754 0.27062619632718543 0.9962100890940122 1.5343474323437736 3.572260302442499 -0.03186469176196616 2.2881197175056878 -1.2602915394863283 -1.807300380709703 5
-0.4689910508659413 -0.03981693166888278 0.17632282050440984 -1.8527864899147857 -1.6522488968316196 -3.157301338659087 -1.417357731386676 -1.2862781029584744 -0.9025516550141408 -0.05688284644414643 0
2.5122113054262347 3.8800244265521955 -4.6831061821354325 -0.7307340802297175 -2.0985630928668955 2.2661094445661862 0.9747939209360741 -3.5373326850012017 0.13044668654364866 0.6562183329690248 1
-0.5747865812809854 2.065132211986106 -1.7912906542462936 -2.8212936474432793 2.2610639309491694 0.5695508338573207 -2.0667452653849847 -1.4606269288375056 -1.4672761028221928 -0.6657198222747283 1
2.009647942754511 -0.928741568645158 3.540188967108622 3.8683005592695108 -0.7070220195763806 0.21901140116552176 0.4058526874402303 -0.9473767567568185 -0.38441062026831074 0.9583641383180773 4
2.5119714653296263 -0.8226843596516507 -0.33020473794835614 -0.10644413188343449 -1.6223977642459553 0.8797673760716888 1.2340190704573035 -0.21992534561255384 -1.2498083643371547 2.421373701493479 5
-2.7001633673057137 -2.138039778847099 -0.9558217437552583 2.628187278460965 -2.760962675448613 -0.974511752389317 2.1997239922591216 0.7477700346815732 -2.1420161191712186 -1.233070712925223 4
-2.3949350795802764 1.1900863705821878 0.3091060249252753 -0.9721346261878583 -1.6930071751310267 -3.034177873155123 0.4127533168582118 -2.5767510817426853 0.6106364889550222 0.23969285877480717 3
-0.3810087344678932 0.9381916379402764 1.676441214491331 -0.5243095016750763 6.027039072524753 3.645605964086066 -2.488125952810208 1.0942938307748409 3.2223152541893496 -0.2703891592656509 6
2.494574399703837 -0.8200394307731187 0.711354632519892 -2.3201706460960274 -0.5775298397514372 3.156451201456512 3.042477156453037 2.3774351640598494 1.1127437926949084 -0.16051248255862038 5
0.04906859720218493 -2.0635730388645737 1.9111536564512583 -1.868418082152271 3.06183725964841 3.3877059739254385 1.1546655853030086 3.7668469426877373 1.148042546317059 0.46727277336001627 6
0.27990639218636915 -0.6603613774263409 2.446991822486005 1.150782280038847 -3.618351910495303 0.9763038010865652 2.403807706161621 1.5228228260459828 -0.6240064209941618 0.15595702807094536 4
-2.527998931058292 -0.7415552163773989 5.257962094310481 -1.6550437928272341 -0.4186189626477361 -1.873683741428875 1.4067543179763882 4.360095518650805 -0.6410535491730996 0.558932863658616 4
-2.8312493912304184 3.5075596244057663 0.1785031280584899 0.4125990074627467 -2.2337973470341974 1.2118519053756407 2.9734054719179825 -0.9786712401469161 1.004544859481665 3.2716994676903166 3
-1.0246816076968062 -3.97165097859855 -2.965656437181799 2.152856362702929 -2.7371779994626846 2.068113278145627 0.886163126018289 0.7220867278827463 -3.1741869034732924 -0.6363396172343743 2
-4.635361908653332 1.4590087536898626 2.166108040343155 -0.670272524551894 4.370763494108013 2.6812330812564062 -0.6058875527493692 -1.2274739130450234 2.3463906737093208 -4.175806036530131 2
0.7323963437300266 1.2587265115921629 2.461025017208452 -0.7346771175295866 -0.3471056830922351 0.37289491245556405 1.697866600792981 -0.6750461607278131 1.4252537338055622 1.893630105329645 4
3.4175887984470075 0.5061881854607073 3.4017706423186143 -1.3940906451704558 -1.2185754814576018 -0.6180215476926514 -0.15471887817650387 -0.3674316020236661 -0.3497070461170273 -1.475733594732446 6
-1.8803753967836738 3.211099043104696 -1.1986651656958887 -0.7656872448076882 0.012883826908410834 0.9041090921811646 -0.6975335544044601 -1.058949663187212 1.1889495832086832 1.244873061761731 0
2.0685293125672644 -4.36735117171531 -0.02966353873713712 -4.101663571287534 1.7197850779370105 -0.3289175468114748 0.3764925850398092 -1.1735788370625477 -3.604334153892261 -0.30152841273014164 7
1.9585616493082045 1.630830722836795 0.13865010328814553 -1.8885379530247182 -1.1806151038151778 -4.124173344335577 1.418867230094353 3.162890068345523 2.303946891348314 -1.8339105559600952 4
2.1213424169834076 3.0741970316574982 1.3395629967177831 0.3757578356290583 2.551849606382491 5.02068045479461 3.749276721075906 3.5932162458049453 -0.49775263670176706 -2.802858905061994 7
3.502992901215096 0.37689350668726296 3.3505929219367516 1.1692907546892317 1.9507885194259442 0.12123335825412629 1.2181222080099947 -0.45736847192810104 -1.3872080934997641 -0.4025537242293692 7
-4.4285459885010106 -0.02450781999604912 -0.06545709026437163 -3.7805013783620134 -2.1527525979499345 1.7979404563796426 -1.1684193016603122 -1.4336667059453796 1.9298639375581914 1.6407747373736763 0
0.9454208731649545 2.614499616218922 4.229009114736931 -4.181662507747426 -0.7677523491637506 2.7001104950083885 -2.396804601186328 0.12647078683542357 3.859352058668486 -1.7553709285932044 7
-2.522560803637875 3.823740237030179 1.5548054287367163 3.350362533056046 -2.2403554669419465 -1.3653295803135141 -0.026785669422774605 3.0194841876181133 0.4125103138025348 2.1761723767791743 5
0.28006896159355965 4.905086896129921 0.3787142107265451 4.508273928356791 1.2234133145696537 3.8930035590253045 0.6682339594749578 -2.9820900932313252 -2.6184240952923936 2.854668118786223 3
-0.8662219480954649 3.18053203478542 -2.922590108789505 0.42589406455489076 0.9902845958170161 4.8733542132432515 -0.04171994860870232 -1.2169775444576287 0.07539616535429561 -2.8714895785480232 1
0.9666642391853848 1.6000121242734395 -1.9167875089267534 5.067973444012165 -3.15146193448105 -5.1078378877068396 -0.7496880195676825 -3.7147631298458714 3.4422446455324898 0.246571708876955 6
2.14539729924775 3.1223415540622215 0.7376110219040026 -2.501208035524402 -1.055819325980009 1.9750618793552168 1.6048876887711896 -1.7242211225584114 0.10747960326525408 -1.4067295338015575 7
-0.4251906779915484 3.9689209487237336 2.0982052562819162 1.062967616111326 0.446634341630459 0.6691597098595006 -0.6180215296736662 2.3378580914497635 3.0662054876709943 0.6205430054651815 6
0.8149742526883309 1.76560383582368 0.7010067602191953 -1.3841238028427254 0.011573099657471775 1.4246052917239171 -0.05711734052054629 1.436167030308178 -0.08813809866872346 -1.4432842775777002 5
-0.492285029937955 3.4349990023485235 -1.956224333636138 1.130831725391369 0.030165780859343627 0.49499198094982644 -1.3753134897911428 -0.9677686178855042 1.4921238395928849 0.9138013212741982 0
-3.0886758582942226 0.21209541395588583 -0.9397635998205908 -1.131662620615614 2.767618035987482 -2.7150045521043795 -0.7174757574792183 0.5334378265281924 -1.187580162791722 -2.7298932968485037 2
2.782971829598692 -2.1777530258103055 -3.608817684911694 0.40603930215863504 -1.9776653203098686 1.9100169146934964 1.9258924474443915 -0.7713039705761393 3.231557456858699 0.19956992486649683 3
3.1551259038301613 0.6237688886834722 3.1204921912630685 -2.54412776483901 2.063650820686271 1.008059146868872 -0.35964638413794947 0.2714590110561377 -0.8585066643016401 0.04741760429046726 6
-2.9592658548591686 -2.3722126279273974 -2.8401540141555026 2.4962278665340296 0.2364184039567463 -2.9405546055657354 1.1775878523459893 1.8685313139191324 -2.6739206631679293 0.8795434359495149 4
-1.724227789278388 2.69886486598199 0.7971076656621656 1.5197552325923969 -0.08149991282658842 1.209231975608073 1.9059338048458687 5.122848690959019 2.3258747595445914 -1.9283945884832354 7
-2.434593168534122 -0.0984367931577057 -0.8585558152186786 -0.10956751349802418 0.674470084977473 2.0026373247286484 -1.2413915440959773 -1.0967327055007394 2.0161749067753276 0.3880378233947116 0
1.7467390065811967 -1.7295389862238015 -0.6387447563983643 1.1491632061242558 2.2426365050654504 1.357209808358841 0.04281422219867259 2.227684438444084 -1.3801268885848175 -0.12239398462045048 3
-0.5445532614677768 0.9137072233159268 2.137956040135509 1.3008168700067015 0.5037035904004465 2.6170162604973677 0.9965923698052217 -0.12219630162141892 1.4834352989965924 0.6674680549434122 7
1.0334377009330042 1.5685634510347621 2.3512580199104374 -2.6682703942373505 -0.18275151643607135 0.3688060614649289 -2.1880064728595583 1.5209974160069604 1.1701607724711593 1.2006623377050798 6
-5.310259753334939 -2.3150469648476233 3.856962483617509 0.09338432781202477 -0.7962445335698318 -3.640022221022463 1.1202370166588342 -1.7967517267672202 -4.345022164516018 1.2504055063149555 0
1.7416382907306658 -0.3264768080876952 0.13942258380443273 -1.9947616499085954 1.6105231046290847 -2.7691279313507806 -1.6893170013002043 -0.18493921156097148 -3.0007981271439452 -1.8802879421881602 1
-1.8481850478771078 2.0473210659503565 0.5208689821213638 -2.4081088029132585 -1.5804643183433837 1.914042684330549 0.23495610974266923 -2.3065981445719936 1.8006663988295721 0.07523298742627516 7
-0.8095295686811792 2.280431767578545 1.8253269583308955 2.5580794963079887 -2.0442937692737386 -1.2860174021236057 4.101570153093359 -0.246437243091299 3.2101178813437192 4.581078305077906 3
1.4330752232488393 2.667005678124693 3.471129215960461 2.4051630302981555 -4.127438581510635 -0.0987816579661247 -1.768641728156592 3.6292501372525625 4.1757842518920985 -1.9946996003606623 4
-1.852291017399203 0.6855767949410353 0.245150134446265 -2.1822083515384247 1.6131778752850114 0.2275025917300071 3.570082066843746 -0.00108458430626035 2.18201825906144 4.636770787454318 0
3.831551586141392 -4.1877214427814895 -1.0696791416353468 4.413756422054391 1.4302433720112742 -4.903747638038226 0.6516978726404052 0.16877200766330613 -2.426966981422354 3.048346537218877 3
2.0645084766577293 -0.20349141199408116 2.438287199289128 -1.252395550022349 2.006861501313001 1.6051003148674314 2.517441499425981 3.625814277151303 -3.686725381456574 0.8544213370202043 5
-1.2423469899861965 4.916415669153063 1.5228749561640245 -1.2304552658498236 -0.3399571477567829 1.9601057012424365 -3.9064714733754675 2.9223035684874725 3.8553078499320192 0.08759429160411902 6
-3.74456289317158 -2.5363264465551016 3.0811172777309275 -0.8180463969268634 -3.2795984075796896 0.6540703491223363 -0.34044699211510376 1.7281275420088806 -1.3492938119544853 0.17635889135462068 0
-1.650458391072632 1.7772230734072763 -2.471951963165066 1.6826184889706837 -0.8490288612201202 -1.091006868559508 -3.929644443268259 -2.702536834593864 -0.27906173083640384 -0.08155194456150339 1
3.134487743330248 0.2643792745537996 -0.8956433950846197 -2.5181932242597544 3.2241666579740347 -3.8790739283290008 -2.2101474849932607 0.3617310020957337 -4.844799127869769 -0.6754650501888817 0
-4.434931198726113 -0.4618300223651093 -0.016687935213232308 -0.5505475934234582 -0.6227019664582489 2.186030528721654 1.2678269725284288 -2.4839465471025512 -0.31357010378348327 1.1883745140436894 7
3.4913456737952466 -0.1299514378736787 -2.1448827350155844 1.7159155896925848 -0.8447195159010329 3.0982934802491013 0.06598074567587964 0.11351770343211742 0.48216753452447525 2.282881736778376 3
1.0372380343516925 -3.024808446935463 -3.250819859867401 0.6980290914945624 0.9429316013974307 -0.5714779606741862 -4.212266374785913 -3.481898921293633 -1.8407892624567994 3.8309558468737333 1
5.069001021488068 0.23357426216239552 0.09480896813519946 1.0106820638181118 0.6265480241070769 5.016770354982691 1.6276735510962452 2.4250639917707013 -2.2543199959845333 -0.9622262163216746 5
-0.08941969578097153 -3.3755176606210693 2.754258695236219 -1.7650989903893914 -2.468480231020467 0.810477941839794 0.9319456565592391 -0.18583304311549698 -0.48669194706680896 2.2434444930655544 3