n: 400 f: 10 f_i: 10 f_red: 0 f_rep: 0 label_cnt: 8 noise: 0.01
400
10
8
-4.558082619783171 1.4561522840279493 -3.16694302759132 1.6805567905193646 -1.961374394204186 3.7307437000731536 0.38893775496690286 0.7391395352338677 2.7435970167583372 -1.3616425867451358 7
-0.34415621476521463 -0.20417842313878576 -1.6406604342488773 4.312971497667392 1.7400167395438384 2.081211366801579 0.779939750134268 0.08926278642841146 0.5205873121065177 -0.20433121200558202 7
-1.658043899277045 0.6194572970957719 -1.3176335403708954 1.2490381072672094 -1.5427979190029042 1.1858761747213888 -0.9460727499860846 -1.3191345119053097 -1.1059721421714825 -5.17818755592949 4
0.8755685891325078 2.2748843879368215 1.868063887237472 0.27961283210882526 1.2380482192387894 1.796715861784914 -3.3123327597104684 -1.4001650520467934 -1.317777319682287 0.45471059359365285 4
-1.0836907609917987 2.1464335559362153 -0.8283216961693725 -2.1519750604442955 1.3381623914318963 -0.19499712377858125 -0.0935281161874929 4.580405544966732 1.8263161297407104 0.3797660406277854 5
-1.578543707321768 -3.695239603134212 2.2869166078422136 -0.08975415044834878 -2.9719940209314246 -3.984471887230705 -4.7729866097208244 -1.5214208772738824 -2.8840376402505346 -0.9063386931661137 6
3.188213566251938 -2.2243685157215802 -1.67584431509374 -1.6871676218368594 1.2249204419488642 -0.7894452907135734 1.0680111652715305 -0.2728446624173967 -2.016447890352403 -0.9857644106506793 1
2.673564260386965 1.5609912201520433 1.3215305743786343 -0.7277476010452 -0.12942456366310096 0.5807643297240734 2.363803870915139 -0.6190433981240107 -1.6446049165668823 -4.1038811668184705 6
1.222552050710625 -2.293348326828691 0.0876939990676382 -1.4492531121040617 2.874293857278907 -0.8395040679272237 2.8601680590349075 2.3777376061423334 0.08971841771306754 -3.1874641943732804 8
-0.0452126674770148 -0.364093655081865 2.7919585845861827 -1.905940551818769 2.123535294434621 2.226541285311489 -3.974647750407465 1.5489274788046612 -0.7009222222545777 1.3592670438717285 3
-2.9846923344000906 1.7085149396360029 -1.359830435480015 -3.282822002944828 -3.036467135920439 -1.790226607650034 -4.827058491501969 -1.4976926671052335 3.9337090880459944 -0.19583618339050735 8
1.423652240233983 3.4016041478020127 -1.6712729112893236 -1.481892805831341 0.785692437473989 -0.6809393610942555 0.8751714568371004 -0.8553979349993692 2.079570649597561 -0.23409277880327206 6
-1.8956214231356725 0.5259205485715471 0.7529208003715642 2.0288622612678173 -2.8586347022640277 -1.3728965971139475 -2.6409911538288755 1.2339443858223795 -0.3848274697928451 -0.9622313004855809 8
-0.45260440194351226 -4.258769722372627 0.647613510205509 -1.9090595231210337 4.6658653254689835 -1.319828406222909 2.5976220288602585 3.776593008908912 -1.1282145702521214 -6.878642777317903 8
0.6349011918498648 -0.19473118434968262 1.476855826404761 -1.5517830939003194 -1.2641154002449213 0.5397159871215923 1.4621800963551341 0.07670594756300575 -2.035686778534701 -3.5753079981838023 5
-2.791738051362416 -5.748065178937232 2.927073779854215 -1.039381381481465 4.056386920162831 1.6467556582708487 1.0019993869395842 -2.1129063432387785 -0.7268060907016168 -4.368789157941084 4
1.0326175509014903 1.478404461381606 -1.0039026812662635 0.30294006714530586 -1.5077119464486353 3.418812502349914 0.013530396177804938 -0.7337280909584891 1.100495182329348 0.4758379450364705 5
-1.0354511207207144 -3.1706679122647214 1.8447094293074704 -1.4466140211480607 -1.1126792356707687 2.670541213275496 -0.8880291559713711 1.3883715459156538 0.7818144794312225 1.3318970605361073 6
-2.5186534305085977 -0.01603057950991338 -3.4209663322563837 -4.020918925306568 0.38202673123230846 2.9386662914814345 0.6621918235831048 -1.0836012273208375 -1.4740637997476367 -0.04794432038421581 2
1.6520118951567548 -1.252827976563016 0.6757557190620034 -2.4903391906369556 3.733279349163507 0.35002610949045887 1.8521283120875092 1.0293533207422298 1.4650960650650955 1.1772586466860564 8
-0.5081672891223149 -1.0666842770742582 -0.3614844328013199 -1.976897007499577 -0.07737143412796665 0.2765530895673278 1.490531779358561 0.9195786324660953 0.03310800085563259 4.135360301394096 2
-0.580547895474421 -1.311702947074434 0.7295905655432309 1.5202948946355488 -1.4334681162245557 -2.735426909762041 -0.8561627156455938 0.44790698265858797 0.16884583734570457 1.1319485156583933 8
0.7846934974022524 -1.189304470176111 -1.937291413149177 0.9077406967350541 -2.3085720724162764 0.8482388480001932 0.9144992175847407 -0.43008338311347605 -1.44082163706072 1.8588398432859694 2
0.737751274112519 -3.1665408186389525 -1.435639625389297 1.8310682965279614 -0.9837340249280107 -4.188707869314546 -0.9999082714654859 2.9006607208587867 -0.8370523466383579 -1.1592731912497016 8
0.03530158179358067 2.741175776967307 0.9314861180881877 -2.5627237174758206 1.0028876405993534 2.7073585048558675 0.7709613740461678 0.4289244149952274 -2.7849047824802615 -0.8615391527000529 6
0.10390320218232918 0.06997334332351446 0.22326521249939546 0.10569986353428873 0.3555091926512225 -2.419567157796898 -1.085230164562164 -1.5899216324117122 -1.2745302077314 -3.389518544785232 3
-2.2387160483243287 -0.317868817844434 5.017970519776618 -2.8801508718672713 3.4747913352754662 -0.3767467668163176 2.884313810875124 -0.7857957370855093 2.5322315207640163 0.052800987425449364 4
-3.684023335854604 1.5788391001175015 -2.3028835191813974 -0.6100798606578968 1.097977509493395 -0.4504144310360185 -4.146136777216379 -0.5504513264049766 -3.3828164313534494 0.22545636917815615 3
-1.3176577976062733 1.2158250145650367 -3.4526226608614623 -0.4205217024528911 1.214188373128811 -2.5265992828877426 1.0144575420774367 -2.287434140695014 -0.7379056236825164 1.4649902262748047 3
-4.289771458422345 -1.810638020363891 -0.8797879823156054 -3.1585443918262834 3.0687688759580016 -1.5199090235405817 0.0472288885844423 -0.4146321703933403 0.8976325661045131 -0.9957328807462869 1
2.74553012858056 0.8111971854909348 -1.44928294225724 -1.5513051509239077 -0.05547311937113708 1.3682418385667257 -0.2711851593471015 0.5215839314226631 0.24222514585990118 -1.1845053140014938 8
-2.3263959028164436 2.4347234685339405 -2.7215135118312723 -0.057291032940671505 2.19734304208951 -1.1183507209980101 2.7130266747172676 5.49948881042395 -0.14756392051598 0.12350453814860285 7
1.4871782333237784 0.6178233218870516 -3.0265267971330974 -0.1779777666688318 0.9411725401384371 -0.9250928099562317 -0.9383486246800214 -2.5973343790726844 3.3715591691092675 3.331443742875223 7
-3.294143093591552 -1.0933403436935705 -4.3227141663458 -5.139722254346194 -2.875471106008008 -0.6727469584109214 -3.7836132652301355 -3.3964322196803622 -2.334353402300796 -2.5324025861927284 1
3.5964917356239727 2.023376489914078 4.429331944761503 -4.3747849303951085 -2.8630384077722324 -0.21920347359408276 -0.5677993084544519 -3.418128379362974 0.7993879861836821 -0.16887959466339497 6
-5.620293832826034 -3.724980952388538 -2.0404109772771726 1.7294417777746367 1.6241138427432125 -0.0498850975790226 -0.316069548411233 -0.9772946590308151 1.76899032113886 2.053179461375473 2
0.23103458228355978 -0.41434981990922437 -1.9493074097736778 0.265328147431643 -0.8368970383318125 -1.2685348576943007 2.4232888654148956 -1.057586671135071 -1.4154448360284717 1.1085821867059467 2
0.7731868177814494 0.8069069527347527 2.2753326594279817 -1.3820568337839325 -0.7352081338488603 -1.336127459492766 -1.7854053348869314 -1.7965447214098071 -3.324125408703581 -3.7272321587262622 6
-5.281421999953199 0.17062556783758875 -1.8829169939907415 -1.2531242766571076 -3.8369814255372368 -2.1061420577060694 -1.6540616579941112 -1.1875261178380763 -0.8352225953639536 0.5904061365351223 3
1.9434622802463664 -1.6330277682248695 -0.15504148924648997 -0.3808988407538375 0.2753528914697885 0.8009790756288235 0.17296831818765046 -0.4398807930722727 -0.3040265883079929 0.2752291509038217 1
-1.0551137032057514 1.576907771380371 -1.7699603651381053 0.02936625032347917 0.03261065275581099 -0.8219734989252732 -1.6297612390094791 1.8027455007293332 2.193359196536609 -0.00840479126720961 8
3.266473792906245 0.21964945060250307 -0.034885832156033914 -2.4791833148286453 -0.9561728724651324 0.8106714798660143 2.7636918744836296 2.5051857144585647 -0.3077100899547158 -2.1494414523460743 5
-2.1372021392533904 0.6001504686636809 1.649346894692124 -1.6449834936361007 0.686043791124189 0.6512232714749475 0.2942994630538467 2.161254199465669 2.394039173758295 -0.7413655286305623 5
1.4513659868298485 -2.6024464143471135 1.697424417773939 -1.557381300629369 1.7055748884439181 0.9317767016867093 0.8124708552846005 0.4595760842149875 0.09830904547833064 -0.9793684602134194 4
0.2269435311188044 -1.3116661396287252 1.4105932820860811 -2.9991395208892797 2.4929773073146233 2.045767105326243 1.776152370853533 -0.5046922401389802 -1.3015794540902546 -0.7736851494933705 4
-1.8549223850927725 -0.1765433596265098 0.6065890982265252 0.3541364676727079 -0.032042424332722974 1.5435967695601278 1.4238347247002014 1.3550294641320908 3.1043926741601457 -1.1356022215991106 7
-1.8779747383587413 2.2646094040762432 0.2239034644087573 -1.7506013044628523 -0.14835653996178477 0.4838012116935212 0.13815948358918462 1.473883427361886 -0.9070444624929588 -1.6564727336204381 4
1.5646643082253324 0.4673046225665858 -0.21020690181003077 1.5987213273146113 0.6491273216323389 -1.7635915449535164 1.2786830745901328 -1.3002822341802414 0.6213089373173919 2.8920865337971513 7
-1.262875403925472 -0.8887052294424265 -0.31272363699570316 -0.5804804434763021 0.09888267884827928 4.140275086523992 1.8564939182966174 1.2811092837969085 0.7842888995464268 3.3105197817197745 6
1.382192536150793 0.04676638951154999 0.8560987409244072 -3.256802998576271 0.017352982031868525 1.5347439207086184 3.3402326690174005 -1.666260667823218 1.49654754409916 0.05582140955967785 2
1.98005951313234 5.1738284569443165 -1.4854779509847114 1.741672329829401 1.0362204630635334 -0.5551702086940613 -1.3666902655915125 -0.2229521169394606 2.2545406306626576 -1.544614646131604 5
4.58204561592038 0.9118603729330659 1.2224219400370837 2.0818854807708482 -0.1588100867108173 1.0655522524503824 -1.5150790183961393 -0.3124708725275629 -1.3600451436900496 -4.002780517382375 7
2.799407325436405 -0.42558778361616123 -2.5938972361925803 -0.7945265542197524 -3.2152071345328515 2.171352225716273 3.085964290083757 0.718597287493071 -0.2042871631284957 0.6676595133005647 5
-3.1070686145634046 2.5135520893915078 4.775188054175921 1.1506255350456747 1.2215876924838094 0.3283008247022685 -0.8635515994174443 0.25064045478857744 5.185686080519073 1.2659115693066298 3
3.785670490629184 0.2602957098318044 1.0669804396278288 1.669379305351204 -1.9550794792971227 1.2708073371373985 -1.5206668960443301 -1.9062589032527097 -0.5056217375017853 -2.113581568698353 5
0.04260286773343214 2.5613827297251195 -2.4836729777332627 1.8471313440189374 2.0763963840716553 2.90522854910653 1.728281000208455 1.4362841224736247 1.5732816307055466 -1.0901276789586989 7
-1.8642245056736297 -0.19377015345215343 2.757964887713495 -2.590170596601748 -1.561220299043807 1.2276133885212543 -0.7330203634154329 0.060688427964682434 0.4240637425802509 -1.3743978973676239 6
2.9589147927074086 3.1097155282457387 -1.8450632137858363 1.1278182335271194 2.6369874469571557 4.43069225074161 -1.883894351007389 0.2500246709178232 -3.191362161066339 1.8270161115638506 4
-0.9249985859882291 -2.888746996454559 -1.9080115839941016 -0.6617073881950964 0.8785944258242109 3.1445807419011795 3.4649196163410356 -0.5208527916112122 -1.7598518342246825 -0.024977477991626307 2
-0.24822766499235605 2.2135799629206367 -2.256605778551063 2.5870072030545037 2.347266324104538 -2.1014106880127863 1.3286099310490576 -0.5172899564050423 2.7780988736056886 -2.4171070378388935 6
-1.2901396559584772 -1.7452905185311232 2.2215329206058643 2.0525176804911096 -2.8502548069127736 1.1776347554654938 0.42786266107720183 0.8675681929860802 1.0357165491780367 -2.8816607626411823 4
-2.4087769550667715 -0.6473804021599716 -1.8437966725304755 0.19223744845661028 -2.927404541928802 1.9754350924611521 1.130133063804168 -6.494125838098077 -4.326434049627063 1.1278333985426492 1
2.3750722623341334 -2.392291943450459 0.6913100979938351 0.18721422448248504 0.5380140211131104 1.0961966252012247 -0.20985282151505058 0.5221858788095295 0.22066294227523398 1.0947676861399378 1
-3.9475139455472843 2.034570224204194 -1.9634609486794004 -2.3135082265237132 -4.209924022373055 -1.6717722577398706 -1.646107779956723 -1.258844787971948 1.9552479391204085 1.587939062216744 8
-0.15132156355818216 1.2131845613914205 0.7747257242366516 -3.1044717140359164 2.1067706366414924 -1.0214222634532057 0.4017796779826165 -1.230790279515865 1.8757678739948491 -0.7517410466016696 8
-1.019657489384112 -0.8138738160043998 -0.5757743886838951 -3.0047389851713575 -1.6105915978920133 1.7692529185608519 0.31561996295947137 -1.9876226697619606 -1.353514295782119 3.1553137854734215 2
3.249819931263295 -5.1403151433007 0.8785041937897897 -0.1681878744427293 1.3508608209982151 -3.8659375886164753 -0.46668882649489296 -0.19643708749218858 -0.20305591769860754 -1.184775616326072 1
-2.6676330334007505 3.122265725004553 -2.613900444405296 -1.5121181362376799 -3.192436759648354 2.395464712493097 2.115647944634836 -1.5876555768366687 -1.1176092614262436 -2.2615802732103356 1
0.6100028422257731 -0.4357550976350979 -0.029456610495840363 -1.476310482109596 2.5513675820120096 -1.6420406052867857 2.9595171150823534 -0.9349820286730968 0.4304127509762322 1.1894419170629662 6
-0.02419904184913957 -3.6249527763203835 -2.7963780169669783 -2.1847643003878834 -1.572509905379106 0.7603495161877457 1.810853214671111 -0.6537551483992572 -0.33336837720832024 -2.0526586694988094 1
-5.703860105570201 -1.3916356101291907 -4.701179434431003 -2.215944923744146 0.1447582602947428 -1.711275623115359 -2.1687529259884584 3.317297738928819 -1.05442295753936 -0.6455654301596898 8
-1.2462292164547657 2.444908133002781 -2.3736487962289847 0.8442430489530895 0.07654548648214288 2.5002981009796628 0.7560564231109639 0.7921170619541824 3.0464312154283832 -1.0084333793364557 7
-2.768686006040788 -0.3336752698790493 -1.7155353077695916 1.4013498726916964 1.9041616434628035 0.16734191209589366 -4.7638083051172 -1.1571023868143389 -1.2839628539887202 0.5965183748253398 3
-1.0095004264481628 -1.8147179768043382 -0.8963750313859132 -1.315482101374507 -1.8003033220241436 -0.8502124764374492 0.59252022279917 -1.393908946619565 -1.2232409366380288 0.28516559105899786 2
-0.3306154237972081 3.2368094571194423 -0.4589405175025556 -2.402899215831238 -1.471465678908228 -0.6825781293497537 -1.45396861300247 1.9280893690980156 -0.8146876159730645 -0.8082120903632579 5
0.7414208114601333 2.729773987884795 -1.0293733450742861 6.970940170385704 -4.859242984487837 0.797618300353997 6.313476239498302 4.626509015459021 -7.00763031562051 2.2544515922776323 8
-1.2007159520064534 0.49458787609445465 -0.9262266154888728 -2.3737003082010473 -0.5711489377816061 0.3996124079750658 0.2271348167574151 -0.08802428045071131 -0.5262784644390843 -1.6388743087491744 1
-3.6805615364131183 0.1494797032683729 2.5614399341193774 -0.6933449705833961 -0.5583706504665202 2.2549343888221927 -2.2140559003885176 -1.4560035227837451 1.025210158422838 -0.38354862224599184 5
-1.2634789901990775 -4.223930840677767 -1.2416882478678481 1.5457320900950415 1.5838770929336659 -1.3632821392613148 2.4745737445228437 -1.1184531175905381 2.2301933112775654 2.937464771736769 2
-1.649157008299106 -4.047648370717834 -1.8062575694960308 1.1982135693459157 1.2979120211384338 3.2517557965740678 1.7822211988283234 -0.2018356860416124 -1.9304009902676058 0.7077239281753785 2
-2.769817604491518 3.8335661629176805 0.7087016613924125 -4.420005627230718 1.5677093030194933 0.6175212070009775 0.33606724228892015 2.125252550816982 0.06594581394968224 -0.33973788591001 4
-1.0723770395071779 -0.5196163311603575 0.38689295900862997 1.4468737975507033 0.29675548634102056 -0.9006764819547393 -0.1531825784388856 2.7883332531167455 -0.2440183383464848 -1.2866131092451076 4
-1.294042263171116 1.7115330936778388 -0.72244054674958 0.7605840746920167 0.7291788244461164 -2.147488584005659 -1.1255607115648472 -3.18539434974831 -1.9177890431630535 -3.018385769556932 3
-1.7772742741276644 0.8709244430098216 -2.0954276457793948 0.056979422012552905 -0.37251620426777154 0.9578218001538599 2.84373153413929 4.108228783670456 2.267444404516241 0.618340632874943 5
-2.047539766387994 1.1620310625815438 -1.378482970287886 -0.33285869526374645 0.4956522791644873 0.31954672301327736 1.8236399815553623 0.569703148218039 2.452512462794221 2.6061488496070124 6
-0.7190724307594002 -0.44741498780019984 2.00020299541851 -2.3656059768965374 -1.906041315207372 -0.23977077608279918 1.2022534763027437 2.5132939945499135 2.398443575641493 -3.5349210143862186 5
-2.1945505917613923 0.0796265995401143 1.360478865147701 -1.6549199786128883 1.251572245284204 0.06252562055834221 -0.7588368244056907 -1.3080055580585108 -1.0815019321794106 0.04533323505735276 3
2.346429285741406 5.10879387839047 -0.7958864735300502 1.261834419675317 -2.776289629063923 2.968131671779912 3.369569255384354 1.9323827236483884 -0.05499897005797427 -1.5799824609258497 1
1.1308907173932667 0.7629131605798211 -0.13671729578876768 -0.3122140463326022 -1.6762797280458521 1.0144405719839207 -6.646810780001368 0.2032683964631109 0.12476574331018475 -3.544925880240266 7
-1.4942193623692275 1.4685417703209602 -0.991225163578864 -0.294481163531331 0.34440563207466846 -5.643786637901872 2.3716679421564755 -2.56636377017581 -0.21358804433604472 -3.597951380495608 3
-0.22167942104541716 -0.2958833550336595 0.22641854762723845 2.7168167993309975 -2.980882568944212 -2.262722056160725 0.9269419760488091 -0.222010723337158 -2.609464641529707 -0.03575260171922978 2
-0.642296341848674 0.40553648548524446 -2.23726185719061 0.1964654688269627 -0.8121130466233096 -2.9568095606973204 2.971164572439571 -1.432050997489287 -1.6063623108940546 1.4613725877593031 3
-4.741258931234242 1.1314940822545283 -2.2078679492342848 5.267680332815778 3.110092238665414 -4.361783519577735 2.9793772969641408 -0.4680385447815302 -1.440210190718246 1.5904868722227579 6
2.7643421015883956 -0.19959755653305167 -3.0412763198362383 0.4255984152882559 6.206696394145952 2.461712969580546 2.3841371513381597 -1.7768425142038173 -2.1638751093130186 1.9125381235625947 7
2.8795019568368723 3.115545739189429 -1.856315121562511 0.7107427066315554 2.3670629030390002 2.7958769436909394 0.7976049169046078 1.1138691755907795 -0.2707608749983994 0.23425650288296218 4
-0.7685272438187887 -1.9676157221519817 0.6831983164542674 -0.8008324712318453 0.8974542558395668 1.5332051643917657 2.1787204976512076 -0.659155642816696 -0.2223063941988972 -2.1923193092009994 4
-0.9965335268929214 0.8562919099600663 -1.4675690959436576 3.222866033389529 2.501912561139051 2.025332049672285 1.5833070325474172 1.4404599341577642 0.7003518921476928 -0.8478697561621922 7
6.634183893510133 1.6901500369529008 -0.42270955781360886 -2.5185151425842465 3.0508663461084162 2.5824255968853844 5.210148606769127 1.0909857261123106 -4.174478597088337 -0.37716081037564586 1
2.701562474169956 3.5738373159853 0.3937898631648157 -0.6112475395477602 1.1051654515771028 0.7426183474218788 1.1731555203722672 -1.755487012604992 -2.9468504079892566 -4.277520384032905 6
3.708024641668427 0.21482579935930812 1.7807097982569378 -1.1791735320103345 -1.0331390433513632 1.0721433694061142 -0.498830694040592 1.0479989772130223 0.676767454345416 -3.316180156468721 5
-1.0710317059604286 -3.0258024192882407 -2.350440184480922 0.41236783927189524 2.8853073926808714 3.02565840084298 -0.07599049821218529 1.0589217936034947 0.5078582745265279 3.776350906306074 2
3.277102914952091 0.015977729240211236 -2.383340937282305 -0.3667318044128496 -2.79995918346658 1.5687707757979892 1.2647163482117119 -1.0386663740123367 0.001710356274737368 -0.41066615244283067 5
-0.8575476737445054 1.3859187596311444 4.290272479954995 1.3580647210646704 4.620519636108395 2.351040931636803 0.970462901963572 -4.572265932418556 1.1659663330724865 1.0393965365132836 3
1.1181130940339212 1.605056933935908 -0.16272067454450545 -1.4951905510113395 -4.240070645639733 3.4546556740437615 2.3163485210654793 -2.054943038519029 2.64071408929985 -1.8619191728205124 1
-4.033369001546312 -0.8785904384589267 -0.1701237249261145 -1.1961761012293564 -1.2539710543398983 -1.876489033099002 -3.991279144685024 3.094468115503829 1.581005932794771 0.9250094076007452 8
-0.4642946000163003 1.089777541092357 -1.0523050361585675 -0.2540769257187734 -2.3842310196865792 -0.3506247838979123 -0.4850675298049323 0.474766994031139 3.5591609204655126 0.0766013156900256 6
-3.350849965773741 -4.262825657782776 -1.1118403022369518 -1.689447925599255 -1.3846037388388646 2.9251596376751854 0.6613900944940501 -5.0933868824070165 0.8968690728979765 -2.6410908181051123 2
2.349970011227044 0.1966784347571806 -0.4354415883059545 -0.3630995335648536 0.5961226235778353 1.6861088030369635 -0.44111544850959894 0.3997838556440426 -1.255839818034111 0.48638219101379554 8
0.01521973850672187 4.380705003131084 -2.049399341292837 -3.0168982026722433 -1.1586193815726298 -1.0877534503146005 -1.6865522476543418 2.6047418691614705 -2.3051853854119457 -2.273729938448078 5
-3.1305504184264206 2.5333724103439605 -0.16543896317801654 -2.367570141233685 -0.4251375903593364 -1.799142381647504 -1.5206043777541995 -0.34568235753687226 -3.655169357256953 -2.354474984321901 1
2.6753840218005367 2.094640051770888 1.3378030301350736 0.87250705386632 1.9621679636627916 2.0215674343573067 0.44138106821157663 -1.8555467271046293 2.0977014775435343 0.22964324868211228 4
1.747765159910222 0.5878084101026502 -1.2743912396415165 0.13286094638510182 -1.158822759316882 0.47310291656902437 -0.5814774060412162 -0.9884199136284402 0.5457467267981546 -1.5822610531453087 8
2.069151920305112 0.1172811362875098 2.4457105440700757 -4.226847744462587 0.7420412197169832 2.8536173077011906 -3.4321563553256866 -1.0916072807517643 0.4175337803889415 -2.870309763811391 5
-2.236212357814484 -1.1910867847679563 -0.06224350244569199 2.1708617075914334 1.0688908699218065 -3.571827973828988 1.678605528290254 -0.8272633096278081 -1.801670625649495 4.244360486657616 6
0.9830554473204638 1.0021380787542187 0.8561567069147182 0.4854617312144436 -0.3386752041027522 -0.5555116199997713 2.1997994610396567 0.5202541359949202 -2.506960502964625 1.8197156492440716 3
-2.3406756626019307 -1.545228930599917 0.9581166068469757 -0.008815172218956446 1.346236763059013 0.5059893685898958 1.7838843413744836 -2.0332671283059103 3.799546451226333 0.203684605330402 1
-1.4003314398260869 -2.0285814969797116 -2.184587017448915 2.2714263624279543 3.52359530452668 -1.9138827560495604 1.414207406660955 -0.22524994972243717 -0.6118848658897851 2.698291726264516 6
-0.9038474662291183 0.858037027968414 -1.6064841311621982 0.37232735456479626 0.45727006204672016 2.730255464279007 0.48666849634840637 -1.4368116907225092 -0.5643702491066106 0.8536571024364885 1
2.7130938143635595 -1.077539872318651 -2.9764305201332064 1.8783351514104751 2.4379351378205323 0.3637164335739046 0.46221048399706643 -1.2317471999095135 -0.0806836009138081 2.479491407421455 7
-0.1437258462452211 2.1512187436957673 2.4181842856802627 1.9160318177972728 -2.314055608249501 1.6729970980290032 -2.2225650703208277 2.88024093683594 1.920922861918303 -0.7827163495798302 7
-2.2077847176622574 1.3057390092129109 -0.8450314929373651 -1.189969254584651 1.024138746749538 -1.4910307889705747 -0.6842632753875566 -1.9260696934915242 3.354804020310654 0.4246813324532799 8
-1.8070729760585036 -4.104456286403531 -2.975087611975767 -1.1790802520082013 -0.2947699075816941 3.5572601039537632 0.74145760104922 -3.1826770869782024 1.9452076140008732 5.634771193887492 2
1.3472799625890397 2.904921260356417 1.2962166429895952 2.4911117664513704 -0.16768784294729655 3.1495029055357553 -3.3295985220561763 3.33246928119216 0.8953404081151319 -1.3788372000841922 7
1.856704371736019 -0.8678748653668722 0.6100311497874695 1.6682577035328907 -0.46019790439397823 0.39071525593187506 1.3891609354353058 -1.2964779574689498 -2.3261226086775175 -1.9420352539846446 6
0.1457053138590345 4.217829770405178 -2.023587994879406 -4.216784028121005 1.2788860740340242 0.6955781480076835 -0.5851301586680937 4.194919501934097 1.2105715491603337 1.8859960743462723 5
-1.4313472892561732 0.1076743498629128 -1.177596540015861 -1.3505140576800927 -0.7182233841117347 -1.0065291143200137 -0.7454207795426082 -3.3089801447633516 -0.4215462079086314 0.1250165147958372 3
0.6929532500921679 2.5864309019158815 -0.20782751217842543 0.7791691221668077 1.7823575769353157 -0.6834874794382146 -0.1537766956236496 0.8696822527850953 -0.5231832599314519 -4.111457975446349 4
-1.217688523513633 1.9236803754820526 -0.990480918547683 -0.24419702896364215 1.4941476752565193 -3.4378817422459074 -5.045073264276598 -0.29493041494043937 -4.6414095448215775 -3.2710870168398856 3
0.734871923823498 1.9123605802270878 2.757070519036925 0.7510225260844611 1.5305532918449942 0.9474992889558752 1.884779928965065 -1.0232057119161602 1.104253466822445 -1.4018983942909728 7
-0.7490594670110673 2.37229149317721 -3.822924610309129 -1.741683916548614 -2.5855941739809767 3.654759326611036 7.0107107015247125 4.457574335840253 0.5875539775106815 3.0866653309955128 5
-2.2312366275424056 -1.2755922423434518 -0.5482166643119721 1.1888489025638715 0.9116629574064827 -1.235346114492849 1.215438468854014 -1.3864514463083126 0.4164487023770369 0.13293516613132195 2
-2.2116574793716364 -0.14923649952026585 -4.135737800311713 -0.019116565062104796 2.6073870322911996 0.7311707466237749 0.23108903849154583 -1.4839098647006326 -1.699193688936015 1.6790967820486224 2
-2.286774164557529 2.502775890691037 -2.625444975148075 -4.94022559126117 -1.6590658233024513 -3.297834184815843 -2.174516426376793 1.5792292619830985 0.6833368381935152 -0.19269388335389737 3
-0.6158426003197056 -0.3291911258757567 1.6796801311406362 -1.5000059632201708 1.2515272435309914 2.7508180861649274 3.208438175256399 -0.20418146434408535 -1.0576385513262077 -2.564363368993872 4
2.2438577958684096 0.3660624377196423 0.5199416297998314 1.6185467834417926 -1.321068577807814 1.6544853756941487 -2.2331824834539056 0.8288721083174987 0.024604351025747873 -2.2296961505289117 7
-1.6116311273402972 -0.6125025346970392 -0.4536498543545089 -3.313745276304025 -4.83186436935125 -2.248977783892052 0.6171510209600088 0.6285150830927195 1.1405752811643355 -1.5861058352652542 3
-2.172763008553357 1.1791136941777753 -4.001719412304277 -0.6551992900702537 -1.6944245721224385 -0.7175463538676841 -0.5804681521919013 -0.749039968475935 -0.6589729361579972 -0.8400741361144791 1
-0.4886204534835721 1.2534616363819324 -2.835428108783117 -0.6779069075454331 -1.3824819001055122 0.49226314587679354 3.285909434619587 2.5522463740763746 2.218313650728832 -1.2305771009687827 5
-0.63370517502582 1.6439182805485133 1.938655272440302 -5.328587948643455 -0.6853629487930606 -0.8487811086451553 -2.3133306536171863 1.2224173805372924 -0.04522817540819002 -4.099655810616702 5
0.8640946426411529 0.29212943869304786 3.567555883213811 -0.08656233328437901 -4.597368080237231 -1.5359120936484878 -1.968012834146807 -1.6274484855328861 3.4371110800877522 -1.011652418542612 7
3.5093936362945226 1.0183264605287625 2.7698669557759468 2.098007115437409 -4.5275897436016574 -1.553727197145621 1.3861978429523907 -0.24641723286134565 0.24026233787004225 0.03423506856794756 7
-0.28299254608337954 1.3835078335604312 -0.4989834064964662 0.04194112235880176 2.268415284003723 0.9531127588067037 0.9874564519333191 1.930302412873412 -1.6413327785408676 0.49142486871536406 2
-0.49348399367368945 -1.9704577521437943 -0.9785527475586462 0.4886975230327797 -1.0052343751253607 -1.4445074796575974 -0.22920524718892588 -2.0002678332897696 -0.5398043397133279 -0.20105620185439887 1
-0.6643641841930992 1.1528266668628269 2.652167667643149 -0.415602280604097 0.027044324496268035 -2.3861492257567978 0.6199150058802374 -1.4162833547800586 0.09052546486553403 -3.2472085642293345 3
-0.7652323600393685 1.1174672595196908 6.905586129723795 -3.3577479243070525 1.5291621305664287 0.18830746025963618 1.6734136773915562 -1.525336699159455 3.7159461876110047 0.6102642339457311 3
2.047261960971304 3.5680475343404527 -0.05398090934755806 2.880506743039774 0.43963433263391893 2.5534763964948737 0.43028262243248383 0.6483326132943548 2.284450657294419 -1.1399127259670696 5
-4.475498179748692 -3.8319457960792604 0.7671449289573856 -2.9309649191152034 -3.6968078299945617 -0.42202218539428604 -2.776791275119385 -0.6212106078865891 0.9614417668691249 -0.9029823088186378 6
-1.3977719170750622 -2.3255056528492775 -2.0601251037718677 -1.9506882683211306 1.1009924839506857 1.8637268598444705 -0.03251656289232652 -3.292306365909827 -1.2770319218725397 1.2009317211935056 1
-2.355887612771917 1.1446634257686445 0.36030639559318023 -2.9707655525520913 -2.313493504110845 2.6361709250739165 0.8299435113537019 -4.428756304766612 2.3021648889815687 -2.124180430910052 1
2.0915940526004 0.11671653625192113 0.849038722307528 -0.9905306834779838 -1.8338025315292081 0.9556565121711704 0.4796511284815087 -2.5615723225204685 1.7412319225642765 0.7538916858162044 2
1.1630871749202578 0.6753372783818079 0.19288072416821644 0.7947358789839423 -0.3886083074345309 -1.4345955792942768 0.10965049923315828 0.13107144750327948 1.0609582023721074 -1.5545055250424262 2
-2.4023408251635834 -2.68873728981809 -2.095718800337216 -6.827158014074787 -3.995768530202033 -2.677118248565736 -0.1641491279002536 -1.8765003494959638 -2.6410846554864347 3.1440118769513274 2
2.265824297901459 1.2957395958831652 -2.7514008034476465 1.497631215740256 -1.2495331155536256 0.11808190938134266 0.970040239525512 2.4812259294408503 -0.2527185087010053 1.2090458207116201 1
0.8393230723105669 1.1701729218845116 1.1510408343574015 -1.0365580097840603 1.0671502055402864 4.156594317465706 3.52382390145241 -4.604052828260922 -3.4469743832748465 -1.7653535771446132 3
-0.08837425228574647 3.9993710303577084 0.44031344466308375 0.749609024115645 -1.5790126126698945 -0.44265252743077466 -1.9137261210681615 2.1285388621006165 -0.15790329537650738 0.004172345845416814 7
2.8679773517805383 -3.76411222708257 -2.226880265101408 1.032118764166325 -0.5626889058726903 -2.4899818822974047 0.8375537252247772 3.951390704699572 -0.24092958606213566 -1.5250206440382081 8
0.8556923449717017 1.420659367345313 -0.6581190608656218 -1.8545617211753842 0.5789342896218632 -0.7448169421178905 2.4069323629981243 -2.0785067701331617 1.0835833020745937 1.3472265257675793 8
-2.4893804241594166 -0.5932253001430983 -3.948972573325682 -2.8153529401189945 2.2992121158188135 0.8302164068954733 -0.1593330350853197 0.10235260713195404 2.0264949707033852 4.288824213622918 1
-3.4266790151004307 0.4908068280765019 -0.8678440939275652 -2.618085603324157 -1.2263788933138668 -2.6769571711682625 -1.5326798148266407 0.8056156779237038 1.309851183301633 0.7573374117296339 3
1.5935610431249785 1.8094693634420391 -0.9666184589138478 0.39221927387538513 0.12567213141674805 2.0520612465589525 0.22716841189759918 -0.23650160491644545 -0.850459481938501 -1.9715150228654463 4
7.726259996721208 2.40259414410958 -0.6493887410933792 -2.759722165188432 -1.4441241941483056 -0.36456033334632165 2.1888983404801112 3.8842590256862337 -0.2594362662257834 -4.317390989224561 5
3.1660344240944522 -4.779490023358269 2.0719602534093386 1.5727633727410906 1.9308298190875388 -0.5926321514804371 -2.332266629065026 -0.7264089602985552 0.5629162668696797 1.0451297382955695 1
-1.7042398583241432 -1.362793618168647 -3.0523679586656316 0.33199585788041 -1.1113908034826194 -3.820543194796247 0.8084751892924127 -1.8808790360839207 -1.4577193674574067 -0.14882513053565538 2
0.7658486008297967 -0.7325321245029894 1.9762799154828707 3.3544692544551173 -1.2871468688160193 -1.866045267847177 0.5258951730113135 2.4158329964121705 -0.49444093070348694 3.260622404331604 8
0.3021376946780573 1.0336239601809383 0.6862188185200231 -0.08166694384864903 -1.6058857322410982 2.4050628734990847 -1.2825019249375917 -3.2635785423305146 2.7328363255110766 0.9915694659767509 7
-3.559198016447252 0.9961848494476352 -2.7811790229639977 -2.5984558835778673 0.006529935907516382 -1.0799512287637756 -2.5681195266255417 -2.7747302838906727 2.880026084765052 -0.0032400672673427167 8
1.4175302190192105 0.13308813171890677 0.04878929757765582 2.06366648597772 -1.3794279931110476 2.7288715412366598 1.3814630387432667 1.1129541729303034 0.4235164201960334 0.004091227889555293 5
-1.4828183561856476 -2.0410137199440594 2.5214307837128658 -2.4815606999842688 -0.5498201077979609 1.3577460785035256 -2.198960254298927 -0.001628241705166289 0.5274663147153913 -0.21816124510921686 6
-1.2584706922961364 -3.286827016471565 -0.8761883711347029 3.772301911280022 1.806150063841463 -0.5647994512634127 2.189266905829273 -0.5807431841122828 -0.03820001947456819 3.373419659855331 2
0.22823703699981535 2.882572831796937 -2.1872355505860845 0.08964876099867813 0.7290002553794022 1.4695974615258698 3.0420224992247005 0.6373946766562502 -0.16275137922756922 1.7311641927811008 7
-1.014190215594898 -2.7446521325007853 0.556241996423946 2.115940744255675 -0.6810795850636215 -2.7126864622595526 -1.4780170473893597 2.7217180809381363 -0.6561977434515407 1.365396547350887 8
-4.3596684018726 4.253423341725663 -1.5857804983332113 -0.34727583324038336 -2.108402853564388 0.8372280124496931 5.207975005083824 -3.889892498819916 -0.26244343956746563 -0.13960780141432172 6
-0.6630903788011704 1.5343231609408052 0.11132030679350513 0.7640772631965622 0.45041718916859086 -0.08071538569370595 1.0749667584519282 -0.23190223388754072 1.8018730376374639 1.3975371305495412 6
0.9145966664157132 -0.1806153157884961 0.12537421339962873 0.3954906403014 0.5879939305027493 -0.9037701860685289 0.7722199125848045 -0.38754249955067 0.13791891943377765 2.478565803961671 8
-3.113668907339584 -1.3234587226935735 -1.3197350927974556 -0.03392100616056226 -1.8136907133046045 2.094676892320936 3.20375589947414 -3.7179984541723288 0.9684020863122133 -0.8086030359888401 1
2.29643319915161 2.0110489555816584 -0.6575262283875825 1.2466212394420353 0.630180918359734 0.39112333600283045 -0.46106005431645136 2.8451184059724732 -0.07694903744632087 -3.5622304300714176 7
-0.8196161793405943 3.9416373727187017 4.005953661545545 -3.9467311282996174 2.3276807748952013 0.5439594780231918 -0.6737299732069213 0.5786284459943651 -1.175482506692731 0.7299288482398925 3
0.771334942116431 2.3122596124060832 -1.1960099923649363 1.3974767568517654 -2.0204477745724336 0.694971727477265 -0.039940813388941176 1.9620457531889506 1.3527606985870344 0.4251029255680616 5
3.172626619129755 -2.5173056222324552 -2.9370932297442462 -4.003966286699416 1.3997301611259658 -2.165837505830033 1.6440926531892037 3.226677088796329 3.8925860554485063 -1.822364710511925 8
-1.6056470936482952 -0.9259541462714627 -0.5183340762499983 1.8619885923370312 -0.36592033957144754 -1.2686271727677563 -1.0235131715468262 1.0548878459218962 -1.266587093109016 2.057581440893652 8
-0.1005977035259491 1.461422218332911 -0.9331790319712291 0.39179969551677063 1.1413630674046211 -1.23903697061218 -0.33205921715465125 -1.026578777364109 2.6422259393667837 4.068575480167175 7
0.45118017391994547 0.48152353881927357 -1.4614940027632142 2.385502519764186 2.4670716438019915 4.411844210890842 -0.6521839318518992 2.9066639918662713 -2.050646446617701 -0.5380456646307028 7
-0.7490276025810445 -0.18163343425299394 2.0800741069857462 1.7526017977446529 -0.7213878927853561 0.6197445402729382 0.10979914315717765 -1.7414204280634737 -1.2464012295294844 1.294787485584366 6
-2.6333252813637458 -0.6272164918833829 -0.9992119045519288 1.2419675292664405 1.6774646525490495 -1.0293039886819824 -0.0025027613162229567 0.5731534611128648 -0.7073789248218907 -0.3679163190584491 2
-0.02509989044572969 -2.551095850478721 1.7323466659529227 -3.1346142751610877 3.209455232727705 1.7298717767602505 3.046605389478939 -0.8907719175602262 -1.4239763871508526 -0.7748032333128482 4
0.8955646698545797 2.3225442770401474 1.6780473240722504 0.9528318560200681 -1.3304883933770129 1.2108123543593565 -6.766280998336767 1.2194291804130901 1.300707306446353 -2.5339963581121 7
-3.463925384403511 3.336204262525803 0.9230393996821186 -2.539226759231774 -1.41460783395687 1.1736847442305303 1.1682351128548787 -1.820985361603543 -1.7178072839387895 -0.8652280328540417 6
-1.5206441924715022 1.4635995970921865 -2.59068063707062 -3.4617665488263243 -0.49094740649246893 2.9008934064550758 3.8774144934833745 1.701463678112039 -2.83713532386699 0.6368858558709258 3
-0.7869188467344334 5.730847113642329 -1.8488944356058168 -1.310535510729701 -1.7841547040401387 0.8383527683106324 -3.8800611279030273 0.8775177356893658 -0.5125949306664996 0.42331571144597313 5
-3.3651236568999177 3.823521355564008 -1.1980797416097373 -1.1160219129929128 -4.181269946441047 -2.0245743965385596 -3.5147774275585837 -2.9970277207696747 3.780641408386085 -0.3436841535533002 8
-1.9211472621439771 -0.052890621808119764 0.4374042114584411 -3.7187187064263627 -1.2824871858041251 1.022494200157067 -0.664177093535828 -2.8567099256967783 -0.21366810635047173 -2.819111830469456 1
0.06885964857038074 2.6100993205386596 -1.2075561163713213 0.5551558290724734 0.12281689459347911 -3.066260540191173 0.07999252602984819 -0.518420777211994 -2.111354284736657 3.6760766643462492 3
2.342091560573466 1.059134470807356 -1.9050379134997102 0.397947555835221 0.06774384325223837 1.0437856613935221 -0.891195843169716 -1.221279964503462 3.1327143494361596 -1.1912407135052068 5
-2.213820268033825 2.3362250906217454 -1.973142473039962 0.48189242947358024 -4.83842668503409 0.6331524436452292 -2.950781766396853 2.734474994267532 -1.1666877962210989 -0.597751374581083 8
0.313434187139609 3.545466557871011 -1.3181814156292597 -0.4040245059976906 -1.41787625111112 2.1125264581395884 2.420410189627174 2.016125422974442 -0.7727819816210302 2.8353173500391704 5
-1.4039226099220667 1.2591844347952597 -2.220232945555244 0.3601160933842271 -1.1768696958764218 3.9142771115195214 -3.4697924274661185 -0.6567951579169315 -2.1185452636100006 -3.305560392668797 4
2.194619385121179 1.7352986406568307 0.3113019199997843 0.03867523804685247 1.5990988540522233 2.760640600132719 0.20906519077925867 -0.7096306633573872 0.7893242101608475 -2.0690017481871417 4
1.0416163055081227 -2.529702072351211 -0.4998017513857398 3.7060595347946492 5.179095785011992 0.536929386010791 1.4763720835055374 0.10250848403021395 -1.2193199185187211 -1.006757987602216 7
-0.27731315107841714 1.9399388472638992 -2.378194172829085 0.7640713024751662 1.48297313277935 -3.9152198982581963 -1.6226548207786924 -4.513634692925059 -1.8413279936854225 2.303613970994214 3
-0.9297025954290157 1.5716525569951816 0.5787290817371764 -0.3576530137887074 2.3188737011384735 -1.740874525130209 -2.1271218806811643 -3.1946165219686105 -3.184405296510675 -2.286392028006129 3
4.446058011331912 -2.4294301045072633 -4.568325681242035 -3.795002209116529 1.827297221985595 1.0357513413689055 4.482959584234191 2.723993488195568 6.704904956363766 -1.6832884471206895 8
-0.8949905771829153 4.3006697764908335 -1.4208480093890432 -1.6461442550880498 -4.347997801494094 2.9125620266810097 2.0930690813737343 -1.9307455867826606 -2.3668888930724297 -2.7635264121168115 1
-3.3116765879587593 0.8994206956761605 0.40602568867101774 -1.0015269578187835 1.1536377624495346 2.7784184309661017 1.038201992971358 -0.006727814267924903 -2.3194938465186383 1.4514833309755093 3
3.8156988303324026 -1.7887300936864623 -0.9018694535485507 -0.5050156341843037 0.33970034633944535 0.8730477512680809 1.9180667291774685 -2.6102707791488866 -3.7260119357429806 -0.3107510827562818 1
-0.7816340610384827 0.1930550399370995 -0.3262850769090908 -2.130082893892346 -0.9097509188763372 -1.9646489113233851 -0.40928584900075304 -0.9738719530022395 1.5151871286018452 -1.937703360631851 7
0.5696862744738003 -0.3909065415426749 0.916527907664447 1.3282461008508837 0.8341920587901952 1.7463572048180436 -0.2698284654129779 1.1178191666265338 0.9456835775885473 -1.283572021362358 4
2.9210728708986347 -0.8615399450224291 1.3842179226921272 1.5549981255577854 -0.5459965806659155 1.1097441527971383 2.480686903056604 -0.510599454553611 -1.9895172465638047 2.4619960542186625 1
-1.062774835010266 1.8134386220260228 1.9765372974782411 -0.1806027269813516 0.7753048621340042 -0.444511134595159 -0.2894708435844717 0.566102119410991 -0.081451151015418 2.038555303880762 3
1.1534860716705657 -2.2712837060143043 0.04729582385732012 -0.1217656768464026 -0.5468413633987241 -0.07850324447672974 -4.993253227291242 3.1157133955213854 4.1850447540583815 -1.7426520723372836 7
-2.8903487460028576 0.40618825498917155 3.7915178384408144 -3.3496488248480176 -4.112588187802382 2.6646757669876187 -0.4741431029668157 0.44099030845190157 2.4374945006239734 -2.2975925861276596 3
-2.8834308393121137 -1.0141031831657228 -0.11329913426258775 3.8743644699363347 1.737530267830643 -2.9956509357499614 1.0011791862755697 -0.18164233733924195 -1.2369580888850897 0.07405229885632847 2
-3.494301647461291 -1.7497097081476687 -3.241933319428425 3.501843265071845 1.4056298350989214 -0.708624996399367 2.7956449152026313 -0.5963481931809091 -1.9177435268003675 3.1085656537533235 2
0.20653618050071465 0.5095256759596385 -2.5880478290784867 -1.3486513108159826 3.63073888125894 3.0509758913561154 -0.27470763536014675 -2.6183610125394807 2.20686520015362 -0.13011016989933277 7
1.4909620125145266 1.3327801791020255 1.6293069426783386 -0.3175262020181535 2.20669532063684 -1.7538933918567245 -4.6215067248799455 1.5909827068380609 -5.294672668119772 0.3324327829945273 4
3.1815054338434177 0.5893945831047795 3.1016109054925165 -0.21355636845179438 -2.204534820862733 1.4258352556553207 0.14275675055535142 -1.0961177030945872 2.443680507209649 -0.7880644424161237 1
1.215748206871595 0.39395663067071196 -0.15116793248401883 0.7853843239412012 -0.676868017219967 -2.2760520244824782 -3.546384719517529 -0.717094107080398 0.5509183778867175 -2.895480977090048 5
-0.9841712158964759 3.0647342891333436 2.1050522724113288 0.8834477692318816 -1.6113781951214383 2.062785280018626 1.672324249793856 0.12081093851224523 1.1075257069996551 -0.2815023477693853 7
-0.08126655995722931 -2.322925590219257 -0.48334718957998 -0.7332211351566905 0.7267531553464797 -1.3222668515693092 0.32904421638541426 -0.5378391459351435 0.46131388252630545 0.28716171457899886 1
4.4390802718392095 1.3758500523740254 0.4527193717678327 1.8482729992645566 0.9339476653160728 2.512837777605546 -1.8626785683765363 -0.11781723352308737 -0.9788638468620054 -0.6928396860207366 7
0.2965926807269996 0.6517086918440216 -0.03621528994828005 3.480146563887303 2.029296145116596 -0.12956488717121462 -0.7801892074906094 4.366683175657906 0.7469276139239609 0.6083339808637236 8
-2.4614537705015533 1.6605690193165343 2.674123556129196 -2.3645408260929166 0.7018882083348159 0.9680849690487744 -4.032021592849996 0.7050379062108765 2.697772527431521 -0.5043330059767339 5
-0.37213489986103043 1.4233393873983071 1.0000634259908452 0.24162213009441547 -0.6906303954725856 -2.105935791900893 1.3423827034195328 1.2564782619726074 -0.42584215080221244 -2.6873191360156574 4
4.4842447944496255 1.2338010589967607 -3.026273714262861 1.2881917711120656 3.1519162579942512 1.3124794526847121 1.667383825311155 3.2111822592093735 -4.243791248493346 -0.6636231369121061 4
-0.8100369550215218 2.792188274314978 -4.211222272789765 2.0548557706817103 4.892657495842419 -2.0355806761105377 2.090717634022035 0.13566510192709913 1.7606047144447978 0.47456240174507613 6
-3.1582773684373207 -3.2433392096912974 2.6154297961650483 -5.49879205161713 3.936901013826934 2.9905051166899383 1.2794413895870484 -0.48708098334413474 0.6594323536367772 2.345434772657211 4
0.2696942781249162 4.465624059050601 -0.9355683863112001 -0.009639188022354306 2.635296987600585 1.9776672277486944 -3.445888346580821 0.7858097910641877 -3.553992538446158 -3.7493512576823815 4
-6.629954204644606 0.20442674960502716 0.4783565123707424 2.2522772093864387 -1.409474111984863 1.4633499787094224 -2.5581382152279817 -0.25230026510743975 0.5536269829277687 1.7877792247729807 5
-0.41071916449698076 1.1688735322068937 3.888979872250546 -2.5794862748528344 1.968077829561087 -0.8537286493592393 -0.17024635950031564 0.3299255108026605 0.31629955869390347 -2.7294743840666196 4
-0.07891404681518965 -0.4533931133704068 -2.145114642616336 0.24474961106926063 1.5664188422470913 -1.0982308051777687 -2.4044411082525157 -0.5565802696325097 -1.954685407735209 -0.280982523194078 3
0.8352912811573863 2.5528653717890046 0.5325501576845246 1.4283828658860793 -7.579430096494518 -1.478943603002804 -2.5525911317533936 0.7732270670178655 -0.05715021264700337 -0.41958116312555394 8
0.753954850436473 0.11572945468351459 0.5712642260715137 2.2549376484753862 -2.203111116320893 -3.490909797650765 1.8725479416716202 -1.4782713432690366 -2.242612084520861 -0.6431279910180976 2
0.3115278287324228 2.787080086185843 3.2418339526282938 -3.2530988600554807 2.722596480262337 -0.09576514266014491 -3.824702075914643 0.19989334251753044 -1.4745406151548788 0.22779607590234008 3
2.141586515450959 5.091138789288242 3.7511175283171863 0.5174862099242166 -1.037645359110914 -1.8871612500862627 3.461104435768258 -5.004265273436016 -5.6525924197913975 -5.115647054296922 6
1.3169002265415193 1.8637638535445542 -3.7373210174934055 0.2915369498743863 0.20188327937673967 2.001027823819724 -2.100486113695199 -2.328918271603704 -2.450637178884765 -2.532411379032766 4
-0.7810511085412153 5.241788459363062 0.38043864612168177 2.8081663084257635 -5.717387666559695 2.377623632024252 0.13258404669718993 0.4939444108380331 4.7298544135947775 -0.2922447733394937 7
-0.20665888527855936 1.2490866530763367 1.4375104963844823 1.4091374217870052 -2.113532887156568 2.204011537649741 -2.794258378115215 3.148643410013964 3.827830787841738 -2.3353437802971286 7
1.2836422287899159 1.3376884181324515 -0.8008051384452471 -1.1822524863094284 -0.1605279769534962 -0.6945555113848186 0.9569036640419943 -2.5403856291506743 -3.660111712751631 1.6265550935173334 3
1.2563315270061053 0.5306606765312742 -1.4992621421691041 -2.0227435697818974 -0.3479014070225709 0.016351339863115655 -0.12455811472295064 0.8190050198605456 -1.357835469346592 0.9180097383733012 2
-2.04960779946044 -0.1517077019008708 -2.105424245699554 -1.8701314237769293 -0.5708139044269811 -1.3547034942479712 -0.07871523427085347 -2.932025666216546 -2.0228452642279287 1.6800532497467893 3
-1.826954893249353 -4.149179220036069 -1.26277913784319 -2.9816418558887765 -1.8054730882960652 -0.3337751499674948 0.4590038542109788 -2.761648094332499 -0.3794090256207274 -1.715839734099184 1
1.0065516356809547 -2.9140067408487913 1.5306582543470473 -0.08425681241011562 3.8055730126835576 -0.08265297973424746 2.9425404694658797 3.193672164359936 -2.653686472890782 -2.4048433109239964 8
8.48432054656841 -1.2314273775893883 1.949631246079751 -3.419468728144829 -0.030292314973079826 1.2861086975210434 5.3065115671768694 0.55562301937835 -3.1937354020873023 -6.124035480647842 5
1.2284550935472092 0.1365170946163572 -2.482907385847562 0.9272866179957067 -2.4704875447752537 -1.4107187201860971 -1.5364264836307195 -0.5256450680119429 1.1280987388401762 -0.6359846452780276 8
-0.9411617251474111 3.5009800105385334 -1.4561326833520405 -0.9483983478545877 0.4230809626226516 -2.444646908046564 1.5384001015359603 -0.2968409845839419 2.188025871190444 -1.349733132965222 6
-2.433109490503332 -1.3390723910483207 1.2412360563092362 2.0276060369691455 -1.9890831731620797 3.0874379564031607 0.09719760656307042 -1.7414794952197354 0.4577602762669907 -0.08995830035446861 5
-1.653864793868453 -5.731728860207795 -0.12704978372866327 1.933967811225275 -0.07502274390373054 5.873155236997682 2.1731640585257104 -4.474136296528554 -1.086612565782919 -0.08623829007049277 2
-0.2890292161628104 2.4832262360004576 -1.7942378726306987 2.849787544053861 -1.3191958319076795 -1.777087312684346 4.278579671520157 -2.656404773859975 -2.0546482783873343 2.841394047314278 3
-3.0143539123290197 0.8107434474310642 -1.677434537844293 1.4765663415784205 -1.6798544666247746 -0.7570838587261273 -2.005052400618097 -1.1243581243339555 -3.855340686409539 -0.5826150946497435 2
0.39495136213172044 -1.7384999048081227 -2.2397861550519202 0.6209186073294086 -1.0619049092639956 -3.121709568159914 -2.749618581028592 0.9714798248930463 -1.539541099339075 1.2515624151783036 1
-0.39361351928599797 0.7252504486193749 0.15270731693247908 -1.1387855563344047 -3.3766418635120328 0.3853626700377587 0.5481795150375903 0.8861366963371733 -0.0001099668544777277 -2.0377270702349297 5
-1.0856572781240448 -1.7648409935148048 -2.495452028638466 -3.4056009085590713 -1.5437025918205105 -0.6801303506672889 1.3932329462739041 0.7240442313633082 -3.7540184048593632 3.5928597784132332 2
-1.5824785580928218 -2.906138277898851 -2.721036392268364 -0.8587864717057618 -1.9691279783941114 4.859612600927702 0.4786601889781701 3.043867713333384 -3.4976714966403515 -1.6589292267982558 4
0.08333265943006585 -0.18770266725245865 -3.2224843839253885 1.2037489525287293 -0.8944243787163837 -0.7125322564262786 2.8598606921078247 2.1569281562556837 1.7127659752473794 -2.1469877477248844 5
0.07435703052971976 0.10270625952609891 0.8134950964706502 -0.100919253434542 -0.3871638828320253 -0.19038705268388711 -1.7578119634119092 1.2249797707391412 2.4359402268478716 -1.6520228985333731 7
0.94573336141783 3.9621242656431037 -1.1723192787543977 3.1545729861416874 2.4721683840203035 0.18874756367110435 0.11650367791378657 1.7135049298830038 3.8570781278018167 -0.8008387379327602 5
-2.7897358991532606 2.62687525631142 1.34125443887901 -0.03669135089947573 -2.203183506382013 -2.7804360430963997 2.078056536192891 -4.669791943773172 -3.175224659412945 -1.0072611479280942 6
-0.718677062645936 3.786768638347907 0.6709041008842768 -0.36416907285899525 -0.6152453428653818 1.2038913043302846 2.7339972099254393 -1.6397824060248731 -0.9533518912503848 -2.1378936254599745 6
-2.0665214746262435 1.7682414476005233 -1.1790621803025345 3.904251909063468 0.7923240262520996 1.914730342924868 0.700224636712512 1.4489779211046478 2.0436321428064805 -0.17030041233726356 7
-0.13896841509667324 -2.9075059821971423 1.93154309476941 2.147131007246882 0.2963007804156014 -1.0221836069303358 -0.7133377557207019 0.40236944235162 1.8559151632522468 1.8024606259588176 1
-2.261296950063893 -3.6784949363505066 -4.210500758256474 -2.0663873091854548 -2.8179262006692642 -0.4071354091813486 -0.7465205659211354 -2.0797283660722297 -3.8387703727138653 -0.8138338406379813 2
-0.9103466300388255 2.740158748436949 0.7838165241417108 -2.013471294389276 -0.17083176244135656 -1.2609062946135836 -1.5496804574340883 -1.0236809625274859 0.10969888289854057 -0.7156358767644826 3
-1.4255135522420481 0.7060268478089551 -0.745325859835211 0.14569467985987727 -3.87363910868959 -1.5898316975780844 2.589973119309364 -3.166241734858838 -2.8288352007864184 -3.234302648232244 6
-3.5122808879807375 -1.35671408435937 3.244078417786471 -2.719846604477003 5.722223830113289 0.07858867412485071 1.9689989065154596 -0.44152517408324954 5.87801672570477 -2.016248792239704 1
0.9635752662493975 -0.6517552307019907 -0.24907785437307528 0.6431224743581755 1.0020670890272263 -1.232521909375511 -0.6956452377974125 1.5464967181947524 0.9863156677336969 1.3455671264983962 8
-2.2623405813839366 -2.0311568036115215 -0.753005008643252 -5.415899858988089 -1.7560793374296007 2.863237391081545 0.812087551987156 -4.204550632530584 0.6705803306130143 1.419210019523264 2
-5.819033892088491 1.844231352141504 -0.2812429059052699 4.138523822533651 1.658474877667841 1.607029724389284 -0.0029118343560636806 -0.5830553247113877 2.911061023483689 2.504273990945188 3
-3.460586788127384 1.4424392901094745 -0.09674358560588159 1.6453541576209072 -2.8006015837891454 1.1720970071818793 -1.8168091416144057 0.8906892511288951 -0.5496662681882685 0.18948129315827522 5
-2.2655596277784538 -2.1979562968147093 1.7351194396223664 -2.150527884785066 3.131450269010812 -1.3492959040447974 -4.129902702067743 1.8422542970644793 1.017710810741069 -2.3917170238350938 4
-4.318995655607203 1.8057594371159702 2.5610558952469695 -4.086802869709352 -1.2489288031193753 -1.718873532567033 -3.797173129178768 3.152433942840063 3.994032368351287 -1.8846313943403183 5
1.6324744799715458 -1.1423225514516921 -2.0579217476174816 -5.084815560528057 1.9030387982717931 1.4912288418030628 1.9959287140354216 -0.4997434111958091 0.3738520920220867 -0.6697476975137255 2
0.04500623477159471 0.8341562127594455 -2.0289191477296704 -1.2698029413229484 -2.6500422934927235 -1.101670479324471 1.3633894081393079 -0.558516565034781 -2.7924616386183487 1.5249842489088978 2
0.0848303455262982 0.88922185647088 0.7585130364746261 -0.37789068015542027 -1.4414308949005088 -0.26779093183972824 -3.09617935590536 -0.210523607493194 1.0888717758570807 -1.5368549030691243 7
-0.7627719793106282 -4.247460336776723 -0.47838792814662834 0.023087843885331694 0.5421151327064888 1.494471242783848 0.6439977033412955 0.9752600626625746 -1.0605330068311882 -0.2511969828253281 4
0.5925985833296146 2.00130542111172 0.1780480905896984 2.5177526306981988 -1.1180695877220947 -1.3232169687567086 -0.5065915305894069 0.48492705680383985 1.9891490012500914 1.2990518445257861 8
-2.3763347650938 -4.529313965050756 0.9545283087078498 -0.6596956378357796 1.8261364678617609 2.1980152945746108 0.8552645519373288 -0.4565721278289583 -0.5123300866471604 -1.2616937494706917 4
-1.7918168013332374 -2.654841028669029 -3.2783916886061593 2.634105384949554 1.2743969507354835 -0.09108835850009434 3.648183848494619 -2.2207483871696203 -0.4896472362744779 3.4169888481613007 2
-3.1352733948515255 2.307369847849188 -0.6687484555963255 0.10797550190205607 0.5794063110919383 4.3236057681036835 0.4267168293276894 -1.4519436684563878 0.5397242538297653 2.290577942511012 1
1.684863442249609 5.713765976057385 -1.9841544871490187 0.19069429711982944 3.003778555528002 3.018925643993149 -3.1078304109758026 -1.9692917704940625 -3.3806195202279627 -1.5738305946527433 4
1.9533207492595257 2.1630461550761177 -1.6232388134861164 -1.1863252376388287 -1.0400476406810006 1.7860452015404187 1.33960782868975 1.6125882946302665 0.06940131374532299 -0.6164200242215139 1
0.2764866930040475 3.1820720400559313 -2.464576980936207 0.09987198161231725 0.5392407537149619 1.6726705063877745 1.2583876781024987 -0.1671451841256969 1.8461807373803634 1.8538246115299433 7
-0.20279603826607395 -1.3517075801182603 -1.1810440815264818 -1.0584855092126781 -1.7806169983887745 1.366878923377253 0.884047670031328 -1.6713434536587237 -1.753045144813128 1.7245632856110036 2
2.704519062211356 -2.4910325909356086 -1.3620478076683957 1.0354321761022098 2.8481501988909734 0.7141115340873245 0.27765696212243207 -2.370013647787391 -3.5872539216479384 -2.7413431154009467 1
-0.01702150766758037 1.1843231672539585 0.3284240341353498 0.012572456913605423 -2.3469757215733003 0.992740610119978 -1.478788972403599 1.6099277964124417 1.8120320103127718 -1.62051610569281 5
2.6102523227576366 2.978142163252227 1.2468267075664201 1.194067080201757 3.768211500895027 1.2973009291168909 -0.27558226708283506 1.000830151994065 0.11835992672252371 0.44199580642348724 4
-0.7887821018896128 4.371056231489225 0.9989694118855165 0.3284542266721495 -0.4140003443628071 0.7416742848842741 5.1436530855769425 0.38588171101354307 -1.9808359670583824 -1.7764602936640084 4
5.321581409472446 -0.8860919689970124 -2.0104768660048373 -2.3583621840375066 3.719456350366494 1.2669974855201915 1.7578613176386961 -0.27811987163467544 -3.1397592217649044 -1.0739595572672505 1
-0.843613571302896 1.1251982594308894 4.539740855385933 -0.8328921757981494 2.310214441207653 3.8010156803043955 -1.850123440911811 -2.4507486466104904 -1.5086477845466022 0.3962200625633665 3
-1.9904949823421756 5.103999584107348 -0.48426456407149665 -1.6850512980512227 -0.6547728277045792 4.218214445585419 4.336841956422209 -2.5953169135093193 -0.5122938358287092 -1.736128521013735 6
-0.8534597624993168 -1.3821551796105487 0.17208429803297154 -1.768654252620066 2.9252706457151945 1.9467495666208037 2.18647721007509 0.26260847411645094 0.5532413768758768 0.18223788287793097 2
-0.1330820816157866 0.4117588696705631 -0.2764110310253094 1.7240192993738153 0.1444753712483553 -1.4690990098916412 0.9374499638572217 -3.502609430059467 -1.0733673869593212 1.955156500081789 3
-3.450704463982225 0.4657475754253122 1.7884875975470798 -0.812967244356704 -1.9243814261028502 -0.60909136314316 -1.3678395369004264 -2.357824751794304 -1.028856589356604 -0.05765468305455679 6
-2.251816090124949 -1.0804771664964221 -1.4137292963548425 -2.751573062479599 -4.460580148757842 -5.263050254726895 -1.845249016134534 -1.6635004421208128 0.9309986298651873 -0.5446604346217214 3
-6.427847753775923 -1.4959723612059657 0.5211485623891841 -0.12380600612545622 -2.3493449799436177 0.8371110440552416 -2.033394484698072 -3.4818524172224303 0.6918370936008349 1.023745645214224 2
4.788505564819981 -0.9906243874863068 2.8382009747970134 2.7447024681355083 -1.8334645159212537 1.4464921679815645 1.496279130021417 -1.7716142739506737 0.5413080528274641 -2.002420370228295 7
-4.175927455353824 -0.4542407423615805 1.7344290368604098 -2.4562637188031466 2.7042708494198937 -0.6497366607931316 -1.0184826612056344 0.9060805362016652 0.32486228662726924 -2.31681122777374 4
0.2792241817223826 2.570787584419892 0.8634464782730793 -2.0017464822225692 -2.797584169276797 0.8035752467181126 0.4328266741926514 3.2465164660111467 0.4716331010775445 -0.38137676459494085 4
3.272566725071257 -2.869471460336783 0.16928952494705807 1.1799963472615271 1.7221026699227866 0.4592476785661592 2.977484355065 3.174002075438254 -2.561468348237265 -1.50268423685614 8
3.5460926916280484 -0.733824751227333 0.7923190141729941 0.8958823369807491 1.049651487350623 1.7987001204206652 2.1521835085101504 1.1066336448786176 1.3366179161584344 1.1512434152497728 4
0.03036690863129987 3.938775200236214 -3.9239918955278292 -2.2775959737926676 1.7607376301179865 -0.8343126141888269 2.230842304630849 6.372564474036348 -3.8326525786718366 2.8877616362371525 2
-0.4545327701246191 0.1676542571517785 -2.4500928130406274 0.25102243624340215 -3.1132222935144944 0.534960772991854 -0.9923031722756046 -2.7855108674069697 -0.37802232426529403 0.37229360774678977 1
3.589158035130434 -3.7507004470767646 -0.7577628684656613 -1.0233506291384287 1.7803549914276546 -1.2678618701886641 2.2910163879334142 3.9883916276811986 0.8520923969210481 -1.1280447986867481 8
-3.330415897848061 1.0187117445486384 -2.0796969531413034 0.20522218822098703 -1.0882380533277414 -3.242642849574777 1.697228179664231 -2.3799809673488603 -1.598437593392617 -2.4955644470329945 3
-1.1445122901554576 -0.023169878373417552 2.7807445842569023 1.2408426900993927 -0.40827897505802135 1.6323109125040884 -1.251034979549941 2.638171057582613 0.4012425624938496 -2.7263403671270425 4
-2.7750257649976655 3.404284857976309 1.8538845913750837 -0.9029565970790226 0.5801823725798347 -3.6627000860309282 -2.435228577904642 1.3637189540498316 -0.774127687426557 -2.5060917332238777 3
-0.3194943741156768 -1.6938939812228302 -0.5705779316864539 0.3397973903308169 -0.37492992877000186 -3.761703254273967 -0.010074561900048185 0.7219572290142326 -0.6931271720909526 -1.9120141383237481 8
1.7861926962337833 1.764008999418225 -0.7809354716133821 2.6966107746986654 -0.5415619590167571 3.1319260488657115 2.1198182946311555 1.9570483415399749 2.768147598353785 0.24290106447267878 5
-1.4042054712399472 1.5225788663467266 1.0039246362970582 -2.4873113332581314 0.2887096622926707 2.113696699638197 -1.5689821586883967 4.161648030562584 -3.1901107070767076 0.5827404891892054 3
-1.4992558727018448 0.442053856271476 -2.730337535308803 1.0841579325717907 0.705933265568301 0.7376613251851358 0.25538309846579654 0.14564126708734015 1.8311648087177688 2.1066190261371434 6
-0.5282431369111593 -1.4526438095974936 -0.7130311789782511 3.085603163371526 -2.6761735882410664 -3.76207697711027 -2.261693863922305 0.41594238003356465 -1.0914821719685293 -2.626366674714297 8
-1.6102600129269535 0.9905620863008868 -1.342739180618518 -1.859110708548978 -1.0428269457292825 -0.5746092198212294 1.0156416230582053 -0.7362260605889825 0.033192702194878576 0.08113482873650657 3
-0.35239832825003337 -2.5353353145423996 -0.5831326573658688 1.835382069376048 -0.5534290012662268 -3.5131678426873 -1.529298649688446 2.4573251073334266 -1.4311600611341948 -3.5262464496151553 8
-2.0086172349078293 1.9630448904443762 -0.2117877041155365 0.3898986313278787 -1.3476002455651517 1.3199840125183964 1.5703371222891578 -1.3925319000697294 -1.3970743309026379 0.2617664909793733 6
-0.9758480951751538 0.05333548167636848 0.7732574675427426 -2.2703393082803665 2.830925547585715 -1.7021480399628288 2.2479558145497314 -1.0255733969506995 1.8211631846417815 0.46946069894133546 8
-3.0922162349029128 -1.1255937966384089 0.4642693770580366 -2.1809257392284893 0.7472577073839115 -2.714453487704769 -5.42219328067811 2.6370260500156295 5.249021429877977 1.006742945011045 8
-2.28453724347074 -1.655630736568594 -3.6720253565864773 -2.1808625832140844 0.2704160713573238 1.8375141453326422 0.30593771952247617 -1.11351875497417 -2.7494193169640937 -0.9591408022998851 2
-1.3430043898833914 0.8833276905136483 -5.916824778719472 1.6256950528496636 4.179427318580894 -3.7533935162235372 2.02152415129782 1.5043894555015482 2.1210445567433664 1.1331383003269324 6
0.20387259134622226 -1.1982574999185323 -1.9143876432458553 5.528880231634558 1.273979978097847 1.1314248847168036 0.04404094860656926 0.9481580957324878 -0.9123811335556689 -2.681358632953786 2
1.1377756073733503 -1.0195096106030324 -4.397794917370924 -5.660197285043493 3.5366730692282218 -0.3837878039429017 0.771837572276858 3.0802598482644123 2.586109152642662 4.649504029357379 1
1.3374361765731893 0.14051620106845242 -2.2317085129698944 0.340847204678679 -1.6765527926691806 -2.003676841859339 0.2970352069501113 -0.2253608681549486 2.1809560864965514 -0.5102889544854072 8
-2.9782828535751875 -0.7854492551841338 1.2740904657122925 5.661067200517973 -2.8563786110649083 -6.181616292132244 2.827990772759991 -3.0968583959071925 -2.4249991434878737 -2.0986081435617154 2
2.0545652991898917 -1.2946243645392075 1.5173701817826153 3.0886012367745557 -0.3596390505743736 2.9165145941377757 0.056226349366038764 0.3345608370084031 2.5731280584746132 -3.621846968548669 5
2.021491823887024 -1.3302898188455063 2.1067015119790526 -1.3841730640411514 1.9428407894019029 1.878745458497711 3.4841189972293702 -0.4805362844079789 1.035599718699057 1.127556725461171 2
0.10328086741926834 1.385699111143489 -1.009015231129261 1.9371403806147538 -0.788856680444096 -0.5548114366021148 -0.7127149335243006 0.7181771923304325 2.2381097645267363 4.515741243918484 7
-1.9864280679179669 4.489314655335322 0.7885200755201847 0.03787486011801111 -2.694514837786139 1.000132996480151 1.1252801996188329 0.6317245277598764 3.504519557293093 0.44155534435089516 7
-0.456223285439851 1.2846162511624701 -1.9860506159717648 -2.1574792919254713 0.6788029844178043 -3.2125280538029655 1.0202221942985823 -1.5156709367085182 -1.6571194333245598 -1.20126889408164 3
0.33821422005285373 3.1661627203978426 2.304508975470297 4.1984974144711185 -1.4732505832527385 4.023918745545668 -0.8702062708307039 3.9561974737248535 0.1607734304233197 -2.865286080344498 7
0.879416185738578 -4.001388039853731 0.8329763650065949 -1.9796126893867871 0.31042263213478927 2.9138263516098606 -1.3508390612622714 2.223618696647132 -2.634883473842434 -1.4607508443848685 4
0.3060976668763974 -1.399360666418162 -0.44584217225078526 -0.7591383945998309 1.8019187571235329 1.6328690654210598 0.11158512980252666 -1.282949736925471 -0.3552929220877241 2.1816685214144975 1
1.2709711055553468 0.7646159943232272 -1.4565551686668816 -1.7620397244073231 -1.928446040491661 -1.4102144295527461 0.575358058986867 0.6147861785451916 -0.1635321603412343 -2.9822833138753335 5
5.887227616019625 -0.5137032560324801 -0.22580363361886868 0.5953174671393241 -0.12543523333947382 2.4092139708429388 1.8753935569582136 -0.8562982352907471 1.445634987474486 -1.2593723352755157 5
1.8846412939797585 1.3856722013888598 -2.5067272622882943 -0.900355602427731 -1.6670751797175576 -0.8515486707807498 2.0670240510445224 1.2506463821644336 -0.1274285456453781 -0.9810882543004218 5
0.06422632960725672 -1.5141238538205724 -0.6281700727615095 -1.8791012759908203 -0.5881331041642632 -2.886606639566441 -0.25089901764406086 -0.5966329354300006 1.400412010634136 0.39653434804788446 2
-7.941495877266657 3.546980964790029 -0.6393801865037732 -3.7909426641223085 -0.23484865877807515 -0.45536089050811923 -5.242745864885856 1.2921879821236009 0.44505273283028646 2.62415419951471 5
1.906486442705721 -3.4849694126230366 -2.9850887557711174 -2.6746297058907844 -0.2562093515830086 1.745833077552899 0.5389223440081367 1.9810239058946815 -1.0451629790386885 2.249007375275367 4
0.2455787850405795 1.6271527772009806 -1.928652570017557 -0.0021948598041231504 -1.6690213762026893 -1.609828253533752 0.8055525791137041 -6.071641346933266 -3.4442453623591587 1.4433509008633192 3
1.0582902842490585 0.4713702220488569 -0.6781507472317518 -1.3741044025681592 2.6359364601788773 -3.18406822745911 1.9917580740988323 -0.6196868642457078 0.06541170638077443 3.2420877622202795 6
1.88750452088304 1.940902969593039 0.24619374866371913 0.5709334681161498 2.4823556246800855 -1.3368284791464735 0.3114334368174154 -2.5659396924868947 -0.053252692066852125 0.49658439437606916 6
-0.5637060309190953 4.281671397377581 -2.7321914809945214 -0.10444949166856743 -2.3101080947275316 0.9076718187342188 -1.6539043145033017 0.329805988347209 2.208335103592068 1.2295507335883322 8
-1.2179724982858464 3.0542714236632404 0.7928938993495267 -0.14896749490684957 -0.2642454340112095 -0.26169722793965566 1.8970135290580923 -2.198936732511442 1.3638880863768175 2.756258618777373 7
0.2430967941443576 0.023167917337469257 -0.21146844701043133 -2.1129376423218167 -2.993869575184606 3.073468340731303 -0.9044835431057761 -0.9774570489711725 1.9029183327892363 3.751126482241649 6
-0.8231295578579116 -4.033069205235606 0.022819473629303477 1.0856249826801463 0.4347384672586233 -1.3263337512239088 -1.4354936199833932 -4.955491960716117 -1.9321124526953295 -3.5370710044777827 1
-4.2133547610773405 2.6947658102452623 -1.0480245928884548 4.009391503926786 -1.7761496897689732 -0.8304808336436875 0.1287816807001506 -0.6205905904778143 2.5811148200186986 -0.42329189452831684 6
-1.9327160821630656 -0.8264224754965122 -0.04692542493637386 -3.3222440280425203 0.6310666136170393 0.44433330520006775 0.8533253022358374 -1.3303653555248964 1.6537329491870656 -2.2196765115191717 1
1.9436344471884208 0.2964783141195134 3.7565166108207437 -3.9141201703073745 0.3323745513945049 1.9983170884461412 -0.7101131199251023 0.7342226785457748 -0.8706046940215306 -4.202732033097646 6
1.5984134089657451 -0.22152556838734783 -0.63755308946394 -0.10351986970567562 4.34981115703514 0.26805108010867307 1.7273051355179692 -1.6880453753751368 0.20352571980179623 -0.30080221906388394 7
-1.608798180745008 1.85903586384465 -4.705794562726771 -1.1954023994068907 1.644876514986152 1.077549590816639 -1.722981638290881 0.39204749444884424 1.987591493883007 1.644307912391768 8
-3.4653631522527135 2.019377398027566 3.7831841026587 0.49676777689060225 -5.81061587128985 -0.19730693124150922 -1.8920354352155588 -0.4820208746691035 2.52712039867221 0.3884619739480131 7
1.368229369149081 -0.642531626255961 0.24985210224490517 4.774374297137154 0.8044936625176521 1.1742787015400913 2.322670106099648 0.13213680179044562 -0.9879922913023935 -1.5732366720202977 7
-1.9258230757244066 -1.777718480369991 -0.08673859477079982 0.4990919147519002 -1.740922750432953 0.5478280033578036 2.5728716525403312 -1.3513939320914976 0.8148808472333999 -0.596779680862674 2
0.9623067917802557 0.8679465409499838 0.892376477468025 0.07277422568764669 -1.465899701908043 1.0068027324890456 4.182794389824313 0.5373588048069431 -0.848488899347836 3.199484415443194 2
-0.07773247017897833 4.106967981848225 -0.4274568531772668 1.651925659154092 -0.22473387603106398 0.5186654795402524 0.5738259521065081 1.409459334543886 0.16888838580578258 -0.7894561013322261 5
0.6957707144927656 -0.5960051635670753 4.004927825539218 1.264294492426322 0.9922666876575816 -0.24442979972662782 -3.125735428177655 0.8566566679957381 -1.020914248767602 1.9173606335635376 4
6.041438798724663 0.9233240505537489 -1.7178575807732117 0.058670307955569045 0.12178609388699668 -1.1592743817921125 1.0983899308605916 -1.0642218113405537 0.46034694740336546 3.3663829650768733 7
0.32445819610767335 -0.36252185153564187 -2.977350212623975 -0.9089201985597672 -0.16678930994782237 -4.864451233850357 -1.9503262861610895 -5.986317965353395 -2.3867992814539574 1.1561051160564544 3
-0.5597599632987564 2.9326880907482877 -3.3591229694804867 1.3644393470612601 0.24369663697679622 -0.4583641644390528 -0.2555653531362243 -1.0469658201285057 1.9048231618578546 -1.049708401942707 6
1.282975801959494 1.101195253909304 1.1241468788770892 0.6754018494202201 0.894307692026064 4.250280116489025 -2.7637757450170835 -1.6033230335781643 0.6347170202714183 0.11158287660194932 5
-0.24098651832112217 0.9948841040374452 4.661468164283081 -3.244065647066255 1.1604167279995377 0.7553624736806159 -0.2401752052392614 -2.0190563540923034 0.17409163349443313 -0.2362699485965466 3
0.03891500102575862 -5.24822475647441 -1.5056872780226183 -3.5888328416743422 0.8208044605582292 3.882937535923533 -1.7373847844257337 2.0075085294399404 -4.399677838054754 -2.291391415598269 4
0.27525034003587656 -1.1918064727299713 0.3130742112383389 3.6611735823359837 -4.862215009898881 3.1122525341685 -1.0550911660998057 -2.057963381846509 0.29308805665806925 -1.3985423729003594 5
2.066644142937438 0.22715637790999088 -1.9526284430887406 -2.617226693106348 -2.1980788646154803 2.731494046000801 4.9908394222348225 1.6263346682684978 -0.2599267158483123 0.5119921982738682 5
-2.951960916314161 -1.3236181172056205 -0.9832830020623162 3.1081844053570227 0.5408854275379584 -0.6135403861024498 1.3532307417600462 0.6029761787072199 1.9860934351806674 2.71666892796027 6
-4.0334275833570015 0.9517765698077655 0.4028061033403596 -2.7177139148860343 -2.53738852274234 0.7716236315078204 2.1497726924059357 -1.9895414466664776 0.7216345509613677 -1.745240490143381 6
2.309687909259578 -0.7158059431130437 -1.0148776436421176 1.8484483918987413 1.6007311172723724 2.1366503525884792 -0.47253409947063363 3.6804876390977297 -3.463914408142633 1.8932013714087916 4
1.5261108744012581 -0.141061792211977 -4.57789652018017 -2.4161660656715 1.9891811683677711 3.1260736862463756 2.0236105340865898 -2.53231147304707 -3.723498619819269 3.1150369571574514 1
2.5765409437191766 -0.3667177719324891 1.692477549579555 -5.06235280729789 -1.3339188587890565 -0.1137120262164597 2.418581666682368 -0.973374875595371 0.8482776177075435 4.395450926669389 2
0.7262897983150332 2.8232895246720116 2.506235232553253 -2.0458516429210927 2.1493969503484296 -0.3090170200106932 -1.10794155991214 -2.141104330524282 -1.6264549773902983 -1.2117560004366787 3
-2.1591135481227015 1.7907267566332103 -3.557510589519584 -2.5651347495920267 -2.5391716363016146 -0.5021940068751516 -3.2682221259054436 -1.8221161775284878 1.448771432738867 -0.7945497131308346 8
0.32358199167238566 0.844298532216956 0.05299039612069745 0.13022866285572499 -0.10576442310172951 -0.9100574142199785 -3.4989381532730914 1.4047694056912192 3.862371022265687 1.4008773189183703 8
3.539473827574518 1.7135250120249819 2.7588861520439543 2.195174212036407 -2.3338543403432865 1.5524164054494798 0.009009404519984443 0.27338725341195425 1.935779948009392 -2.3991606713141294 7
0.37781737648088476 0.17966115219681555 -0.627360170840036 0.25771468703460676 0.866873453650399 -1.9704105977788609 -4.417535905638182 -0.5190918852046611 -3.462873537799046 -2.793224113746861 4
1.1175186057254232 -0.46937840593858127 1.6497749615128163 1.022951951618828 2.4951853042626757 -0.26338901903865786 1.0678738431386012 3.234337145750263 1.9740766541622174 -2.3213595313550544 4
-3.0210218647799687 -0.7724463560786587 -2.9228417211170763 -3.3427460541272147 0.8420987636435464 -1.2601173696799735 -2.1368298458472985 2.4150666986585394 2.1970398948640093 1.1087225899103272 8
-2.7855879685507503 -1.6298612960283436 1.0080767218573077 -2.848641035071288 1.3030896297192185 0.19820406726795337 1.7014763696614734 -2.550420953471815 2.41034829924902 -1.368417076971748 1
-3.691608743678622 1.901562160831006 -1.5838482097245559 0.2806796635347626 0.043726171786770074 -0.11862399361485387 2.590017999511219 1.201315205914241 0.9569589187164089 1.6418510921778804 3
-0.8489121915275707 1.163046606991419 -1.3831215537670212 3.0483216062765393 0.9920987052761039 -1.1599226991426743 0.7629642583278806 -0.1406280924360861 2.2758150100853194 -1.165530898567376 6
-1.4923668674114186 1.7498004486773904 -0.9366282192569759 3.626813884405347 2.9911180259329493 -3.5794989631049994 1.5151553724266948 -2.4332449577400492 -0.4234282856586242 -1.2864894858458977 6
2.054014036214003 -1.2625221000486233 -1.9793848822300824 -0.8361864629435963 -1.5174297680024083 0.2054818040257126 2.0353989557397947 1.6742404602342293 -4.478064026536762 -0.35597499221952 4
-3.1163681980366733 3.039661619840753 -1.7892165237911803 3.543337768235825 1.3360250717902173 -0.9776678851055122 2.660861278457472 -0.1945955585674528 1.7822375489515387 -0.21699053897080978 6
0.53703531947659 -0.5475581424341944 -1.5329253630958688 -0.9869352896243139 -3.282573305037102 1.8786265488672804 1.1270926913550496 -2.051210479741735 0.9352882745226525 -0.9125900083765598 1
-3.101200763917468 0.5881126648088717 1.2902718953317787 -0.8692099710043232 -0.3482110817096362 -0.8131149901220796 -2.5877560932299475 -0.8327219932844762 -0.7536833530128239 0.6687720103921195 6
-1.0028404949681118 -4.802768640848166 -0.777172072838038 3.0402436474967223 -0.21145715932716058 -4.402088112657779 -2.64801100817018 5.874216796612415 -3.259298233014639 -5.89491306141978 8
1.6666465899769984 -1.2414058310280203 0.4099631181201393 -2.224354274972969 -1.2393557064522462 0.30348444565052834 2.5201655593433925 0.32728933510630887 -1.355952605889623 5.1229219936603 2
-2.919032060941663 -1.2352131921980347 -2.5580036349174486 -0.35145436377204287 -3.976058544802015 -0.17697128886232316 2.8739990807625535 3.2933238407430205 1.637589042682349 -3.542226432505503 5
-3.990820136632078 2.114532585157246 -3.578452584389382 4.539434599504589 3.1426425169206116 -1.0826509025962223 1.678861056782483 -0.2726606915408041 1.6534425556677177 0.01660850889823351 6
1.5335149980268832 0.5344994369569491 -0.880679261049636 0.057790563204108136 -0.2831819724998976 -0.9237823669644829 1.1154887106330138 0.6657811838647465 -2.111062512790136 0.8091701073484489 2
-1.421609550979116 1.4372575164651495 0.5065655361904153 -0.6570565894707968 -2.690722329892358 -0.820739829407177 0.744778078154841 -0.4136850935528933 0.2508173625070924 0.2985508647287496 3
-4.22935500231612 3.5277105467672545 -2.402071537496906 -0.5185787040619454 1.9922799680184102 0.3783793162910435 0.8259825466713183 0.5951699092815785 3.0441749115909174 3.463807300703083 7
3.303256351110008 -0.1811566200944985 -1.6326438143464683 -1.7492994013429486 -0.6312366383207153 1.118658048222988 3.8095644639113453 -0.6397865902675953 -3.218245879157927 0.6985160763976586 1
0.6476660717788614 1.4182354926856466 0.26000650307868534 -1.9329235347021927 0.7987524019849805 -0.10105540782368294 -0.8572418174204579 2.757009264087439 -2.685831153491196 0.02955886779523409 4
1.931619168378196 1.3763783090411408 1.2300796487064256 0.8075851872172956 2.993734961104048 1.9461172484775036 -1.0560999617949591 2.881674974908943 -1.3559949774808846 1.1489277598887133 4
1.2145763418184736 -3.024548204543743 1.0343129623170186 2.144975913896533 1.8770375547499865 2.3806151324169247 -1.0209671105030773 -4.081919917409392 -0.5456288053079639 -1.1000094607061948 3
-0.12143111462602052 -0.6145888187486815 1.3494007689559764 0.7434850539116633 -1.6736543879375234 2.424580391941162 -0.2606619780933417 -2.5891800597680024 -0.8158427641681544 0.981095146350514 1
-0.13564041927224602 2.110181175936484 -0.25673791115047206 -3.9960647688486097 3.028888498477207 0.5569444115945923 0.6036512960370566 -0.8296298272005949 1.836505233535473 1.878006212553423 8
0.4468785709327763 -0.649124915829852 1.4875824703501386 2.6188883825990725 -0.3879064578119378 1.5584778979149108 0.07336157088217621 3.022343645838606 -0.06990343956463574 0.4916220718825608 4
-0.13882033164669083 0.6685667821265473 1.4549176152072518 0.22110304405697834 -0.5046408340463227 0.623886892910172 1.0209580416100337 -2.3043341160988615 4.02426604605634 1.4895997000497134 1
2.23548226160531 -2.887698879602301 -4.560702172560777 -3.016160638305737 2.1034350534305983 -2.5124734190919895 1.617074209879756 -1.714484357159328 -3.0309759554475115 0.8501487634191306 1
1.2234605188069883 3.285118192214337 0.4172200999928227 1.3713902900222896 -0.4983728860809893 -2.3608837853026574 1.0439260459811868 -2.699847173952703 -5.422561340441244 -2.769610359065828 6
-5.456642156769619 -0.8149145183102231 4.035413213068267 -0.5618467451897161 2.7619424502795167 3.0439176227372675 -2.474419187735462 1.2057462448577494 6.338343594028316 2.222757996952235 5
-1.7296002680361062 2.3989942397085833 1.3241240599485182 0.3485793012964664 -0.7457371187656936 2.0651965946761797 -2.7781087646569462 0.05437132693362212 0.0004496679708270168 -0.4902578437092009 7
-0.25728246309536573 2.0486582247425993 -1.45751105134492 2.5177541297680897 1.5797994887287106 0.12141031083472331 -0.2176972470393257 -1.80871368827305 1.9052355831835137 -1.7716972259356756 6