n: 400 f: 10 f_i: 10 f_red: 0 f_rep: 0 label_cnt: 4 noise: 0.01
400
10
4
-0.5527957329724249 -1.0528740392500686 0.9862090044364451 -0.7783828960285577 -0.4721000049178825 1.9769669278502677 0.04857912642078965 -2.494170584048933 -2.971123805620931 0.13821700751374277 1
-2.591225494705652 -4.159571529529769 4.197906616465644 0.9842904424512905 2.680767818303096 -0.6258000159830772 1.4718140454203852 2.749875831954622 2.960739818043617 0.36593963690493725 1
-0.15805712976413944 1.5620432722045208 0.4979080465360223 2.949939957611951 1.8709037254206444 3.0299263576638875 2.886700704605993 1.6423038907703704 -4.708336285000492 1.5541419412256912 1
-2.480401864162425 0.37972697475008355 1.8625624031597139 -2.6898484449600715 0.10974099250103442 4.904273928148446 -2.4053426825280506 -1.4495659397685676 -2.24331302402003 1.2399577739137635 2
-0.7604154300868675 -2.3405294784620443 1.0708632860326524 3.6393424264859235 0.22147140028118395 1.7392198772328988 2.1980356434212336 -0.10492291484044258 -2.938077594717247 0.2357464999689718 1
-0.6961545387558201 -0.6574364901069122 0.6035872630701409 1.1872742563621324 1.9791697237397567 -1.0834099660797272 2.0102449390917823 -1.1349186656340968 3.220377879150821 -1.7361911452055865 4
-0.12106720921051584 -0.23447505333328356 0.33961411406842357 0.25077373867250574 3.007099317215319 0.29133324203977085 -0.5850184817084532 -2.5668963374431057 -1.7626097023365537 1.883272318060368 2
0.18521239988385618 -1.5822763235636965 -0.2781691811749143 2.2195571358156485 0.2750029408896293 3.7118058791165716 -1.4402751858751914 2.580144689552251 0.404622916754827 -2.5762904635391792 4
-4.499857755611853 -0.6363721685530113 5.443549940824469 -2.7858326655857013 -1.2204008496002747 6.976073298685898 -0.6176390565671834 0.23623093459943778 -1.6338479540300828 0.3201100854936937 2
-2.0431872821169628 -3.390519980273778 -1.3930626433462545 1.20101280134632 -1.7245504113925736 1.4441668798378435 0.33037643741745937 -0.5800000894432038 2.492982826184566 -0.17344171888022175 4
-4.512546235929279 3.457570856273181 3.2488251501309744 5.064578512077494 -1.3647418932313045 3.8278654808541535 0.6816580947057436 6.624927217379925 -4.451828068262892 -1.232176328325207 4
2.5639094551327415 3.608779401975961 0.16548967614951826 -2.660396706463681 -0.9444787932780747 -2.356964466578116 1.3444765790233313 -2.043852736044473 1.0383155184181507 -1.6278577391151554 3
0.4739272663047984 -4.421251807639569 -1.3611204707540567 1.0614255968087256 -0.41292812340010654 0.07109449432527293 2.9918755897218174 -4.3825840603527 3.257789029947713 -0.7459019642374474 4
-3.0420765293841403 -0.9483647595883175 0.6817088442206474 -0.4910490804746521 1.4784080074134052 0.9177289930247368 2.7799934907129766 2.0533090723656713 1.4888950780509735 -0.609544165156015 3
0.2621255040901771 -4.118213961397469 0.22697942114545544 0.47612939349997574 -0.8054973513833337 -0.8421429759229175 0.13423207659200154 -1.2195947308931006 2.028044660508726 -2.1108308776318756 2
-1.1687250538628937 0.5927132092130105 0.017729852202645446 -1.1349067246915001 -0.9173427640944055 1.026264474590605 -1.3323560458472703 1.651166135422266 -3.59096917625268 2.8482342965221115 4
-0.9910207357512631 -0.15843549859917017 1.0419362648873993 3.188475338949473 -3.1706814108060604 3.4776015749789395 -2.2361147362004337 4.299364906913997 -3.7865207817047106 -3.5283179741326216 4
-2.886999976123819 1.3689938503684895 1.2169274779374777 3.9931377488815163 0.5223542979380436 2.510411381315766 0.9345653544864481 4.2224076324640105 -0.13057963078833235 -1.1298955952675223 4
2.456219539895477 0.8347481538850254 1.3978908922136317 0.5735666380831961 0.9210686795877445 0.07555791989069505 3.2111617756474446 -2.6645795335708615 2.5161241275586406 -1.4237430103610547 3
-0.83334686901216 -1.309383400730251 2.3360707001298264 -0.43936931687355907 1.3599578127564782 0.669375890600533 3.5818178172539605 0.5730916928039611 0.9862615239960867 -1.2328519411199077 3
0.5991710157122249 -4.835719922841557 0.6409815044200506 -0.7428361735912448 0.9329448825355751 2.7663495708614008 3.1293608534411326 -1.4910745000976284 -3.3996573972265933 -2.1066270080583767 2
-5.5292717017870165 0.09480049118467804 -2.257419925030692 2.0472188734065644 -1.4561299978745534 -2.025196561797621 1.7339403315787696 2.1996720710305326 -1.9647451697230944 -1.9286708209985677 1
0.8170705219054732 1.5685133856459315 -1.4893520221662413 -2.57524383548566 -2.8926991190199276 1.5366869664904992 -0.039133704171040895 3.2891276849985225 -0.5526849362584614 -0.489207064281294 2
0.7574546147532486 -1.2404998733090289 2.1369656170256226 1.3848001295706633 1.7661020081927572 0.04194846029680421 -0.40904445124957156 -1.6846433854812817 0.09157206631004633 1.1693558703178857 2
1.516202171469871 1.1142606218738762 -0.29852898353813484 1.911546436060315 1.4351029309626324 1.0767752040383387 3.4301320096383674 1.6329227598628102 -1.3930246823373023 -0.5827882643753131 4
-0.47480899329832726 1.150838181935672 -1.3918957329531554 -0.06025545041815028 0.3899638701742507 1.8111732733227455 -0.35075645654341003 2.642570930062881 -2.796406144094272 2.7352530329540534 2
-1.2312351359954317 -1.6992390615363888 0.8484067363319308 1.389388224506487 4.64272968703338 -1.3978322957029718 2.1072328699372136 3.266788944666025 -1.9424297214538273 -0.5291821160239643 1
-0.5950024074374314 -0.9078394453251037 -0.3330727848119529 -1.3591187802001907 -0.6828438505268996 0.25730582306485517 0.9650793527162835 0.3211941477924013 -0.40202891027829013 2.8456722878891374 4
0.56595184813627 0.9385436195208701 -3.179175208204179 -1.451910331684018 -2.710725784488683 1.3567767179034131 -2.3334193664376084 0.620717561871309 0.0797763925526005 2.3237552856809818 3
-0.21153404277223709 1.200424599849525 0.723520253549294 -0.26074721539457113 -1.6577911635525853 1.4940327426909583 -0.1581897637270192 2.835156726803635 -2.4451749086116314 0.36963795994741866 4
1.736471906522235 -1.357697506685505 -1.338051852848158 0.9253156046970159 0.3906926299932293 -0.28109223548174345 3.3626143321888002 -4.083484165343089 3.573546637422778 -0.49444418435954496 4
-2.283242692134601 -2.1897598850691526 0.8189759276172827 1.4078900137302215 0.019338134077602875 0.386766238849621 0.691789701489302 -0.07914039277752549 0.1619523765975619 -1.851714597413516 1
0.7354604803681206 1.303353034467662 1.5260393655826598 0.999916938512474 0.6957295940415953 2.4722147030957355 -0.9897272476283918 -1.6926598336339491 -2.9304228603160523 -0.8533997444659038 1
-1.5540812368621317 0.7259125456132312 1.984445615574262 1.5248260296859264 4.098870058656149 1.0386701358586299 1.4825530133520994 2.290918369339996 1.3717604990317311 0.7105728387635808 3
-1.7473825196802444 -1.3741401476352775 -1.0834511770729836 1.5992331771754447 -2.0615736712264296 -0.1660318896661075 1.4665939555131635 -2.146174935243144 1.3453241387100463 -0.41387156811056447 4
-0.798601999216049 1.4216165364309157 3.1090514657980415 0.753380053732608 -3.3573652223483776 2.0019272568974547 -1.6705306415083991 2.7796561990695245 0.19557678568404047 0.5412511375185746 2
4.208675156274383 0.5948247962626245 -1.4488594063736935 -1.063116342286222 -4.733635160606143 -1.0541398251395335 -3.9986853766456316 3.4637836686190973 1.3059151172309174 5.743810779039086 3
-0.19124961479628322 -1.502483749469242 2.5506986615841845 2.2794959735968465 1.563619382780443 -0.26660762525928305 1.3843467598600503 2.2500014030232585 -2.9628574563802648 -0.3741086032660591 3
-3.464539104051568 -0.3916546278319202 -1.8341757998925787 0.1917060510466494 1.6359981943768207 -1.1960628177338444 0.0007859504008541629 1.921417002364946 -2.8492148551848047 -1.330329395580079 1
-1.5184902331253873 1.221681065615889 1.9925546943859203 -0.45400413519496063 -2.426819444446254 -1.1091942102231283 -1.9593273787344594 -1.9085010142409917 0.27024425066375035 0.8943145590598334 3
-1.6479945642015612 3.107907903476603 0.3454590514207917 1.7069819387516794 -0.6427884119514302 0.752440435652647 -2.0769811154715336 0.6610296954916139 -1.174827891079643 -0.46074013299138983 2
-0.19392726140015237 0.18383715821323 0.6657397362468374 2.419078155995762 2.114280345630625 0.04365295534159552 1.1356966063959413 -1.8356891698039708 -2.9445208198211583 2.0997482859671877 2
-3.4538297941943377 -0.42172301632591525 1.0858676023855343 0.7925172607955179 1.7150720820412686 -2.922536581887888 -2.381856530167683 1.7749418900255471 -1.034932491978382 -0.848303801223442 4
0.723638817767056 -0.27703136082394486 -1.008586125197009 -2.8022036509878214 -1.9352749612617322 0.5320686893731774 -2.0883680300955936 1.5965041747068338 -0.9670623241737136 -1.335395537210479 2
-0.7601508299234635 -5.384967391563381 -3.628077664436176 1.7275255280087072 0.4465540449063736 3.898781664188046 -1.2462557380731178 -0.26440386475490474 1.6632680265452269 -2.975013228588846 4
-0.6922056145276193 2.0145100874148225 1.7604537665965077 0.015316206682748579 1.3633315313755856 -0.6972037369416122 -0.9348464375998385 -0.3520251222768892 0.3370946557114083 -0.2232450257678078 3
-0.9215336734018382 -1.07200355905524 0.13485348881214287 2.622325115824567 -1.7499684106103062 0.5986083801098592 -0.6593229460455843 -2.5097412073559315 -1.0430335416538674 -0.011967332520789076 3
-3.145049476477247 -0.7881773360589355 -0.7167683867338202 -1.564079861841921 -1.8679820649700927 1.1176103485426183 -3.2345944335518353 2.0928627245979587 -2.2656065423525993 3.0043251013373173 3
0.12971511675905179 -0.2740192204640639 0.8318811519660713 5.287174201750279 2.0278922193420175 2.34825235107612 4.784389840449436 3.521804662450595 -3.3580543536728085 1.8462304575006319 1
0.43843372027598093 -1.1369018064641878 0.8871359489617293 1.919915075190882 1.25430607242443 0.6891599327327242 3.297861718307445 0.3217479484639074 0.5486676784606667 -4.250093025248015 4
-3.289544834099976 0.30303261507500534 -0.2379442895474828 0.8783518492024829 2.8573171609829275 2.161314178807126 -1.864640283169797 -2.3709141647819534 -0.9350734156491887 0.3139877027666078 2
0.27847582794375336 1.445884140941431 2.8497581996818218 4.727006487081944 -1.8370193382542248 -0.9661424366167266 0.7897065328232489 2.2360712519901513 0.9358092366592667 1.3513391911392534 2
-0.7833723721274998 0.536577023804486 4.384078791977692 -3.7194781961719805 0.675027869381815 4.804120147111253 -4.664748352048079 -1.0917586688194927 2.6630503537956014 -1.9849420353816365 2
1.4333882946496819 -2.6618503317620172 -2.289799206812423 -0.7891820453743841 -1.4652288337405412 -2.9386415979051996 2.66101465102094 -2.009733185781548 0.30613467849344034 2.3147382522716624 4
-4.749888408659986 -0.21628458036627496 2.0464601904922413 -2.242939317254364 2.5785484821444484 2.7191545496784983 -3.4625069533394455 -1.3873255550959165 1.1706795050127208 -1.9090686053090025 2
2.1966098289133353 -1.1198330511827541 -2.9086040408955336 1.3930556044529787 5.797205888329218 0.24095088428347 2.825653621694851 2.2449711226788738 -3.5690159953612324 -0.7626614679412888 1
2.241374415474929 1.3769174418215124 2.1293150439470496 1.6122575969050414 -0.4567248397037653 0.25201135988642187 2.916746532658924 1.7167729780524987 -2.3363872837568964 0.48211742771743715 1
-1.5205126609169128 -2.035928551282305 2.5044453600176624 3.87131303669281 -1.0729048392078706 -1.7150744396281352 1.9144237878480728 -1.8405701720648349 0.622713977943253 2.747453671496399 4
-2.8040871490576587 1.4887145320632036 -0.888625752672954 2.9205913752985326 0.11558275397400086 1.44437466347952 -0.6621279593215509 3.556275876296551 -3.6348949574091187 -2.2685140114402116 4
-4.591994881505002 2.897946438885802 0.8017933014917804 -2.895299070021913 1.9332423622704606 4.983019818046063 -3.071433515479561 -1.0822940368717326 -2.734355665883493 -1.5884539208523614 2
-0.8594293707104077 0.7794682919524916 0.33230796463707857 -0.6197032820158537 -0.04409155081600935 0.7844869021747755 1.0677984193326342 -0.3940799611929763 -2.509412176764629 -2.2732899036624827 1
1.5245794069302336 -1.3105498212790891 -5.536906175630788 2.5017133780808165 0.725083158757609 1.1141293142491193 -5.241549262464488 1.6104791288691853 -2.2162475815795504 -1.0247787011177643 1
-2.771997225304162 -0.9780034996888095 0.9482817528974972 -0.5152537734939029 2.3582581894255217 -1.2245898194324414 0.4915374899027567 -2.7528843245580497 3.98984708466799 -2.708392617170537 1
0.8842700387830067 2.400896820923507 0.24772851590402822 6.332009216020965 3.531516348711475 4.222019869910566 2.2841418975114536 0.44854901035350325 -0.6049718882999289 0.5782139410623572 3
1.3540469606738896 -2.7132672428117335 0.38632058332600905 0.016764307610958484 3.9551366229132476 -1.3403192412414349 2.721895292231048 0.7725285159643136 2.1614636235015046 -4.031204746066278 4
1.4352131717483587 -3.741110962122681 -1.5553250670089978 -0.006676865597599946 -1.8864990263300956 2.0815285944554516 -3.5435057216676404 0.543913189187333 -1.6980513986678525 -1.6684215083804128 4
2.4916337628387986 1.4099698478866567 -1.9013385881261302 -3.155845461246324 -3.9746515368840436 1.947906231576024 -1.0095368723401115 2.7437260622342796 -2.1401692742748324 -0.16017252470486076 2
-0.6155446307527598 -2.6581346156666648 -3.723568893829313 0.05046601693075281 0.7017455299347598 3.9082677682719154 -1.3973906551295272 -1.6771113120947054 4.352967591781904 -3.296774353945461 3
-1.332793123251712 -0.650713048005349 -0.5555708274087423 3.3491555366907373 -0.36660011893573685 2.3905808871877445 1.6590988772172484 -2.720070328695475 -0.58631871684747 -1.8890607453348776 3
-0.1396950780780436 0.9347382022524489 -2.01820022691356 5.83152770845212 1.277868764360097 -0.18414325860645298 -0.33344601560271503 3.2717454731246205 -2.7958254702539387 -0.7171717734121184 1
0.471304963338267 2.0322402723942816 -1.038021521652365 -3.2254340029658697 1.3720446557137813 -0.27890802129927716 0.6761472639138582 4.415934261152712 -4.948242215648325 2.635098599347029 2
-0.7590416133765112 -2.03291156459264 0.11588454945447224 2.4852895624412668 0.4673324603290423 2.241740417494854 -1.331423268472744 1.3483627309444215 2.5275521820210365 -0.14441304072969485 4
-0.4501752453237544 -0.5794824765135094 -0.7845178968752521 -2.289449252026638 -3.350564477125952 0.4549359249154956 -1.79474997857616 1.7366474836442105 0.8316215433666649 -0.47762654684640726 2
-0.7069577171932657 -3.8071472114894394 -2.6940955826498794 2.8971535132904007 1.420128618076669 -1.0837653840455497 -3.8749140860446896 -1.6083164452585117 2.068941996008002 -1.766111958219025 4
2.5132150849935155 -0.2199880330285231 2.353335545566166 -1.0784280594757454 0.11471940399591518 -1.8243404550886293 -0.922842818083664 -1.2296022269133875 2.2056596307078085 1.6970429958980646 3
3.4331510615612273 0.7829835475781282 2.0031883455347916 -0.3545733018237297 -0.5753234811690561 -3.665820111967835 -0.641078903161398 -3.3850724719262657 4.470478857323178 1.694352152570523 3
0.728048067300713 -1.5648136559949486 -1.962250582253239 -4.07918282269871 0.21265987784926077 -0.03945885950617378 0.25779599448220236 1.6559899010902792 -3.226000394483937 -0.803296948880848 2
-2.8902078605831765 2.0067621999324885 1.9568158591130858 0.08995897752378346 -2.2987471921194897 2.813321401481935 -0.7244957766274007 1.2863314865792064 -2.545944618426807 1.092762459817623 2
-2.4448375230668637 -0.935858349741552 0.5096268617112667 -0.21610050051862606 -0.05013614443892167 -1.1946940451755936 -2.69239827016767 1.4167997768578555 -2.7851208410676103 -1.445642192142011 4
-1.6974980561547217 0.38067370020766655 -3.4534084709400528 2.3878192475803557 1.4798597868850982 1.5794598874732482 -0.3075892094177134 1.2944816916445068 -0.08907852397758875 -4.665113719531719 4
-1.711177419959621 -2.9562507583992153 -3.857643340935027 0.8744546783337126 -1.5239406688045465 0.9627022376538987 -2.285971045187162 -2.7412380712013866 0.9337883277815315 -3.1749672394916924 4
-1.2558367829731465 -1.3653696654144138 2.431739954095974 0.5894184961415102 0.9905899950143822 -0.5650476121919679 2.219803232161331 -0.9009134244878848 -0.5973250976162505 -1.2137269112170186 3
-1.622385753387924 0.471658682720127 0.5397865976548539 -0.08189155257595626 0.9422766465419967 2.2079948997880097 -0.6733185459323119 -2.1143033864593637 -2.662453671588715 -1.9871752375809257 1
3.3749761519451953 0.9616437785825904 -1.2381333902788383 -0.7399146619761503 -0.30885145738139164 2.9680863278940652 2.692380154670973 2.5337460484945113 -1.4336284149436789 -2.680518202883029 2
-0.22524961795654186 -0.2979299508844845 -2.116529229139064 -2.0089925302451843 3.3137756272254983 -1.2598348706383133 3.1715438764595003 -1.3811345664868995 -0.5171135999726892 0.6628434640577872 1
2.3844148581347335 1.09631802602742 -2.122277792517602 -0.4205980109326416 -2.65226459787992 3.6546403440015762 0.4889638174728973 1.9351466484515112 -0.5814730129409514 -1.8809780647593328 2
-0.31564842721441766 -2.774497784927834 3.2026600725489924 1.5351649955678068 3.86732481656961 0.2071431679963347 2.0034958949608948 -0.08124799723391951 1.5332893459097494 -3.7657857151179326 4
-1.596571795144328 2.1172927567746407 0.058206663035976214 2.2343982185614237 2.789876409091405 2.48535912404662 0.7674092397940249 0.39230293467532906 -2.6175949714576023 -2.0253807292404495 1
-2.114834913713837 1.8426721459842264 -0.8620864937668467 4.970234720004148 0.012830802363016591 3.33951078951709 -2.147084463567502 5.0608867499883035 -4.6213620435536455 -6.4496236849961575 4
-0.6054782665919674 -1.7608906802044295 2.0221821184884545 2.4273517681189354 -0.042490902008045395 3.448208159303739 0.45642566380892435 4.795220556512585 -0.11437526923214891 1.477836322752562 4
1.6507259495938866 0.7750665944824013 -1.173875903511114 3.254789662693671 6.99801396723349 -1.401008656230514 1.368791920614784 3.238873952735475 -4.327929573820397 0.27131437935014646 1
-1.8398428983944901 0.9341439833554877 2.554434273497243 2.7508697866281886 0.05014565711284846 1.7882625506478012 3.528472658437953 5.739959145222086 -1.2863953922436684 1.15893128806962 4
2.1050729850662817 -0.3309781257261416 2.432044137689278 1.9819890729663605 0.9196697146832576 1.6430937153674003 1.7003094314593832 -0.3221860320524812 -2.8578562213497136 0.9860767845815039 1
-0.23344414437356042 -2.06524227581109 -2.2150032772822055 -3.2712140936153435 -3.5837082809713654 -0.03712422720792796 1.1142458516007054 -1.4778695253198992 -1.3925029021155177 0.8317571094150138 4
1.9441372632995901 0.6254543623886601 -1.7466537660698076 -2.0708949847697644 -2.8458246908408658 -0.16044900316097843 -0.28828547081623324 2.229646618460398 -0.4227300829281915 0.31406997981699125 2
-6.571763566784043 -1.0822072267062544 -1.8065431646302037 3.5197434579279574 -3.9431278258878457 0.25231198485533235 -1.9369108322623045 3.2971812324232825 0.3797129060592348 -2.981042809546236 1
-1.1314628998212983 -0.35113383990661706 0.38144504815608626 1.444126079406532 -0.014709831672432783 1.894917926152751 1.9347430146662257 0.5756963896198046 -2.442318548806371 -0.9631443707475877 1
3.962473556914267 2.1973515845333798 0.6841200585032329 -0.9685717148992466 -3.2690841021661416 -2.3627243055238147 -3.060145890016434 -1.0633657249305346 3.0717864766462792 1.7877909611032796 3
0.6063080154393166 -1.929057986566146 0.12766235601933684 -1.7524745753681903 -1.7033895020756527 0.17880699475866002 0.7417890432025378 0.5506724172965286 -1.8363891019788627 -0.652013198305117 2
0.7160670301127768 -2.11652497678293 -0.5537903022069613 0.25413576079266 0.9319683621790031 1.0727627686277295 2.556098534210811 -0.03803460581976248 -0.9034995130079395 -2.484715705203457 2
-1.0761809479408557 1.6091881563419026 -2.8705118569400323 -1.4358138292887266 0.3002007721680957 0.009710870167425889 0.568717690333755 1.9934701670249877 -4.688496315989415 -0.725844713028697 4
-0.785202963695848 0.061938917363068446 0.9159127522737036 1.6889538674052322 0.9610399261309988 2.432095253769494 1.4786988169181041 0.04982321615768592 -3.48167100778752 1.2889240139478053 1
0.695525113581623 1.7618401499795424 -2.568905222142705 -0.8110517020849914 -4.628397216678171 -1.4912195307737308 -3.119249515783535 0.6217716637487822 -6.036316203295179 -5.5020197929139245 4
-0.7991105009651746 -1.3611103453371536 -0.13497540604067493 0.8152197203796581 3.148246536751559 -2.284236440456143 3.0802339613176977 0.9517236892626234 -1.2909976964863414 0.8666579804226011 1
-3.400267518179235 0.19203627453526728 0.9103685545960679 -1.1972399253066346 -3.6122761944604513 1.0896464319222852 1.2890524925516953 0.7342713342454932 -0.9554737366685335 -1.898318633187897 3
-2.682318016114644 0.09664865555199431 -1.4684118826801855 1.3429045969648337 -1.177172253149882 -0.8145789420876377 1.682060198603679 0.01217191523924277 -0.008782457680577282 -1.0372315600184616 1
1.1492994973102633 -2.469433671943401 2.3165053622193676 2.12846801538272 -1.694497663185671 0.35577132177183723 2.2580824300996403 1.54708467887315 -1.639468923734899 1.352678790027098 1
-2.833903130026515 -1.9852663638899801 3.74538961797554 -0.4225433540762067 1.7129575798707029 0.45516253266848183 -2.895482712315477 2.771949919521641 -2.952065978692318 -1.0139617703227144 4
0.44149373074550025 -1.855963347227529 1.5144876364486795 0.15151789090176948 0.20799042783102828 0.14786845094694567 1.1441566500418219 -2.420954493404426 1.0510965132748067 0.3936399277437408 4
-4.680125505345176 1.693533276460999 -3.6287664279987273 0.3254835037083783 0.189940171780286 -0.5577695599822377 0.3614717414763402 -1.4001601965930535 -2.7560567094162822 -0.6570329745302521 4
-3.1676999876256677 0.6448562997935672 -3.1143224905702027 -0.6319756370327063 0.7266722580987774 -0.5075219737109355 -0.06650022610176909 0.8256786096788777 -1.2956388331296653 -2.9909168101790735 1
-0.6825020483269681 -2.310620982282737 0.8141915393742856 0.6384702215287131 -2.245877896846293 3.3173434829743758 -0.42113099034032675 1.9330586320086827 -0.45756600006398795 0.9086594626430231 4
-0.29547582376266324 -1.6075653291983443 -0.03199676937557783 -0.24957231016258374 -1.1681603022749791 -2.172701725158359 2.465280584806341 -2.391852431847127 4.543036852917682 1.71914950064955 4
-0.8453847900599928 0.4986146532961935 4.141731215449608 1.9081357759020312 0.43012968124446216 -3.065625060587271 -1.2986910067277249 -2.921151968737292 -1.2626455007294908 -0.044826816591902685 3
-5.086021808490334 -4.356376424334069 0.22734106693328482 2.8856340020013147 0.8256846055642615 3.674349197395466 0.36832666362520294 -1.249586448169566 -2.1630963942779107 2.9655992684355517 1
-3.4376522228540165 -0.5029290601858643 -2.8700444134057586 3.227552722622685 2.258735025134875 1.2569494654470337 -0.7373735679231022 -0.33620792937066635 1.7843764337868908 -2.6150873801972936 4
-0.7196210355196708 0.28849793349423725 -3.0582266706987697 1.6492315586103896 1.5307330962955783 -2.381877039909618 0.4797198296995723 1.0736162946834231 -3.302741980121004 -0.46889287682439873 1
-3.0117872113395516 -2.3673586145220025 -2.047307042735904 0.7526108063978961 -2.273090638519062 0.366120599759185 -0.9674529670150738 -0.035589001949570154 2.733576390965492 -0.3286438800839162 1
-2.376050846281273 -2.619192606264243 2.383987219926831 0.8908280096377863 4.644425283420675 -2.8451843572402344 -0.9268973842851835 1.5498413705625835 0.8896704310714126 -1.1474166918407285 4
1.3954481328785402 -4.72709947834162 -3.2346064649592345 -3.5327445726165845 -4.137779150661764 -2.6126972502370855 -1.3327654247118506 -5.341407090740346 2.942329443540842 0.9334039479940435 4
-2.0870201726597313 1.0251564188035427 3.506521082008853 0.8633472832090163 -3.0916412487648826 -4.4032610748847745 -1.139219634722731 -3.544453217604365 2.997571064632954 1.1620700515937672 3
1.444010839160009 0.7670646885977962 0.7476557152264467 0.3209746250575296 -0.3354457694141899 -1.2479674968140873 -0.7983888799398897 -1.63639871750095 2.0465440755242206 0.8353612101753106 3
-0.1275916050932916 -1.6291687784258098 2.479179397872297 -1.608541816642532 0.9223479810716726 0.26208073384778996 -0.6274276711957061 1.2402554239190091 -2.2897243145366315 -0.17123656691055833 4
-2.1788747243837383 1.9591958075609646 2.3699309678018423 1.8491418037228737 1.5502401418053062 1.8860547680762716 0.5142422284919425 0.4282065118932681 3.4738114675022445 -4.15790292746327 4
3.7284853273266694 0.5746505608921784 -1.682421180641862 -0.03719135730729184 -2.042225002076753 3.9416682174447564 1.9406182441636899 1.0618600763479944 -0.7033171075250303 -3.062099163794744 2
-1.8920324309539163 -0.43058318156679376 1.0565581648383757 2.0179130568041304 1.2532798576746187 0.9868943579746794 -0.27484406419313756 -1.155392034408329 -0.5028675474093736 -2.1054090975829167 1
-0.5421479605828092 -1.725103783132286 -0.539183577460641 0.8134405398904283 0.7053300046700361 -1.5747903578473124 1.9366367475438673 -1.3090429404991744 0.2902787496388525 -1.1030047462288317 4
-0.007652453766103684 0.1480349370021824 0.07009945882993418 3.919136351712576 -1.2398546122607232 2.397235230638708 0.2936627966479213 -0.42706748701568265 -1.8354820167750587 4.061150210898246 2
-2.733970051765428 -2.1323389981157277 1.5067564180418165 -0.40734226281569264 1.2274177920010447 0.5579142214424688 3.894182236982426 1.8484677198100787 0.497886595853718 -2.7848061133290942 1
-3.195378800875719 0.579824635441887 2.492779070565412 -0.2610065453437709 -0.11581830875358556 2.6461072867000883 -0.841193121621966 0.20319754572221216 -0.2463646576470846 1.3096853593174023 2
1.8367665911388402 1.2814785941603086 -0.5717857822538019 -2.1427438676961454 -0.7368497828647265 -1.4584414136081834 0.8872865395333474 -3.684296348151449 3.8681070491777074 0.3314056940267095 3
4.242215544314414 0.9014347960253326 1.0224175430816724 -1.5281333129352461 -1.1551935018116382 -1.8882951412916893 -0.733099295470322 -0.5685059504182066 1.7812291683458668 2.354006246237165 3
-1.2783259724349825 -3.1561718900980873 1.0133618841237473 0.11845345930324458 -0.6216685591457127 1.3046644584363603 1.1867910934853214 -1.225010610125682 -1.645233843454383 -0.06444000085371904 1
-2.324149524301904 -0.4149032446359461 0.5581445957305766 3.382744104860612 -0.6968505800532063 -1.616361647153246 0.8875259413682524 0.2179876995030432 -0.09157332060792456 -1.683872095790397 4
-1.5255937752837 -1.872380947629564 2.7207889298881827 1.9820821070159642 0.009313930400723702 1.2596737077297742 0.5108347676608507 -2.001704829195317 -0.9769906337677823 -1.7962871591656229 4
-2.118131920092755 -2.545165380508263 -0.5223407368933117 -2.3149064394518764 0.14328894677227522 2.583555405764473 3.7009924225378326 1.2423782843570486 3.556928402274695 -1.4906391800545955 3
0.06814419564629293 -1.468534363582787 0.2559160433016672 0.8779190056738392 3.4314823628304185 -1.499759733823903 3.734787941363319 2.3074887415699044 -3.1881396721922752 -1.9223995324342384 1
0.8654902558798339 2.0445596756407474 2.502237578405019 -0.2819198752186034 0.2005111004602801 1.331660842724477 -4.513809528342149 -1.273718014749318 2.1185907540879723 -1.0470172089311403 2
-0.47521529843892996 -1.8728515904255287 1.736013273927191 0.893823013537769 4.541738076947711 -0.3166775906743169 -1.6850706325314442 2.500949407791182 1.6728536614029084 0.05012499174764806 1
-1.8183129314436897 -0.16598125761588145 -1.768863786937389 -2.329888602642631 3.711624978483461 -2.8444593045861897 -2.58931629271532 0.1807701869141034 1.9552347254583742 -0.12816607889893972 4
1.5809087695624544 0.7382447229849434 -0.6412377316988004 -0.544307299939619 -2.3136555116654423 3.49366538949778 -1.453528791302971 2.11194465370404 0.9675051725398798 -2.4507471284638953 2
0.07845995568653241 -0.9853668009877148 1.4578124692775933 -0.3487051368545697 -0.08638013842604209 -0.17626051374642626 0.9073841500015055 -1.035911875282335 -0.998435164492361 -0.4894572041909172 4
1.2366922493746255 -0.9312818120766908 2.57338057970346 3.782156470679098 0.26195185193682646 1.8418377038667142 0.6837449947146002 -1.1430571264704612 0.7613241834639233 3.4006369900601108 2
-0.7352734565063405 -2.345638279610682 -0.19068807970458446 -0.09919885582026322 3.330777556706516 -0.7319731970548178 -1.417899210465082 1.9054863024994475 -1.9793115076635857 -0.6028117140521309 1
-0.4992915583593899 -3.7029774647791487 -2.7013273649383267 -1.5265771145444158 -1.0449928591550033 3.249631341374457 1.9054473454940164 -0.3678120796012092 2.981097701227487 -4.434056810407267 3
-0.9668340353920102 -3.8610142099462275 -0.8316278693965116 1.4508441090222002 1.32688006271078 -1.2474506520566455 -2.9378683789565376 2.4231406096143586 0.5911091248241307 0.8911551000558113 1
-2.1773018949317255 -2.862776866566817 0.7439812764445246 -0.5704664906373234 4.2298447508104084 -2.581451674626882 3.2682029023578805 0.8466832668933651 -3.07242485549027 0.6113677281110179 2
-3.588162259549536 1.594812968221015 0.11012604140790194 -1.479182980238276 -4.385384159072391 1.2778193179001436 -2.0156717218176112 2.754332517971895 -3.5753557907200353 0.4501228768130797 3
-2.318766130222413 2.352700618943096 2.3186847307825813 -0.2018752674729165 -1.0060184874341496 1.9160519803165164 -1.8017519267279742 1.166677440118781 0.6812465837782375 0.3232574064768813 2
1.99865073712431 -1.0745498613045759 2.825472021477596 -0.7180641812241695 -0.9300730797599985 -0.7701987556952574 -0.22095172372918825 -0.5584648811895527 2.4149416281503795 2.385389365554179 3
-0.06040344587720403 -0.16176742794516752 0.07785023777010092 -2.213411280858094 -1.7092475012934139 1.2539018547932055 0.1496643760774461 3.5600073757881265 -2.479122706027888 2.0511953037074284 3
-1.083140466159902 -1.9507146860468505 0.31173431384034456 -0.5608344341996423 0.34954373939659766 -0.5549758527420978 4.143005785959135 -0.7433837981884961 2.2400810068027286 -0.8890115775570263 1
-2.634947877051813 -3.002463302558525 -0.5794417205416029 -1.053216919696459 0.9492882267686578 1.617954646748954 -0.5628769221325034 -2.500036687981525 3.565480275427118 -1.5461979034407722 3
1.4009309879822505 1.4743353140089752 -6.720851662830098 0.2501985058051426 2.7743536894561283 2.869640812512727 -0.43923806945128097 0.40830039897418047 -2.671069271766437 -3.2659929272801596 1
-1.8664102719458395 -1.0105106732822624 0.7169523668651078 1.3433110292864978 0.6488518326576199 2.592960847883134 -0.4992631743976381 -1.2471340827200916 -2.395164879453651 -0.5663891559676695 1
0.6622737406834023 -0.38594638136255743 0.40674886556731105 0.49102214550683965 -0.1902222865242873 1.2985563184124587 1.7734628009363607 -5.087603989480753 2.897529573673906 0.41122688092033144 4
-0.7230331665024513 0.6804864705662401 -0.18833825563338658 2.4299382423870495 0.631648842099203 -0.37180061322085667 -1.1564797946055765 -1.149421819108724 -1.5272604083169665 1.5520200605902217 2
0.5816408359027578 -1.6921880648418868 -0.7183312525064309 -2.3043743050104695 -2.5129236402322417 -1.7776071286178254 -0.41227893445672936 -1.2639679540125193 0.48875971564138543 2.4282364423775586 4
0.8407891090049773 0.6227021790173197 4.135759480745282 1.8323933233890912 -2.3915608351859508 -0.2819648108867212 -0.10065042371865485 1.8969021711555154 2.28325932622197 2.1783064346054086 2
0.8278427839662872 1.1713655840298633 -2.568585687517608 4.357779764982479 1.2522272057224324 -0.45327850605248377 0.8218282637007537 1.68115916784773 -3.9676469226853537 -1.0013114643527228 1
-0.7064549831496447 -3.059582527142793 -0.9562326818532458 0.497932023234396 1.0147563115330422 0.7016764900144086 4.137595709519417 -1.4061133109090878 -3.1792133753751433 -0.9052176811548419 2
-2.992376232125891 3.0427043246934073 3.0999670422617465 -1.7835898062597115 -0.9480275136673619 -1.0563347689788256 1.4992027072071181 -1.6425927796372748 -2.908083052585163 -0.9439068517946525 3
3.3338905381032946 2.7083434852399693 0.766323433800581 -0.9832296005750604 -0.6688798417236704 -1.2598067381546811 0.3591634636508161 -3.258805805402026 2.4733214479961854 -0.8136827660275487 3
-1.8876642303607976 -2.872574711708583 0.7298128897191976 -2.7478357280954437 -0.3510809740333358 0.7702082393648748 2.0789459040995277 -1.3933615801823425 3.4343812104293163 -2.6560753449878636 3
-2.4493013510447446 0.7359306218427437 0.6135169820712526 2.8348940632803297 2.67655609423315 3.2599795121598025 0.8209903413078674 -0.25322401421436835 -2.677999021815091 0.5225939450086623 1
4.686061504951752 0.9434664523422013 -3.681157331812021 -2.906929290989421 0.4232516225844749 -0.5795116924684636 0.8985360826421627 0.1193891907800424 3.0785049916016174 1.8097234218170786 3
-2.352045778576184 0.03385441719188986 0.5970919484270203 -2.856208151816464 4.764042047548336 1.9065668536856013 -2.3032715840025997 -3.7787101077944008 -2.8598725011165005 -1.1150295535088546 2
3.105763277934256 -1.287857630279443 -2.7289786151903948 -4.148219088147341 -2.074164331817344 3.4634381114966133 1.2411324971467401 0.38486242707246965 -6.2880762690681875 -0.5370393423746306 2
-0.830174014528238 -0.6732769262237249 -0.8198952216628568 0.4939989031085402 0.37354478379179357 -2.1495870295385298 0.5029596592990431 -1.3719354540879138 1.7909152295481126 0.4605645473142721 4
0.24113554971088624 -0.3941845978707408 1.6947027315250556 2.079456419415508 0.6898633319336114 2.2238270780436684 2.192917892228526 -1.5030684223211135 0.7588985663248917 -0.49812091049349194 3
-3.758325081194842 -1.831519885999347 2.0809018185544783 -0.4805664086041823 3.1713862892626064 5.313170745066684 1.0613508324290146 -1.5770873888546042 0.44980610924384234 2.6659623337179577 2
-0.5927283308640012 -2.375248634332526 0.5011068859906027 2.1648975774431314 0.7203202368328823 3.411720511873224 -1.670406355946053 0.5177598704433113 2.590431341492892 -0.16440725584572258 4
-1.122278389153669 2.117496897550349 -0.05986268210096046 1.35335183118231 1.2732655168686977 3.658807514116541 -0.0789325353908008 0.5419338810737604 -4.3641068461809 -1.5138970285434956 1
0.8913291734451958 0.48140602774153995 1.0586197172645027 0.9989357649017404 1.0651035474372192 0.8731768676120447 1.964941139576643 -0.8094948653822106 -2.3476122759122364 -2.25618701907331 1
1.7891806491384414 -3.0282886577775723 0.2423685778460123 -0.15589250293949242 -1.1606465817079674 3.9111049086703504 -0.6499005284854704 -0.8387169743161516 0.6338130959124375 -4.661178453864652 2
-0.13738109885114658 -1.092675551325808 -1.383736798594317 -2.013899836386814 0.28540305337093774 -2.3123322575662444 1.9713223960224948 -1.1360546238221518 -2.015255254114 -1.459560337637844 1
-0.00386950454715429 -1.155726997778238 -0.8580560190592186 1.672750623767192 0.14159973072138055 3.7215732869186864 -0.05757390673803198 3.7889050219542857 -1.958352619527602 -2.5511865972252306 4
-1.6580797945894918 2.378433880450819 -0.10020983021150265 3.052324859797967 1.3330801632408809 3.314062236113239 1.2542450534490546 1.4828612558137624 -4.8080784207321425 -0.025526322975569782 1
1.5670986561881135 1.218707670523131 2.9074027775017823 -0.9872545929992836 -1.3060753580170887 -0.10308641167253707 -2.278680879529813 1.8882864133406945 -1.5137791512803713 1.2430259192908837 3
0.431929784821411 -0.682016599940025 0.9398539327458184 -0.25348286337441883 -0.227861499863651 2.085957681294153 2.4774969508548983 -1.9041164436288747 3.145401734871768 -1.7439352659037317 3
-0.5581809051106374 -0.05978826707374685 1.10714683724543 2.7564307734871836 0.5500625124336872 -0.8244896886723272 0.7177657310640955 -0.8707549466371982 -0.5683870721801068 3.117683782754866 2
1.899193543582844 0.6685091772556333 -4.116096298732092 5.314418926030319 1.7726711855592465 -0.4523596002211564 -1.108058213013578 1.942731515264179 -4.800321334882463 0.42539865086547923 1
-4.15874667985548 0.24136912349474393 -1.2343109551436013 -1.0095521415101891 0.6946583782536364 4.199043776700243 -1.5808325979238194 -2.132089999888678 -3.8679677788383082 -1.1342132850785784 1
4.745432921208838 0.7542778457129496 -0.02330533252899114 -0.5468304694494028 1.8784524976420456 2.1235255921926295 1.2859541253664353 -2.9474087252314716 3.491895664404257 -1.7810719422888859 3
-1.2536742087028423 0.5734466652770542 0.5938466571997996 2.1413823034170125 0.9423968057144825 -0.14314526495214186 0.4175345278432514 1.5893234924629942 0.41259218338467996 0.8019080530696534 2
0.03342619541816472 0.38924297721509604 2.512978474325241 3.1333748093971514 4.199819010827953 0.4449338967419114 1.3440028566023425 0.07681341119501628 -0.7542844816946397 -0.1111902181678085 3
-0.9321515730590646 -1.4361497271965837 2.2482565785779114 1.6477683602641855 1.539913604112148 -0.22914735680043563 0.29627302313032444 0.4061463663001128 1.03133868511163 -1.3994162231156553 4
4.254476606778555 1.2211509663770213 1.982991899495496 3.9795600923655745 1.0096419464567574 -0.3996926308264208 6.3340832845827535 3.3725605304295287 -3.829012574027304 -0.3935835112810342 1
-3.267056797850028 -0.4487302346596762 0.19980700402426932 -1.9444768984791856 -1.102890598378886 -0.8663532263608797 -1.3368814699628095 1.0109094484157244 -1.8555005410084973 2.4548915925187864 3
-0.8240723788343743 2.2827939321307973 2.662945013943846 -0.8119099420755822 -0.5816020724367337 1.2156991651752629 -2.570719060843356 0.9008853730230468 0.2203596336441973 -1.2932429103953842 2
-0.5717486154154352 -0.06865091781854682 1.2619666931601294 2.5478859798339615 -1.25927514998516 2.3403900278125356 -0.8861309747732159 4.05303167570043 -2.0155137605476297 -1.4265189246415402 4
-0.44258144782570785 0.3321495717234495 0.755746101564124 -0.6010482233072698 -2.0014540103368237 2.9624278869846203 -0.6810696252393342 2.6664277054410324 -3.339839171395941 0.7481043908437215 4
0.5497174352434437 0.791407082372928 0.21626015940530208 1.872878173551418 1.4779544525205541 3.3851027642960507 3.298187450911874 0.5611926179772571 -5.578539574582099 0.47627769787031915 1
0.7842448827103647 -3.2455645946251517 -1.316655225123434 -3.430808531503896 0.8835153767776117 -3.3451680745102985 0.576912276924845 0.18040187520071638 -3.4159281753500936 0.21730359316014236 4
2.864868506782514 0.669463070146143 -0.309320448822785 -1.4762956406250003 -0.7817231795603076 -1.131304410260423 -1.198796300049018 -2.743581084107367 3.722472493837292 1.284365305682161 3
-1.7365092116674141 0.6373858843613391 -7.534094606535877 0.49210194441363364 0.42235534443412137 0.5773735047223638 -3.8778747522071235 0.9098322571334154 -3.0693728316531512 -1.9253476208055025 1
5.06235448925127 0.017474432845062116 -0.4318631592215614 -1.3393063828904221 0.6339482431779881 0.9206570383100181 0.15247847237450274 -0.8686160032682239 2.6254624380588742 1.2510527858836127 3
-1.8175222067295782 -1.8309212844607132 0.9487660321347615 2.5221218857404146 0.9748316691377334 -2.438498625131179 -0.32088675252244436 -1.5308839787690758 2.1634868950591484 1.1867671170397238 4
-1.2086417772216878 -0.9258971091305729 -1.2314382835004147 0.32816568243308775 1.3309472151066186 0.06649979308918463 1.6660476325641118 1.0504029005562907 -0.6096962152498673 -1.6896264729854626 1
0.6852782917540918 -0.1351506854746155 -0.284894243353883 0.6291667740120679 0.16893640690851264 2.1295594200939587 1.6894041411024516 2.0321526411592936 -0.4909361190921938 -0.4166221576396293 2
3.9212925066046225 -0.17342103180265822 -1.5459970562218128 4.764034759040265 -0.7842971514420891 5.284333265957738 2.594775386947706 -1.823956951783058 -0.26850624599811734 -2.422032477806437 3
2.7141615199211464 4.028505347364129 -1.7358637399943007 4.235243383940988 -3.08234529104492 3.06566982662227 -0.4056317415986348 1.6201704778752228 2.8210845397183277 -0.47425422960914065 2
0.537664393185681 0.5447474531761287 3.540993073050239 -0.0780768479305678 -1.9736452597294816 -0.6066523436642812 -0.4507902611203174 1.2989127510309095 1.812965193515708 4.003874232999284 4
-0.9006192293787791 2.8624194977626294 0.22245808399812128 1.01205342532263 0.23459563271635642 3.326403842404646 2.4622318103754033 1.1037030769583867 -5.757871302800659 2.2947355908743536 1
-1.0997254821946618 -1.1317748823995708 0.22354871923050412 1.3775076270650697 1.7640144469180687 2.1572672207820727 1.692209445889175 -0.9525353500664887 1.3571664484973012 -0.7775440533936862 3
-1.7989316317222463 -0.6917199029474251 0.6471882889955403 2.3944519381704987 1.8584966628269546 -0.045816164055427766 -0.641488966248456 -1.8928043375888866 -0.3518327483866692 -1.0679266486731416 3
-0.8326748904296939 1.0195968598552727 1.4334819698187231 -0.23782700837270676 -2.4843367769995264 0.7464237639366064 -1.5885123434393837 2.313859188532785 -4.689375379365055 1.2033539717886566 4
-1.7569205255846798 1.7584353414211233 2.2017741391055945 1.1780386535202718 -0.6440876144426086 3.632123406676036 0.26893325847825 0.2323597732555518 -0.7965923772225763 2.0233959125428336 2
-2.38179772109528 0.6890432214502238 -1.0704574781875582 0.7196032350980702 0.7696405359765922 -2.273328056864005 -0.4082468696491013 -0.342781759801172 1.2540024755457488 -1.7284064506998473 4
0.28460487389236955 -5.227138049000457 0.7420843140722024 -3.1647414897393684 1.5188234814272872 -1.8705251606269742 2.50505631454228 -0.5304507544276615 -4.23023682530784 -0.2364856355085807 2
-1.3800310527261148 0.9746971421433639 0.6312264314935425 -1.1649143582348018 -2.1348975256294307 0.4786837654228948 -0.7635097208698438 -1.115065561400529 -0.6368372543617038 0.6825119540016891 3
-4.936540595939794 -1.5321622058144047 -0.2577657408422215 -0.13492526577414754 1.4152942763702643 0.4821092261042499 3.7211871666456213 2.481075533056264 -1.5710528096043008 -2.7771169115997476 1
-0.23628133518259664 -3.864111351673864 -2.557239841976282 0.0522982402434603 3.019094798184257 -1.2126160170871496 0.08760136064595447 -0.07584504539378689 1.9010701822343052 -2.9345872274912628 4
0.7630650652860385 0.03193766753483085 3.120124439074046 -0.2806853977579671 0.2648951025357069 -1.8740108258998913 -1.2512129075633358 0.009416402913360322 0.7046646898105018 1.3849984035951206 3
4.506159840444518 1.1010284750645334 2.7120674885998532 0.9754995879250165 0.9423574008334756 0.8265222262602834 0.3168331856754615 -1.3169863979927556 -2.7967849928366113 -2.3609370726370282 1
-1.1753380093202919 0.3514518344069677 0.03356220181958436 3.0454224249023114 5.600051449128076 3.6257321152741393 1.875263106296197 1.0158912674556198 1.9355527349905128 0.15897097914681257 3
-0.08815384560358053 2.155328470507987 1.794457286010668 3.1672571384292225 -1.1222356248637912 1.5915772899154292 -0.6070504330369566 0.9851640620999174 -1.237811993314363 0.9472014741083231 2
-0.4076797693857951 -1.0243405949154738 0.671993547005815 1.3133839045985605 0.09659816968409018 -0.7875589991103109 4.242755853590143 2.0872129257154586 -0.2213055337730595 -0.5555417904969046 1
-2.750264721808566 -1.408631648556545 0.38246420205478004 2.1689860841304687 0.22708091753592385 1.165774874284521 1.5318954493004437 -1.0360255142080756 -0.9698189079962383 0.03679228230142595 3
0.4458242552403717 -1.7096481675741624 -0.7561005844174673 1.775407576195796 0.2314624361139297 1.9149790154489876 -2.262547423894498 -2.8587548269536907 1.7904330815934344 -1.6741732539963539 3
-4.620016472045531 -2.4147929499399168 -0.7027590078935997 -2.685865718167511 0.7101578033591103 -0.4726944532970434 3.972063564870991 -0.21160673260859597 1.9274792021402982 -0.8725090931137507 1
-3.790014713635644 0.17715771993993168 -0.8267128657269196 0.667519224758927 2.7948009665420503 3.8125132934707433 -0.7340168029510701 -2.0975805483009555 -3.7443113786119566 -2.0222376516710217 1
-0.8474138701814719 -1.2830314522432769 0.48558667338822414 1.8137880376180002 1.0217428097112342 1.9948303473717974 0.7679926021397474 -1.0461449814028931 -1.014739360795833 4.668152478059039 2
-3.682799786315002 0.6371857888397137 2.841258764208869 2.283543835438265 2.204593657642954 0.35653782889611185 -2.9287719117081705 1.2522157380712566 0.6446032839616803 -1.8516899534876434 4
-0.3236266746163071 -0.1784462396388471 1.4893804463429254 0.6434852341849577 2.1283157560276886 1.0958906838840563 -1.436995650186658 -1.9575922654052507 0.9838243567594611 1.142509018164843 2
0.69155587620592 -0.3277064921043096 -4.114510010479697 1.1894069901498259 1.9336773106164182 1.8965502986032572 0.1678337100438032 0.5913351604581575 -2.0758084652064364 -1.4031707096376393 1
1.5481993623407209 0.5472402545276289 -0.3792386519244013 4.085528072148561 0.12392019299900803 3.3067984272019864 0.5389440344479888 -1.8318614202728718 0.4238064894940894 -1.0854944616230033 3
2.8826391335541675 0.3396405429789672 -3.045396308373424 -2.9745359741695383 -2.9803435047991034 0.4086883860692778 -1.8554263070125283 0.3545117294934561 2.309032125540252 2.986349975189877 3
-1.4589666539539894 -0.7272118181074141 0.7408720141868737 -2.6813539639702575 2.754328143966379 -1.9325132214798797 4.886659166701719 -0.7620483391448729 0.0812981947024003 -1.2332452054236813 1
0.16374593509606816 -3.057102198348291 2.457888082178153 2.491633509331188 0.9019102724447601 -1.0788564825479536 4.308496743944993 -2.4801804489468484 3.314539584716366 0.010724138299371688 4
-2.8939571927524166 1.762645619350733 -0.39218790048850627 0.6031154881284062 2.732367073583885 -0.023798790771204503 -2.6719804141398176 -1.4916189323998421 0.6334657427923722 -0.29118096632758506 2
1.9414271981256868 1.772354769097561 -3.2223156729874063 -2.8335558602264608 -2.134177041955621 0.36939965014723786 -1.0548906939397467 -0.17273329567791573 0.49478482526498935 1.4572592289105408 3
-2.9580859719329315 0.21329501492221725 -0.13242711280805564 -2.307768335406619 -1.4879722432139348 1.5649357040670475 -1.0587865500289069 0.31336963807664464 -2.9227973682188626 1.755090171657269 3
-2.8418078581233366 -1.3310308903507804 -0.16385483929057254 3.7557335511310135 1.9726944538565125 0.8125516763511546 1.9977137797238274 -1.9092636675444346 -1.9762673939176296 4.051934241690275 2
-3.4806350371429464 -0.01772267973259678 2.319196571610326 2.2146272174120547 2.73191348940557 -0.4533411673873514 -0.13870626109496054 2.4281718363621647 0.862430325849915 -4.988869120832226 4
-0.09123948786758351 -0.5355745987472986 3.7241801682201747 1.1204508286383028 1.4389497441433292 -1.4229643176722382 0.6002846457558066 -1.9186920660500273 -0.394883137653403 -1.0776930236879043 3
0.30344690890566417 1.0618915766294292 2.842648979545152 1.0585698019466343 2.460855496293929 0.19353760857940316 2.618570951055048 -0.0447880411996423 1.7923246289129482 -3.6186804650812925 4
0.8976325364018769 -0.47092425471722976 -2.2677279394826844 0.33214229501969506 -0.968278528333565 1.4808725914469023 2.3628941339289167 1.4492522826736263 1.6176900906349316 -1.3800297211591313 2
1.4081809009515427 0.5582982671786978 0.1630790886560951 1.4704989462325355 -2.001463227611816 2.8806559802168503 2.141481459525611 0.9173828658355425 0.26121310468572134 -2.571899360829552 2
3.3673704905247464 1.2389136733040111 2.5788940066165633 -0.27821727918882033 -0.8952769703225534 -3.30279816445673 -1.418505153503532 -1.8544983857924615 2.7125020612450514 1.8492849862568888 3
-1.0924140041768537 -0.9786151400598162 0.8971892334934869 -0.3327662559241631 1.2240654835114957 1.3688584376620707 0.9288424155901094 -0.6964205903554808 -1.2433756916638878 -0.9622272628347807 1
0.8234891632407441 1.1012445120771344 -1.6167805272837228 0.6429190611590632 -2.6794041098108035 1.2706625419801405 0.06886691562521119 1.6031237219456453 0.8531003434996138 0.8034583865285292 2
-6.058486296092114 2.214335318852651 -1.4789994344944306 -0.38502898244851513 3.022276751005273 5.148197456714685 -2.000598664238503 -2.4759719278690597 -3.6815819030500445 -0.8068178559087027 1
-0.24740598847347794 3.0982215487287728 3.226341204406247 0.20504186754660092 -2.001370393605957 2.0342854700693334 -1.4159010282902176 1.4720958767948096 -1.7484370598825034 -0.45386460974070486 2
-0.7434474456858313 -1.4058354420477268 0.30325591195206403 1.1468891546842943 1.6718634247058555 -2.979729987720854 1.893850199869624 -0.06595170860021382 -0.617749720480129 -0.8679937563576259 4
-1.8489298023351057 -0.3350238656862613 3.6469342238077753 0.7599069801047376 0.2787876427786694 -2.4854789213530033 1.078928776709478 -1.3873395859501818 -1.2509203350075588 -0.2546209869282099 3
1.5569937942503187 0.01330297751803533 1.2415234304459544 1.2863071267339716 2.811199592693332 2.290164769778161 1.5393756588318568 -2.635523352688472 -3.54411004103454 -1.5109104912150828 1
-1.4325286808339013 -0.31003768619679317 -0.2917820284841388 -0.0872183075766384 1.4380663962372155 2.5930327676559575 1.816293685882211 -2.0932681867906604 -3.259087073171877 -0.5276150142353955 1
0.01485449774670422 -1.3263097365927212 3.1715592531788794 2.7673613199622773 0.09161270058207649 1.5492333028615004 2.983475263731858 -3.2355381034846853 1.591694905473607 -0.860576784532693 4
-2.098656011921374 1.4510056543469738 -0.3042213066841333 0.23612599703418624 0.11892334709377783 -0.15981149828488617 -0.15721007159974998 0.36142639778501306 -0.9093830861227454 1.3139761072713951 4
0.16267302803709882 -2.572168728141026 0.4251799512779668 0.36965399875878524 1.00886674929585 -0.4671062916337596 0.3144255646834714 0.6916839146936707 2.9510749348473992 -4.095151870482155 2
3.6372150766877462 -0.10440628681147635 2.0698234903250627 1.8388038683135357 1.158770455890354 1.52619555605331 3.2057235312125543 -0.3071369797925747 -4.1649783364927835 0.775878646937449 1
7.185201934810118 1.3779949632229542 0.2272162402364175 -2.1138058133007585 -0.610717508915821 -1.2482224744907464 -2.9949008573465976 -0.546492956402334 2.755003390300633 3.2494173675896905 3
0.5550724451480165 -1.7690524513151806 1.730076541802469 1.3681671439854834 0.38888434055363785 -0.5265472030199077 2.9187537363379996 -0.21249127143874513 -0.17824245115271375 -0.4582435043707692 1
-3.6585622048813238 -0.617579462180205 -3.382242990271086 1.0379836519352075 -0.7302999421049627 -0.7004492421058972 -1.2249687263816618 -2.3889048257594063 -0.49787775946127877 -1.2797338228531785 4
-2.1102838175553975 3.4559843045074965 2.1690688926477613 -1.2341100969302823 -1.450893207314254 4.2682595375182135 -2.9753563778520133 0.7587205659410521 -0.3700144348700799 -1.0192372164615562 2
0.5717275906554264 0.0327579304384531 -3.822017543748286 -0.7288788205126608 0.14104078228166184 0.42242817412155764 -1.3872698994344352 -1.2845356968551203 1.016681319875354 -1.3927700381999428 1
1.444709789401724 1.1144356372154025 1.3954951916932257 1.1522472800029717 0.7291483884188328 0.15461625890347652 1.9425454286102264 0.20497772000128833 -1.160467664124477 -2.249686096770923 1
-1.4982084931005089 -2.0834023639785824 -1.4475051491004018 0.9941288225080651 -1.8597152746526715 1.8291044442173523 -4.320013785003065 0.7105439896527745 2.299082269419058 3.6492685282850776 3
1.4210841241652084 0.3184747781034576 -0.39797116983494474 -1.3000675576036078 -2.067089128976824 1.2438416490542497 -0.5897822535084964 2.4273229140167216 0.5114681239819994 -0.36782732855017464 2
-5.420692803071504 -2.1624799826319503 1.6796563219271021 4.240858982990288 -0.913047508319142 0.05068147019870861 -1.9835134483965247 -3.0049365026288086 2.160305179966304 0.9438350722722681 4
1.3511581528792924 -0.612158712051062 0.1460644554901429 -1.633731314734204 2.981820148092666 0.6940028602985197 2.3383786449590938 2.8818566508676176 -3.0302232820034956 -0.12561621633702003 2
3.5602291438311133 2.2702458068397746 2.322261811460776 0.2632473414649439 -1.305927239850324 -3.326491958975881 1.1555919747304735 -2.031711352690877 3.39191941900146 -0.9161190054428765 3
2.484385689097559 0.5263494821655506 -1.8232670902219779 -1.3919022453285892 -0.98984421141024 1.5498813947967878 0.6512592778246764 2.191968204833788 -0.686106267281847 -1.3921836138483488 2
-3.6723801858952134 -2.8131252908296047 0.10554335694783401 -0.12998960607680132 1.6625200518810384 -3.633697139333546 4.0199514517598285 0.8712100307334134 5.78424455261575 -3.3080653936396343 1
2.804051255319299 -0.10616687650075773 -1.336820263832939 -3.5586651290935696 0.365753494731514 -1.0279728362131084 -0.707845840997068 0.95039289853846 0.7882544084555497 2.551447974759501 3
-0.9013622308591763 0.41258979906819615 0.9067265943406978 1.4244647213982644 0.755208902022543 -2.6602238710833057 0.5200391888842295 0.11016796198225776 2.653109002080976 -0.15911383869354667 4
-0.20987650526070922 -2.428866851616234 2.243512072606254 -0.011572948469571465 2.0017707337400514 -0.625744443437291 0.37067441923690314 -0.7190703500437234 0.33626643265783573 -0.45585875394530817 4
0.5995970334197698 -1.2742778871756828 -0.5490223167798862 0.11542368638516409 2.6745842616089774 2.7026599092256074 -0.937600075163455 -1.0933710973335429 4.46416134933121 -1.7751623526223308 3
-1.734834504720419 -0.5209765697934376 0.687701476860644 1.6366182533376405 0.020426975086503374 2.8678618341576163 1.2889526892856495 3.3327416247663937 -1.6689549831583905 0.4174965663361223 4
1.0167585453889145 1.6843366455458169 -0.2926299294268162 -2.424157926394861 -2.334763081151033 1.0473086300985832 -2.7082563991450557 1.154493852116063 -1.2419085461275907 1.1961856306388836 3
0.5829148177790592 -1.5075752982287012 -0.38247226716781957 -1.0668050690619104 0.8143708062253829 0.042585264276623236 0.8245953533355902 0.9367722425696935 -1.6169053187477875 -1.337108209554572 2
-1.9247271413876392 0.15452621951086598 2.948304788859838 3.0233248563863384 -0.3512142365165468 -2.1292835857732433 0.10424609564125165 -3.567357829805568 3.306932268931382 -0.5536266168549948 3
0.6858890783788629 -3.9254967909549277 0.8258696334020116 0.17951543164041195 3.35925740478363 -1.6944067189666723 2.0064839141982507 -0.3243373678119661 0.3007946215017683 -2.093182088359631 4
1.4067970605738942 -0.001258970413920868 -2.43442052216085 -3.6736293179989223 -0.6165838518877031 0.5204051205065332 1.5092657219775394 2.42963857242981 -4.882862064977884 1.307781432960799 2
-1.963093828262148 0.0553823518204255 0.37178496922289905 -0.5338942231344104 0.23071813740977765 1.685237523018857 0.6886815783110607 -3.562839545184326 4.974290149274417 -0.8829198261884628 3
-0.494167109291739 -1.942051015325393 1.534327967795739 1.472741660416777 -0.3433737993718482 -1.1646009536372137 1.4630627641310205 -0.48676234467469937 1.0607795564066418 -2.875077763956534 1
-4.314834439446493 -2.656189352941084 0.6095113703763846 1.3648188629116642 1.154475125993619 -3.45967191195466 -2.2529501526307563 -0.9858578087303417 -0.8670932334722674 0.6087151200592291 4
-0.9353404644694014 -2.3001148593101237 2.040107409489088 1.349092179174102 -0.12122468739123504 0.1317433688538574 0.2707331461515977 -0.9463203869752206 -1.6493582606358586 -1.3666757068004975 4
1.1950205936144291 -0.9630300746500988 -1.6180719306957776 -0.6406025180220329 -1.124207567817426 3.0773629605076835 1.329096149570044 0.9185340828565184 -0.19191896621255178 -2.6244934205531445 2
-0.8058433628770549 1.1487712630525437 5.093930791594916 1.5631837996247038 -0.09948639678030646 -3.561194105306373 3.4938917309150197 -5.293579536652199 3.934862106940955 -2.8552034829965285 3
1.2480304297454408 3.0491702979264175 2.23226912967763 -1.2089953528363244 -3.9363860875583314 -1.5807797800722356 -0.5949158779319741 -1.3317659236975739 0.5145685234784272 1.1437024878084345 3
-0.3314711676391703 -1.144097563070261 -0.220259741441323 1.64936749680726 0.21596053869225318 2.641984084545599 3.1309143531383414 0.037794591315923 0.20343291507906447 -1.9938723003153993 3
-2.555241314487367 -2.301613268216265 1.0115069657296192 0.1588088749827995 -1.2253540020918363 -4.508085601068318 2.7063838375331493 0.3063709993880308 -2.3755369089206875 -0.4147239239649785 1
2.9332258536576346 1.115575018623716 -2.1027846079613157 0.621921224022715 0.7160835334168463 2.6457484215429776 5.748123373025923 1.6883919569181778 -3.3101437571316397 -0.3487458733906085 4
-2.5220862001845488 -0.5030931311802032 1.8944867330621007 -0.821564473790179 0.875242225119855 -0.7241391798155685 -0.39555398169436784 -1.0221714524961119 2.707537930770436 0.10664117087592828 3
0.5797595375037243 3.6269545666299563 -0.4437776356888985 3.168288504629321 -0.1427415165894932 -2.626292223495269 -2.0351852299274036 -0.8400315383898953 -3.601663847086659 -1.0139356750813384 2
2.4722880337552064 -1.2610498315902814 -0.42487318725557255 2.4763399085421107 2.2562052070186245 2.9559235727339352 5.857098021100242 0.7492110471328517 -0.023164055489531377 -3.348565714497203 2
-1.7842312917042062 -0.22609134153342025 3.1195322863797172 0.4174192332753016 5.123945619928288 0.3940599164137101 2.3943754209061323 0.6581213289982077 1.8621872713148853 0.37802411889391263 3
-1.7169325068614403 -2.3981202573605103 -1.0906958449254656 0.7856644805527588 -0.7826700828765665 0.24229278387737352 -0.7568292033866728 -0.9367936654915043 1.4802115819945891 1.2185121666351186 4
-0.846704522039086 -2.6467983966544244 -0.8990618706343194 -1.414636597667625 2.6526697997477484 0.03922862653600756 2.8998380195638562 0.2079882148822907 0.4012354531123534 -0.36540701796805497 1
-1.6680915414620041 -0.41456496300934587 0.9963971383944187 2.605187249352208 0.7394556063694542 3.038419399429097 0.8438613211179858 0.25025556041374863 -3.36581123121358 1.6152991911276788 1
3.727433671597862 -0.6736517471185519 0.667836664389369 1.4748411353590498 -0.6931023859420341 0.5092235516907317 -2.0524755173879257 -0.1040522346522198 2.791794899724862 2.357838273761932 3
0.5581143987268753 -1.8935665479815333 -2.025455322290356 0.9530756844521532 2.566600218479246 0.8973722801406903 2.1241864674702695 1.0158930164658015 -1.75579847153281 -0.7082530963522764 1
-1.7874187397188637 -0.25022437815570686 0.40475076182020997 1.1455716998511005 2.091019772716785 2.672029384518502 1.1465686595114328 -1.409116973583029 -2.6945331054113852 -0.3318751963173282 1
-2.345867986544014 1.2738852592233774 -2.9798832893831175 0.9713896439475518 -5.29209701369606 1.1677990316605866 -1.1958087242436775 2.0719480171625797 0.6819134924471282 0.2639100696387361 3
-0.7163714625769462 -0.09191254213371924 2.0618409692503987 2.977465701901576 -0.2532269895078123 0.2226878812957085 2.7526190921141813 -1.4825701263568414 2.762748719984115 -1.6022796104675692 4
-2.5441085649527473 1.1301332581761332 -0.021456744097531066 3.189732868808138 -1.3217560762208507 -1.221646061428508 1.1892128053834952 -0.020156131295886004 0.1129306523253738 -2.9376645781527078 4
0.23416242307645962 -2.259768897323747 -0.47867487144664955 -0.7438206162946732 1.1927091872387068 -3.495151110562088 2.1139671175022654 -2.4826409888530048 1.4522478751367167 1.250626840460864 4
-1.7562704091379797 -1.4804536241998674 1.0458853606525558 -0.6107649490263931 1.221784519092039 0.41318091534449075 -0.2672820163423806 -2.0129224620073876 0.37348437840753745 -1.17617330458086 1
-2.3682181673163933 1.1580037135651355 0.6823317796026591 -2.298599205273538 -4.5894075801415095 -3.1514557505496357 -3.0244458118402995 1.1932897148955215 -1.3097183456603902 3.271797391623152 3
4.671118645335192 -0.6325631450493365 2.263825168377111 3.193538258081066 -0.9065489680642915 0.10305960606651055 5.207384398533411 1.5682660641371866 -4.558236368038291 -0.029886998283543798 1
-0.6092281511677126 3.6818068603687393 -1.7059841981254857 1.576830535586731 2.1917750998901075 -2.8498697700382642 -2.5783326403274636 -2.22306837161194 -3.845887483672451 -1.0858306640739928 2
0.9844042112611385 0.5214614275373555 3.000868077636373 0.6736198092508527 -1.6393173956082623 -1.1442877866967882 -1.0330250701450494 -1.0123484178922895 0.7427085965051743 0.9616216829515191 3
1.4001810865766604 -1.218057607337205 -0.01430213023575111 1.5041713099297649 -1.2341675278733573 1.9558879595543583 -2.083394047720033 -7.323991019949189 3.2992512204166538 -2.186386964207294 3
-3.1861953383331465 -2.6468966482037564 -0.49221620868268956 2.3700467351033154 -0.09523816189270473 0.5610125571691067 -0.3622811561050726 0.8086097455890635 -0.1503639345785276 1.78507086116536 4
-1.1925218705718788 2.3264905486209 -0.07817610712338052 -0.11636852329870884 -3.2479925752360788 -0.7522485204291576 -0.08996825941570596 2.624444701801412 -4.371511908685808 -0.8102179917223002 4
1.173431432734555 1.3481713151836274 0.46164508417515426 -0.8191807011657809 -0.706721626861244 -1.8791966188766778 1.3838312025465962 -3.7078006528843925 3.503688744030325 -1.15719688771184 3
0.3035332342453876 -3.5346565153028457 0.9410713015501941 -0.9187299459353622 1.7860045461615675 -1.4648267392758088 2.14810907925568 0.12245853942307461 1.2138489987296586 0.4043630459910379 1
-1.3308380614604738 1.7379287208493155 -1.897294974432301 -0.6339851830162704 -1.4706470616878948 -0.7270102555005853 0.026432248238559053 0.10586860665177011 -1.6754724901400273 -1.0972044449142935 4
3.5368457898985914 0.038812724779515584 1.9172716106749892 0.39045247373951986 -1.2451707191590664 -0.6493327425816069 3.7610526225426972 2.194355368300595 -1.8655080142531453 -1.4005686349440247 1
-0.14074860639231157 -0.8700632125097675 -2.060332524996224 -3.8111412107283242 -0.4716003579302819 -0.3390553606233848 1.2982684704768759 2.4757055708639735 -3.2175292180198323 1.0647675162080374 2
0.7488678749079696 0.8156207984473371 -4.487070929865238 0.28424569334912 1.7513123831620074 -2.8456495012055623 -2.972670876652355 0.18652194673149214 -4.0318606683738745 -0.9277240199441003 1
-1.186954442546762 -0.9621421033278368 0.1629644254390894 0.5457340945786544 -1.4411310983162569 0.004461353745158436 -1.0090637994472265 0.06324822053974433 0.7274074488501314 1.459550491554117 4
-0.18264597036182517 -0.46579953933179374 2.5562545334604163 1.266024362911479 3.2245820834685484 -0.7217837439397605 -1.1470638186853885 -0.33461253650690126 0.7250015718165704 -0.85654717933001 3
1.5651694579712432 3.1864436831294602 1.229998554854621 0.6225421189234508 0.9500338002267257 2.159322503678201 2.536710293099965 1.529730891440925 -4.627751992230876 1.3194689709031344 1
-1.1562596229428925 -1.3031651834060054 6.992204611296718 2.345180695853 1.8673048064637254 1.2809099778324842 -0.8196569210275169 -1.4795146026946961 -2.320560778462426 1.4665902584908932 4
-2.4312856028386314 1.931027823878154 3.41247865149938 -3.282896029251533 -0.04460721034866655 4.151262706248895 -3.2110567121125806 -0.44624305351470017 0.18288010848599834 -1.2621800751546859 2
-0.6359516346603313 -1.4065520550407613 -1.595844881622019 -1.1703297168987818 -1.763814715385024 -1.217296816933966 0.8748431085632882 1.3662487199886062 -0.2777414183012292 1.8069552090354444 2
-3.1925239133200027 -3.4411013852801213 -1.1136757225826472 -0.4275615668199535 2.016852498323038 0.3529310042293823 2.9924403695649917 1.262670528005359 -0.3920969227432243 -0.1126842514139954 1
-1.8981777350384508 -1.4966245560999654 -2.535917414282655 -0.24054213697700644 -1.7403616266988864 2.451617620218649 -1.5897872682598355 0.8052185316831244 -4.7113514093167375 -1.1777627823260606 4
-4.89212628818154 -3.306979100181636 1.1312513295208533 2.6101216671818355 2.4194728266576364 -0.11765104710611984 -3.7002845503572974 -1.8370089093041349 1.378817776306473 0.11494642233149088 4
-1.6497334833994044 0.5372220442502461 2.116807785606021 1.3542217030591077 -0.6105829918802677 2.0628229962638516 -1.395142102366406 0.1515438645969247 0.23164731981344144 0.760333812799936 2
-0.7684975156148732 -1.1305696919267072 1.2816032957951442 1.0121810776772038 1.2570788202401197 -1.6512870780440987 -2.4977939484838796 -3.0661136948817975 0.50280083647818 -2.25264332623451 3
0.3900232473915386 -1.8275458613554822 -2.477300520454217 -1.1920509905886805 -1.723114202792627 0.9546663726875013 -1.956690955785109 -0.8268915821749407 -2.7985190433276483 -1.6546340412917542 4
-3.499815673167037 0.3523852352041241 -3.9525326484022867 2.7590180192416547 0.10808751175677433 -0.7822473344784242 -0.01551665223144072 2.874965469206372 -3.640373599402113 -2.0122898941284637 1
-0.7584144532254781 -1.1876539684723781 0.18110387727341215 3.9115962172969487 -0.024365748917263508 -0.4306795721007227 2.5961421377996254 2.654360247245559 -2.332896291471216 -2.274246681109034 1
-2.7697323592856495 -0.07502878859753115 -1.2988245227281539 2.063742530483534 2.382125689804965 1.6540196469977193 0.3928051877095655 -2.7640151055164397 -3.2648985298422613 2.5391926009025245 2
-0.026639627273751465 -1.7508558176996796 -0.5893903762034741 0.40887013159900776 1.4130930976096439 -2.2923863613015194 2.1795325558986463 0.6147883307695886 0.4157204184987344 -0.1866803780025048 1
-2.5825962373033255 0.4415042170598027 -0.6182336482457496 3.3143612483369242 2.149782045250544 -0.30914436780077836 0.728970838093087 -1.9800651726609892 -3.2244520048252534 2.2130715955138145 2
-2.8103046662706235 -1.1903820338052773 -0.8190182579600211 -0.9880023230384041 -2.658629552512169 -0.8446891583159468 -0.19390295188943063 -1.4023821888323011 1.9050862457551512 -1.1711481832776067 1
1.0789359032426633 1.962826093136313 -0.8188253329304991 -3.02269342640231 -3.6146926201992606 -0.28449442313601925 -3.2569447674717504 0.24552229619747656 -0.31928420967705495 1.6184578467891737 3
-2.923520738840729 -4.475062133138435 2.2463431524910042 0.6154535246871908 3.5547157956513726 -2.015252646406417 -3.3002866531103994 1.1726159561215383 -0.22227279163468405 1.0184858199933107 4
0.23899644236129225 2.0942981991121066 -1.0054257998812623 2.023186711569699 -0.39550202824811187 -0.6425281499339957 -0.6514532379927909 -0.9351273524099191 -3.576697946185886 2.7721681523025787 2
1.0440675974788665 0.04198591692340137 -0.2398028327086783 0.0012894335571389526 2.1870884946891413 -1.1335686731783046 -1.6736497740737817 -2.386787419424624 -0.111737429860713 2.2719072827398406 2
-0.04116483139624372 -1.691659267924193 -1.7333859439634298 0.16228568859804482 -0.6514434314322552 1.0892107703038463 -0.13729477270938073 -0.7917895240933139 1.361222174609209 -1.9111685975774284 4
4.174992643393789 2.3928804591809474 -2.012963158674125 -2.5190510614853947 -0.6527004373559604 -0.14913347312515823 1.783854804889475 -1.3423208844526204 1.7735661181114009 -0.3049574016415393 3
0.30033565292605213 -1.967204480693101 0.8256012707968531 2.6871353227272587 -3.0439052114220493 -0.2107200208175124 -0.43059904646413827 -2.1488470391321086 -3.049303581014267 -1.6352595106531878 3
-4.0535663986695365 0.862420934116551 3.2309914208932455 -0.14392059213962494 1.9767679045556341 2.42440310923259 5.377029948477112 0.26555440510633566 3.4556952716024494 3.091928324991118 3
-5.312918787937421 -1.6532155320003858 2.3108814629691734 -1.648691251624121 2.4581911870187927 -1.264627445234901 1.9720739815949149 2.0857712205609973 1.1034549338673367 1.2022870750668262 3
-2.3196445919058792 -3.203195474931071 -0.9958218777319983 1.1975677097457724 1.2548005405932132 0.6506897252848767 0.32344853467342793 2.3911204566781548 0.06188646459234337 -0.9507990585207807 1
2.227284323355971 -1.1303569593297802 -0.15647665650202291 -0.07429201451913903 1.2639573147582852 2.0218753716788456 1.5498414508896894 1.4082413035578043 -2.13252683071135 -1.2053264396118128 2
-2.671162077437666 1.0576171649352775 3.571592368887414 1.7538736128782804 0.03304566690902366 -1.1115405736974058 1.227946618712023 -0.8920897739667292 -0.4211222838932802 2.0018237537777672 3
-0.5351678411641991 -0.9038988221407026 0.8462111223312194 1.7583212617383046 0.14653744508672495 0.79296898295908 -1.9960038307493417 -2.60111718159698 1.3048393074107307 0.059630622079682505 3
-3.060937114422843 -1.980740275956413 2.521050333801875 -3.1612082917024926 1.0631240825937316 -1.056663039096775 2.2204153142736374 0.038709493904712344 2.9797107244306265 -1.9436541981588342 3
4.096850168217099 -3.7498516913969784 3.5590937015472455 4.086494068060354 0.42179441324178546 0.19553277683626735 3.5315337522226673 -1.0803345203551251 -1.9931704708081295 1.0416750923225493 1
2.3333954683460343 -4.841262089032853 0.13677915836101162 1.2892956526025197 -0.38162588678848375 3.061637131700314 -1.430418779741391 1.6226686405869875 2.7621437693158644 -0.7925514239500095 4
-1.3375451872235102 -2.1719270541598226 0.009974657635518525 -0.6476180031535248 0.5060453744785548 0.4688978092098992 0.8028338514203137 -1.7125324898636345 1.824866014533988 -3.087945801767791 3
-1.5788254513549087 -1.3823330764076502 0.026695026616110118 0.9134691911777804 1.5398238019302741 2.4205594945140847 2.046466911910178 -0.2659164763446764 1.5695085335300756 -0.7720609165484097 3
4.346827690034652 0.5309575248962344 -1.2595866124321722 3.740692541978146 1.2289786963769926 3.3711286785781627 5.594573853311433 0.18480515952065746 -2.280989806151168 -0.28610692731921306 2
-2.892628664835488 -2.644066742273978 0.2769530059342489 0.7849467040370577 1.6509607250738743 1.4903048368562954 0.718395703167658 -2.178346080523734 -0.3709380676711944 -0.19373880669547006 1
-0.904718214740958 0.15356138684370624 0.6261224123056142 2.4148338808653738 2.022310890829175 3.1367280904925074 2.6616536041474497 -0.24000393335704506 1.336432380600167 -0.37209462420584116 3
1.9255297263306117 0.19315877259436376 -0.34737290566041934 0.4369812714832244 -5.334038826536045 4.568038060112741 0.010683559803637888 0.5042438471325327 1.0383951413385422 -2.786359462206147 2
0.8013459344221323 2.3850854963267283 0.8987046064328559 -3.3476124989563143 0.8035374024615376 3.8769770202915352 -5.166306859572288 -2.3550869543410675 -0.8144943027509514 -1.0677269773739524 2
2.4270649130501027 -5.127044542393791 0.713093735757466 -0.4458152023529396 -2.8080992171960864 0.6168770912427182 -1.3503483336092643 0.34312538667807535 2.936846795204568 1.5792575296732698 4
0.16608010719000066 -0.06615717584856473 -0.017529108615794264 1.9629653315606985 2.5260761791217194 2.2797931697092926 -0.4331950635688182 -1.9695394019085763 2.715366949784862 -1.3203950026379938 3
-0.438893712734161 -0.04575978776534362 -0.5005390467935017 5.4585100652572915 0.9126506455057802 -1.4237570902549004 1.7294560356957334 3.168784075445227 -4.100118356309473 -0.609075327557165 1
1.5251754618199587 -4.63025298647092 0.5320100990077701 -0.3222105963030333 -1.0114057481770815 3.838945772758807 2.1944565712036663 -1.5092444318121925 0.42332349714562434 -5.897841644150796 2
1.5222794624358569 -0.20524056597269336 -0.9652978216639124 -0.15817956952688295 -0.259050490665097 0.5237546603106324 1.134020854507889 1.5449910405029401 0.009754769854735112 -1.3534842051684428 2
-1.7904511134647572 -0.824429250758791 -2.680044254042131 2.0640887812865145 0.2521134626350212 1.3936413765662836 -2.6110380038635808 0.6093034283818172 -2.1981872238738074 -3.5865430106054976 4
2.2357450708579574 1.3505341217201439 -1.1599590475253387 1.9820096466606922 -0.3023888338537749 4.113622193477097 1.4278724018990434 1.6199223380855017 0.07016287588406822 -1.8505279293517507 2
3.066291161176535 1.114620363935435 -1.0984825920909753 1.8770294770753733 -0.9252084419799661 3.128203851912585 2.4417957232728567 0.9214964468243515 1.2286268491725028 -4.732044855057101 2
0.32945714326121345 0.3235909007225046 -0.9782255047942874 -1.5491359122434543 0.5623666009825001 -1.9405807773274821 1.897796864038237 -1.668397539239524 1.8101534790597453 -0.9335623289068222 4
-1.8031875914939608 -1.7314543863246654 4.239276380058696 5.1012852987415815 -0.9536586072626982 1.6274659514584884 3.0748054336504054 -4.93009472393465 4.3206598301567105 0.5290044301651506 4
-0.36254404127380346 0.03742074420100727 2.01624665637338 1.2674487256719924 1.8541310212240676 1.2096021562178831 -2.008835996791117 -3.0204365771434167 -1.9909192714039583 -0.6634730022596469 2
-0.2511693307411571 0.9261595119118713 3.4589761270991657 -0.6882916797137515 -2.1110708429816576 1.424538545788075 -1.4639813024751709 0.8995748048490764 -0.6171754187099346 0.6134801677309871 2
-0.051029604393907135 -3.889027574616824 -1.534604847141479 -0.502258981875191 2.7572486895722195 -3.3043919492589424 1.1264869318871944 -1.4248202851341432 1.6832567035031096 -0.5159002157192024 4
0.7921856188767036 1.0783417306993635 0.7354512948572066 3.6818852392798824 -2.3257263012294485 -0.47768157514893295 0.35981569993241824 1.148965386756073 -2.4933486230121034 2.934504129267457 2
-4.253170602483615 1.1594779339486505 1.7359483107523894 -0.8414820725583598 -0.07832266484182493 2.968480371372098 -0.6703943105060257 0.47489705994365083 -2.5124701238340466 0.37399834852697056 2
-1.5400460213600742 0.25279083033141747 0.052922353414752155 -0.28127474359797744 3.3417131754561664 2.7284727902224795 -2.856625617570244 -4.081871710436108 -0.8361334445965836 0.3648268408584776 2
-1.0646680077660646 0.7659392562388239 0.01228982204746476 1.110431867609189 0.3272145796289476 2.940914340434211 0.581130418325559 -1.143433111811656 -1.953012761404739 3.8855209950841614 2
-3.2440343505899074 2.9495121134975517 0.3406501494486516 3.0905941885833585 1.760510169175121 2.0443406016026398 -0.15287170440705955 1.9250536064545132 -1.000629287844165 -1.3244091705850682 4
1.329933495009061 -1.7579805798077481 -1.906867605301173 -1.0901943118726773 -2.391345097526943 2.448480055904538 1.3944367287617356 -0.5011559981863638 -2.682276801292991 -0.32123390442103794 2
-2.6724178277989763 -1.4918032826719398 1.819573765366779 -1.4188208732251035 2.637856513986888 -0.4528299717278901 -1.1054731123711132 -2.294266118342258 3.9803805876406866 -0.41491310996283204 3
2.1195260195669485 1.290030167622987 0.3895373963119525 -1.014610749936499 -4.61995924986032 0.36033744356163755 -4.620953168911189 2.4717084880924904 0.2776497815693 3.95921082795734 3
-4.151375490508756 2.372336793985061 -3.932426654940119 -0.0026759938180729304 0.8751223230436171 -1.3549820350375903 0.8791285639689996 -1.3010355566600005 -2.0450518844468304 -0.9988982766718036 4
2.015566239943085 -3.884504340820795 0.12184700513267122 -1.7880456817127564 -0.534383928845199 1.9543643023901143 2.8329936336121566 -0.4355265806821347 -0.8889332870406695 -5.11164963663235 2
-3.9361655462593483 -1.576792995864729 1.4934833557501759 1.1572354796050515 3.543744088021921 0.48193044060914236 3.211787511849135 1.6825043733533742 -0.9848612958161334 0.48169978044428374 3
-0.2770188960013418 -2.8748386354863347 2.194516320290762 0.3071491646588914 -0.356376132269252 1.107676318862128 -1.360718733300747 -3.266449661337169 -0.6377465052056177 -0.48060591944984266 1
-3.484708587712411 -0.06614430877237576 0.6850724426480266 3.7705455649697366 0.6418415974228724 -2.09454220135552 1.120312667454402 3.5032966503360092 -2.1192910225277926 -1.5656155037934134 1
-0.8235877726203772 0.5107584048097324 1.2892816985714615 1.6425234867426717 4.002481723509559 2.9527221043576315 2.5716950821113174 1.867051558149313 2.402141704153663 0.40716218633683754 3
-1.6243813853811113 -1.1654719534758622 -0.9436623993017105 1.3280310230568828 -0.536948221511206 -1.3721942058329342 1.3673947741963568 0.886809174651876 -1.2072352661489094 -1.565869295537476 1
-2.1647298663312675 -1.4461737232719196 1.4217840154217734 -1.002136848529608 3.094382040174183 0.9832487208463169 2.114437968210912 0.9969996774486101 2.7372643971165953 -0.65537630466114 3
-5.046974408869729 2.102352062583423 -1.9170292643836355 3.2841977985395845 -0.42308641827061744 -1.7334158864392228 -0.456846863501602 0.9887160103115431 -3.2242552382941385 -1.5858108773627606 4
-1.9499616211208144 -1.8199235907989773 -1.5956356947696153 -0.16300239232202585 2.6193466948063575 -1.8700434951051499 0.21583431581213097 1.4898370774581726 -2.9313264566254054 -0.5305499669242892 1
-1.1547463108778613 -1.2046059923999273 1.027469247863013 2.541187093783802 0.8438331220293637 1.0051591154169282 1.063270106902492 0.3051253742936786 -0.23379299703160705 -1.0272397630288357 1
2.678884923888642 -1.3575307202063156 -3.0239883734896518 -1.1809147642908258 -2.0557132745506443 -0.044031832570315066 -6.291269674628031 1.2329450100973744 3.827275392536163 4.611090569619549 3
0.04016740214251646 -1.4167831963732016 -0.9062386592110839 0.03797671629028798 1.2699208221189051 -0.5820607221554326 0.7325100582170865 0.6616486855423945 -0.5304919923282724 -1.783769060987623 1
-1.7199870266268913 2.480934965300723 2.912692819161436 -1.701198862055378 -0.231371191986933 2.0414811932847323 -3.9727174399663334 -0.09415157797911433 -1.9022383801325935 -3.5070065866737927 2
-3.276615436935268 -0.1865933062515206 -0.5833720869363128 0.11718916721767947 2.479311984510809 2.3128734890665337 0.21149073864056323 -1.98743793722227 -1.4017056869149 -1.383917357270846 1
-0.7909031421699626 -1.9214865986632401 -0.29075525938556923 0.5524047596634865 0.6989208926520044 -2.643339661104501 1.2591163651320731 0.4063283439579847 -1.373686484568514 0.010497733335319115 1
0.5891541833738443 0.5052097334711911 1.2251026439321735 0.0067915712981529985 -1.5549796049005842 -1.8018883016809664 -2.9088879303489685 -2.969154326459142 3.6778056298518256 2.0631590805184805 3
0.3416349066689812 -0.557157755703348 -1.771655557683344 2.338005567196831 0.35628616974632976 -0.6360377688884303 1.6278910259605932 0.9280912561420255 -1.2542268199111166 -1.1658222181005526 1
-1.208808150551055 2.098387459502842 1.2189584969588876 -3.675409794164367 0.1738854864656907 1.8743814586496668 2.0938763557816324 -0.010774447006144938 -4.213070530109694 -1.6883476117847311 3
-3.5124616327241514 -2.244281002812241 -0.36323900449944424 -1.0235756793191584 1.8778233020127082 2.656299615938983 4.538335991273282 2.050729605058555 2.0773989587632 -0.8182415887083642 3
-4.0923796691107475 -0.42293999701057294 -3.643286721896672 2.4379499612816584 1.000279453288662 -0.4783595556279483 -1.389319952265321 -0.4172060059643976 -3.1786665776448224 -2.6117236356733073 4
-0.626164189403863 -1.1580849703836322 -0.4107197109600135 -1.3241655829671566 0.13270939708298068 0.44837521496364163 -1.175188602743959 1.9442105052109218 -0.30623800883025143 -0.46085062842832614 4
0.193754001611681 2.1945367644950178 1.454808686142409 -0.5028084316139168 1.6216672079685357 0.18458023009703295 -1.0414312645576413 -0.45565410296021214 -1.3362843457715996 -0.5518737642305891 2
-2.5437874583897937 -2.9557660212202297 0.237405171010316 0.28973607314393524 0.2921147108541362 0.41190506952739125 -1.1573063804541794 -3.100240030279738 1.1202505039628337 -0.558401689608272 3
-0.11860935401527795 -3.3193604792316194 -0.7900347735250847 -2.763027160629556 -1.9665515404797735 1.9291756630965242 0.9460099015925448 0.19788680469977327 -1.2121069190434102 -1.234686350312503 2