n: 400 f: 10 f_i: 10 f_red: 0 f_rep: 0 label_cnt: 2 noise: 0.01
400
10
2
3.7650550282845163 0.8236069638516066 -3.463422849949922 2.0602954713529926 -0.26088502328633867 -0.9347563410496611 2.363721008116608 -0.16892934531251091 -1.3051238387925812 -2.6254347425418887 2
0.4550750539982127 2.0460345420813297 -0.35199097473426644 -0.22353823039086063 1.7057854760307465 2.832715433745488 1.261718292500754 -1.2042432741733609 0.2857658182151306 0.6316018676466479 2
-0.39827274620411446 -0.34913381490015005 4.2249630834309215 -3.010507679433816 3.4353985754730014 -0.06267281492543408 -1.5326491034553746 1.5620130697761394 0.5989111854890179 -0.9240375835838283 1
2.3563567857304424 0.09855954863683825 0.6865944877239747 -4.7973083778609515 0.06058260157672568 2.2865469241768466 1.7182308659338492 -1.4938053182262858 1.2998735307750882 -0.6819437237991861 1
3.0706758996549888 -2.2770678183400315 0.8974475082418637 1.1957040854772552 1.1469488977924058 5.974859168846807 3.8601192563101128 -2.3234457698688873 -0.045021926673878165 0.5600575257556055 1
-1.5810235761244726 -1.7023870987109557 -2.749519090089539 -0.8423182550989345 -0.8628913232831175 1.294888674687774 0.148925567305778 0.37537396455405125 -2.130681387071292 1.685311845554284 2
2.91517701186792 -0.7881293364800932 2.3711292593407727 -1.1166096480773042 0.23857724658724022 0.7122247251507055 0.5154854848512616 -0.391231564349638 -0.9482635359518247 0.36410003574875094 1
1.2943701856126701 -0.3037872911514601 -0.0009394990044659934 -0.5261114536552058 3.6059296843516537 1.515520142031183 -0.19724124807714682 2.429786266601207 0.2819779984298114 -0.5041714507056106 1
-0.4378206476802273 -0.944844457929418 3.155751209906926 -4.157707392021272 4.649873368825033 -0.7614716766327254 -2.1465005907406023 -0.33124400859412784 0.7820482342480792 -1.9816279119695712 1
1.9821532437391216 6.724270531033208 1.3131879656685794 -2.5381279688039386 5.923371558276777 -5.755610135407607 -0.04787497896507231 0.5330058205537105 0.5412988986315206 -1.3704319819089155 2
1.1394667349205478 -2.591258341149934 1.4636967263962497 -0.4729563793980135 0.549383001562429 1.9168518836024617 1.828105109166436 0.4384277690067129 -1.3843990335886305 -1.3202659014013722 1
-3.3030302960073534 1.7388089585935549 1.4768047203575372 -0.4083677689024079 1.1266877633851962 4.253818557295867 -0.014863124126394567 -3.7052584127347696 0.1532119715911131 2.686039599345481 2
2.800125411324564 -1.2261427992536311 -1.9982369333307877 0.4353045226745117 2.8779753446413343 -0.31800176940529035 0.8311435090404768 -1.395715096048711 -0.03722524137652894 0.9166318778011049 2
5.229436188440384 4.521599689898669 -3.314917006726043 -0.9091193832910873 0.4726694623308637 1.1264249471906442 5.739868238916011 1.9026194505757794 0.5340660543788318 -3.800567735889136 2
0.23197411824947944 -3.239090837795564 1.4720099347888485 -1.5274554640441833 1.8216381544097502 2.085970809995315 0.6593995397138022 1.2913396752307122 -1.8660161151260435 -3.2488714494057795 1
0.6534109107864348 -1.5387080337708539 -2.0414384809282495 -1.4829441712922788 1.189538151883591 -0.17338971521699453 3.0465947456028974 -0.6014208736806697 0.2896201939044756 -1.2102449762182175 1
1.3874559968998328 1.5684676713223398 0.0029209527783948808 3.0863094003770946 -0.21515983895881807 1.4997830545304371 1.6219226894246064 -0.0037422695907659564 -2.1764707103384175 -4.260802303644752 2
-1.548446168997581 1.05595861428383 0.12869136438815187 0.07859144901342807 0.6493009213970747 -0.8434640583944601 -2.785528968474036 -2.8140590296247963 0.3475487037324043 -2.658583624658437 2
-0.2404196208303222 0.6286612533765008 -1.1905251003587622 -1.5762726418823467 0.4502948676461359 -0.8589273551870269 2.1518675234101705 1.1761900502011176 -0.27216401713636607 0.06333292762173648 1
-1.7910429854669627 -1.6360479387933593 -0.30837784939962587 -1.2458708926005997 0.10588217066070693 1.6038281198516562 1.463923419515449 2.9824741229452956 -0.18369597996998754 -0.7469428528955466 1
0.19090418906621354 0.30770595511765664 0.170750013713045 -1.716974987107304 0.18090674882886926 1.7330939411969584 2.0958476726445054 -1.1962528554465557 -2.0663194624985577 -1.4354469899265718 1
2.4901071763710525 2.863587033327043 -2.492133283381714 1.8333355361330361 1.763179051964923 -1.631282019540539 1.0332009070712174 -0.46977596605433325 0.5545564003135193 -2.1304163247087073 2
3.944800379864171 -1.4008981353289394 1.8638788718847363 -1.619271342730258 2.652772760394422 2.31807254940508 -2.475770133645171 -1.8741765716201972 -2.0833136907854772 -1.5866482749645558 1
0.6265752315330166 -0.9512957842737768 1.7715863614231577 -0.13831111279555286 -0.34301380740368415 1.8699510887970998 -0.3597205425252601 0.6774195687264679 -0.8847179190915107 0.8291571433239997 1
-1.7910199339649195 -2.4203626050995783 1.9907391132229209 -0.36791201996926615 -2.172315548792383 0.3549439090697508 2.134060550045314 2.2414986441514024 0.2504984667392087 0.5640532931089222 1
2.288028282709443 -1.2290558169890646 0.41017920563051957 0.6741259048343662 1.925271470135744 -1.813366990592181 2.9942209707487732 -0.7783181999821405 -2.612499354390973 -1.868136061745356 2
-0.6931374018676857 -1.073814808807487 -0.25212126488334907 -0.34106822044444063 2.5030938028851084 1.9215845960323648 3.1549464841261283 4.074331945348147 -0.23336264575965104 -0.5788829754939988 1
-0.009088621967710209 -0.7218924408865075 0.04925151327828514 -0.8391129968868924 2.2209883722818473 1.790259343859283 0.0920050745952844 -2.531015581748704 0.6767112695227069 0.4246157585781589 2
1.0937026947565953 0.9682603325081716 -1.3951946165326217 -0.01812956252620168 3.0374155898385493 -0.393916224537292 1.0897460755904123 -0.8997266081674283 0.7023687135792225 0.4415696297507279 2
1.3796985139145264 3.6229042431039034 0.4503418631122337 1.0165693868404801 2.368480942045222 -1.9891344815149892 1.6656784843734935 2.3836267510600915 -3.6025937701363686 2.3844591289351547 2
-1.1039597825686647 -0.20016540419414053 2.0279711235810334 0.48177968346558075 1.2034160762957105 3.5720527348772535 -0.7602613022551645 -2.945897984433094 -0.7523826060910962 -0.3188660943356135 2
2.402841222844769 -4.12728354462569 1.8259201680667645 1.7827634865122932 1.861234450305436 0.39794017581393937 0.960274291195227 -0.7505892273837246 -0.6531665384743361 -0.49270021781216755 1
0.34143571563045805 1.4661917763062364 2.51863291107653 -4.327301369762146 -1.2241039249567498 -1.3284118468407464 -1.0260236838991266 0.2156078683398568 -1.2196615594046991 -1.5136974778906085 1
2.3423408104818306 -0.7976342020673565 -1.1639488477792646 -1.8518172827448918 -1.422865001181663 0.9901728530002011 2.4502161548743286 -1.7401355410238497 -0.24267225199232678 -1.8225519830979824 1
1.0315946967100684 -2.1674848255004098 -2.4892538043348593 1.45007627146685 1.787458690011932 -2.155777343408513 0.0831844329745961 -2.9302935156270973 -0.4927366680732138 0.6418796494255161 2
0.6463676618754447 -2.230219915390214 3.7022508653901958 -3.0959546908679982 4.711499649443988 -0.24955300330005437 -1.7399946161474729 -0.002197295289183554 1.7008705337053773 -1.4627650004379364 1
-0.6349146015170162 -2.1209487935959546 1.5399453313498461 -1.3410264818260689 0.9574472049069114 1.0262226835966048 2.167388075369915 0.19415987845783433 -1.6729023483870438 -1.0867181335425005 2
0.480082201876754 1.068408036747475 1.1933270221363927 -1.0422564454114092 4.320573476385107 2.0149393143833936 0.46195425688383795 0.016561928912533386 0.7363814399331767 -0.3985012229818138 2
-1.3122572189951751 5.24827006596999 0.4939286688842728 0.39583356180665286 0.2597072773120883 5.007503111465331 2.473714726950327 0.8400221043725549 -2.7259592917747812 0.4242988175619262 2
3.838932906277257 0.4125738995858368 1.5417040676973603 -0.3897904925857506 2.1540018063998514 -0.9721069488436316 -0.49949813298792956 -1.2701959626212656 -0.8980071162091854 -1.1291923084632058 1
4.58408341239984 -0.6098448372547685 3.3508330999374896 -1.6732738233571025 0.5994262028860253 -3.135987006742193 3.0331353172058084 5.974649377261866 -0.1397907706295809 -1.225188657190411 2
4.021942032207123 -2.61213496218947 6.776006319860045 1.3478184563372273 0.28829712074997815 0.4891577984741401 -0.4173779819940946 0.784542007214695 -0.22311443471086667 1.4965165020298548 1
-0.032654319349859406 -3.309751996679888 0.5802352412748872 -1.5595510466806402 3.745185803110819 2.163196888991969 0.2611821762015548 2.0546626901025657 -0.4915465694372405 -2.582710305550572 1
-2.0181250308508596 -4.216694062753263 0.3675086568310739 -1.7510100710182857 2.3286847289232964 2.748461427847552 1.3367134901723878 -1.1919391417879432 -0.5893271650273735 -1.6171331420034356 2
-0.13475699160173993 0.5210619461048611 -0.9066785857832907 1.1643528374430783 0.8459795817702422 0.35886493671529074 -1.553921413462776 -3.3249773916829484 -0.8837308951866697 1.4503853328036032 2
2.2284560975595538 2.120958547715078 2.4277297412802783 1.6760075500235336 2.7214721593499305 -3.2524877495050397 2.27358892408648 0.4178350182149819 -4.229136348539258 -0.966448369778734 2
0.7324164867019373 5.465780690566455 -0.3278149233424307 -1.7386455516179766 2.8413552856885698 3.0230243482665418 3.2235091317229627 2.0137111711941524 1.4176960157232354 -1.4968443231215878 2
1.1991332649879658 0.5330395693122814 -1.9580370910333138 -1.5073628823824345 2.40934469509385 -1.593618652464761 2.8792137983952455 -1.8923589857480523 -1.9117221319571645 -1.268969055384394 2
-1.3610104805690852 -2.15641277271264 0.6430516394493353 -0.6110399684177532 0.1467431071802363 2.0475556422284535 2.486613757500262 1.9883386000034764 -1.104708398740258 -2.186773103268227 1
1.0190964309891464 1.474875113776048 3.0234083342843743 -0.9138776524518161 3.611570122260963 -1.956772516107692 0.6615570853243863 0.8169948253473255 1.1770051032830549 -2.021743538145691 2
4.961002656461324 -1.9719243582474344 4.047984899774113 -0.17607254442851084 1.8391610746035427 2.7701673823538853 -2.266504364760557 -1.5297726542916799 -2.898045585043451 -3.394914739727194 1
1.4965240584841093 0.09906588385134518 -0.3242749229932802 -0.7645225618290795 -1.7296124151204455 0.7305062139867067 1.7868622128218097 -1.442559194101757 -2.36970013729749 -1.5854903843248294 1
1.4913167954693192 -2.9076593347030086 -2.264171663119732 0.4444992802720238 -0.17892268741040218 1.1611395416412384 2.961682750856199 -1.7787815211850506 -1.7613449183884278 -2.580265149509977 1
0.8538681861216633 0.6758566484269435 2.6685376166430737 1.2104796257673611 2.438699473695693 1.6940774790887774 0.2259176089184577 -0.824923172230512 1.0110722735662825 -4.5271268689782005 2
0.07451717463742336 -1.5998243967831256 0.3325153758150008 -4.717484330151115 2.212477463784096 -0.39718926004991995 1.1828609733073743 -0.05497964767374519 -1.1108232093037664 0.03704027791839226 2
-2.191543080000993 0.9576937548292574 -2.00979964912084 -1.567508291719838 -1.5607702774066423 2.4004687965311726 2.725346065973379 2.3207227365971113 -1.6101187851979288 0.09287946633152844 1
1.485059001543258 -1.4650839175748207 1.4721890341257868 -2.696304022760223 0.7799147358827404 -1.6695194390157813 -1.1215691539109836 -0.9757573702968928 0.3913080766942998 -1.3838582453909742 1
2.071916892872311 3.0746773991463323 -0.39898712543111103 -1.494447226852385 2.5011135784404948 3.1278131008440853 2.0733736895740913 0.6255017922700976 0.02171804334097427 -0.1740381059093341 2
1.8930528226391494 1.5254657202950557 3.3047016274784156 -3.6553157676456234 5.4846528932333936 4.299539017360788 -1.29741505297048 -3.0941179664695277 4.634637255985138 1.9435169744096754 2
1.0870478113964364 0.5241622953870035 0.6263998527917528 -3.5924270660760236 -0.10770148131786983 -0.9145485299441578 0.8268809257191292 -0.6945415759297524 0.0019699960868764244 -0.8115920147533695 1
1.199076833722172 0.6274874597823633 -3.8872956849163294 1.9131961367624637 0.07354600654324472 -1.5305809657865446 2.7204645450677214 -0.5275609368643494 -2.509523903602246 -1.1121736182972215 2
-0.07203084028760465 -2.231028770320812 2.68147168800948 0.4079706036736612 -0.3807079821458961 -0.16873512128533563 2.0617833188063903 1.6954335781150491 -1.136419258501356 -2.0968981221512197 1
0.36658516964914456 1.0532407172665055 1.2680157283129108 -2.057796487251538 0.561717806691256 -1.1098295845501411 0.6532053052993805 -0.5173689468501855 -1.341111064498567 0.8203496418277021 1
-1.3400481158486324 -0.4001543402404937 -1.1664869572112173 0.5863271785933923 3.7789337678757837 -0.6867906560892001 0.6114488879358994 -0.18145410488989866 -1.2146849219277427 0.8382572131565738 2
1.0334139619434395 -3.3903737328804664 3.897184753680156 -2.5201761965513905 -1.0998270460107564 -0.2665660081397907 0.3872635218830197 5.657398901575641 0.11369373860090315 0.5179668642658386 2
0.3740417245049642 0.9399595597415473 0.7680024366643174 1.1979168416109993 0.7102278919395627 0.4676693942959702 1.1282669870280664 3.0417174617672145 0.9340504363348741 -1.2258340065686777 1
2.535043822763768 -5.359830676228949 6.066405615878306 1.0378848649200947 2.277098843091148 5.367239979095299 -3.117504430952244 0.8850705570251609 -1.306909611212111 0.43343905083685086 1
-1.3725913079048788 1.7865682375034342 -1.2224417394533353 -0.24693713045709065 0.6220922130819135 2.2769554983480798 0.44682255096855805 -0.8671650402910889 -2.331875566189544 1.0082270320467717 2
7.143693092092409 4.469539117429353 -4.446494644648114 -0.43734271314689277 -0.6079678873836363 1.7507376594935782 5.197568543884111 2.245245734718293 -0.09070795388136155 -2.8155701845247565 2
-0.4828954100833083 0.01209617384326278 0.35302988383442424 -1.7336184372380574 0.3531069637556704 3.9089406978991637 1.0081880050192122 -0.8051295525195938 -2.4445248981788934 -2.7970437289352788 1
4.094865892241721 -1.0013800299773192 2.1610160880382505 -1.3842523406933902 2.565640553035204 1.7967685925331076 -1.8770265392359011 -1.542829975310569 -1.7474569121615047 -0.9671963712947116 1
1.66557042922406 -1.0874269096922027 2.8125016550597453 -0.03231818152959942 -0.7274468267221648 0.09515248559261835 1.149175926620856 1.2378927688428556 -0.19912230225722305 -1.2022952769269366 1
2.5079882280415444 -1.3546049229802528 2.5949374558363356 1.0340595919945388 2.3229311509780315 -1.930039221765604 2.3757643547823855 3.2721228477592303 -2.2451150178449737 -2.701352825730726 2
1.7144882258670329 -2.9917951460114556 2.637854107977867 -2.0125136994658632 0.1792802643117407 2.297640232958293 0.052815533123758085 -1.1216238471609117 -1.833467516810487 2.1379859413207134 1
2.0098435646080826 -2.6572554840606695 -3.559098331025541 2.2464730071436145 -0.12874542382854126 -2.327651680015886 0.7826719309286474 -1.8094431568009486 -2.0213434727442765 -1.9168998487935993 2
-3.058886632471493 -3.5411194824537744 2.0345034087055454 -3.489847660869127 3.3667214440080406 2.934065518383298 -1.0399093691454486 1.795554674405835 0.9932212613886613 -0.9663737525349628 2
2.673600860458805 0.5499406564604861 0.527358942352824 2.2896344885551154 -0.06981770235998397 -1.8039171370092828 0.2700741005625581 5.250057469801315 -0.8534460360479954 0.850965471142691 2
1.8734404048743598 -0.9117732777937305 -1.0138817539876444 -0.38560577805746 2.7993334147359157 -1.906348627209029 3.3399681200966764 1.0640976596765885 -2.8903499522231773 -0.3056186422383498 2
0.6624085594785116 -1.4811638639988596 0.4034003086138832 -1.4069619091765828 1.5732977805315196 3.7683205738345387 1.6631170734750231 -0.5616363578571139 -0.4961744573561415 -2.9215953539222177 1
-0.1162141472359739 -0.4875721526761626 2.3619102013731963 -1.666486506571029 1.5159840970341962 -0.1326588004170548 -0.7959610599980782 0.44825729656283175 -0.36494960632716356 -2.425738772326657 1
2.5500624602530966 0.10445885632697416 0.9060321760026314 -0.29309091981887003 -2.109564218281347 -2.624346712198219 0.684023005258648 -0.28208409556503744 -2.4024861516205025 -1.4942769589710816 2
-1.3562667378976152 0.3398904272918246 0.22966966304808 -1.846194998870672 5.579589315411246 0.32765474705365905 3.2849342427366 0.19542989888644458 -0.9656985828613347 -0.7962755351608559 2
1.7839543299959506 0.7577022692212108 0.5390221746051411 1.700044899800186 0.05615097720747764 2.505705841044896 0.3460298924196533 -1.4490644825948718 -1.5305584805639731 -2.185353293408095 2
3.8990738232522086 -3.966315877523046 0.6603047526346046 -2.4484939101998866 -1.7472048193043088 -1.0796593220725164 3.532278388501436 4.148467528961387 -1.5212237659179437 1.1522157396623278 2
5.102920542193903 -3.383745957800806 1.760238923960709 -0.6693823403192494 0.005908237813679329 -1.890070871312825 4.513950769469364 3.7695615181215887 -3.5213687527610986 -1.0025648974275967 2
3.2863160540697445 -1.1446893469499526 1.207959616528766 -1.4848465259984756 -1.0030575988796593 -1.259729752201966 1.9215099959557964 3.5120114449477984 -4.732645692304347 3.2196592494264475 2
2.5203448764449927 -1.6783921151314756 0.12645448362882572 -0.8469427112240204 -3.0524551305512846 3.6418387515733173 2.4801635543251015 -0.8074825820851688 -1.290033514388498 -1.9177633858646765 1
3.8029288219669883 -4.991359382247527 3.1574312665860247 1.8752914181251543 1.8916892369113683 -2.233257206074085 -0.3890365777712921 -1.6568132949567915 0.5175849855917236 0.7357264874168483 1
2.1771354996606105 -3.316851879327533 3.5145217964574806 -0.9271326682962808 1.2552837111417472 2.3765411939727823 -1.023611604617896 0.1474800862222756 -0.6897377683371431 -0.22106270963857289 1
2.4951984120008266 1.9803158186871426 -0.5330652545128155 1.1533304352996707 0.1744430925956736 2.49585539909952 -0.38233174161459416 -1.179131201033844 -2.156844829133701 -0.9692353817077094 2
1.6612824914408253 1.3665861357779772 0.6230853799252898 0.5516596324786924 1.6523603441532058 1.884918247091235 -0.5637085498766814 -3.3717237515219707 0.5491759039876856 0.0781500590363351 2
-1.2254656732119762 1.5923662008502264 2.4689339052411476 -1.5450549216950478 4.450485873355535 2.2354752245551897 -1.586891728001032 -2.6929105920379834 3.6449351323012324 0.6185637967459332 2
1.8841596536352623 -3.3448143557820704 2.04495400244193 -2.1760966782787223 -1.9344549066679537 -0.9435472241560815 -0.8143192142431268 3.048671362710319 2.5915510394781576 -2.374611457015206 2
0.07491831201457622 1.0179112974308935 0.20023354779257618 0.6763796900413688 3.0516452582799696 -0.10301195466821 0.8220688412236962 -0.45281643776846336 -1.2982189332905818 -1.9657352981856429 2
0.7191928265388838 2.605057730029682 -0.5972192731143664 1.0214604735214352 3.2685299225359477 -2.3886933189700352 -0.11419589824419285 -0.43841199186388047 -2.261629861081827 -1.2895667710048149 2
-2.046948697445717 1.440621591980563 2.0305414751659896 -1.9850190401098402 2.581233290268269 2.6855061351582368 0.24715014289177506 0.06924957325390624 -2.998543933952878 -1.8160368545817152 1
-0.2708021683919317 1.03750302992902 1.6400356099935522 -0.10062497186166475 3.55056135456796 2.0638302551372125 -0.35266943508064563 -2.024952433123147 1.660502262242351 0.42846887568974945 2
-0.9872491618468096 1.3443407694036358 -2.0975309391494585 0.2952741203493038 3.059060671705647 -1.1965851642330687 1.450736167313706 0.7515927452435689 -0.4782635084144585 -0.440614869838448 2
-0.9633074331980731 -3.7600947695570666 1.0223704792832353 -0.9919507632390288 1.420832605450848 4.151713681856188 0.3684487047844236 2.6523821034691886 -1.909241167386781 -3.760593748284154 1
-1.0232227716300972 -3.3881495471596743 1.0251447226526338 -0.1427566461458767 4.102988994249042 2.658806995520659 0.5245111414190484 3.5915168884659883 1.0215246587918951 0.19018908553517422 1
-1.387600830603597 2.076896072532347 0.36828489515160723 -2.3656491317536874 2.7871546691204783 3.0181928048546633 1.1122190240059744 -2.013938035703763 -2.0348419837968015 -1.2722336219798862 1
1.1894171739821127 0.2730697689334327 -0.8464073479174499 -2.043577502989256 1.708086224163056 -2.0920760704392283 3.0693598825049366 1.05553918840473 -0.8903373078822797 -4.655968175580268 1
-0.8395571278033442 1.1772986388841948 -2.0430507367280466 0.11938061771522301 1.3823023592533976 1.8939175744334382 2.0990203712057727 2.6877501812955362 -3.1199246131580716 -0.2426855789778405 2
-0.8550260604419564 -0.5167430015493719 -0.3938015169686413 -1.5184738539983547 -0.27846183407728753 0.023570996116091703 -1.7284255014110395 1.296441252614024 1.2658813062545167 -0.2484676213663748 2
-0.9279428627767929 -0.8367597422069151 -1.6500858663389595 -1.254671922115805 3.3984202139011357 -0.05408668173759934 1.7834305619738018 3.646557472315882 0.7443305302083609 -1.878778209842852 1
3.7659428646716653 0.30792259281609247 1.3548483567810283 0.28981452694145515 -1.8024061320040516 -2.7714702577181702 1.1248990381916955 1.4480893757852316 -0.7369374465508574 -0.34370236994526093 2
-0.39147583406171815 0.9939169755969608 -0.6852431882115184 -1.143059028207838 0.07336458873583007 -1.2366807661043246 0.4987919404266239 -1.962347802431114 -3.384421672866026 -0.4955751360024787 2
0.5935643980771692 -0.08917450047247866 1.1652782830014496 -2.3168443965631793 1.6760200836011558 -0.1947477639186288 0.6475857236621156 -1.5195413713973043 -2.246376746905029 -0.5528276545305513 1
2.209252664074758 -2.1111405173323705 2.1824629315010915 -1.0543598232991653 1.6170578939676137 -1.0674852725632311 1.2801884364236662 -0.8671316523729644 -1.99910512499789 -4.850103001189743 1
2.1475394783952835 -1.0555925443484928 2.3448193082383746 1.8602766330579867 -1.5600289472537496 -0.7304589413593653 -0.4074106820428789 2.7864537022815843 -3.2427984945628623 -0.09931247754365369 2
-2.4810991517174235 0.5327876854246898 -2.9958503764892854 -0.6559351079111722 1.4577365693352826 0.2532541458481722 1.2001993370513464 3.740779182110623 1.687319143189542 -1.5466969789984575 1
1.0557744106705664 -1.9965550320450587 1.0393166886800413 -0.9117310034961974 0.0936949001465931 -1.1718029376701642 1.173571182394406 -1.597098058268636 -2.4600052308805234 -1.7028003064595474 2
1.2562221479570939 4.631750752086608 -1.165981971050387 0.7153112471172827 1.388030520007849 1.7027696491642266 1.0599439354571858 -1.3761703570176202 -0.7931968339796889 1.2925834396010587 2
1.1039949666589646 -1.1497157353804606 0.90151920689129 0.18629575679557253 -0.3254291129992999 1.3942170831348566 1.5334752324421492 -1.1418210548973529 -2.3573794938811057 -1.2237260826330056 1
-0.9993686525939858 -3.3087599725676564 1.1858457136926086 -0.6429558163409385 2.2739303340687353 2.607120154337418 2.406113606520954 3.352116051442645 -1.5551758359438874 -4.54582814136716 1
3.4009119634931313 -0.43112024241304747 -0.07462340141996049 -3.0831278978510848 2.631717441999069 0.15172765838035285 0.587862222085194 -2.1358620228140826 -3.704012719302095 -3.135737925742035 1
-1.0106424237945055 0.1052068790092231 -0.9125846001554849 0.4084636323833375 -0.8033463745114384 -0.4136945023848583 -2.1296117444364406 -0.06196872737684256 1.2052455104865785 -1.2005750527290802 2
0.7789649405847825 1.99379783519875 0.8603289148545423 -2.8218690548975145 -1.1024468892256376 2.474647279695025 1.1337063679807164 -1.5783624764385382 -2.972965954976849 -0.7916181131477091 1
0.4623814718228886 -1.9965631651828013 3.9742280183687155 2.0974358421709405 4.262301795015119 3.1641948509726694 -0.9192452795237613 -1.3641692457811072 -1.8743936558225998 -0.10946256683371913 1
0.44196408680951327 4.28647420975904 -3.9961956450660168 -2.8733253193373827 -0.5724458830004926 -3.476893587066825 3.6671541382782022 0.4370798122674173 -0.6180113942484047 -1.8337624165460489 1
2.223636130124459 1.866680355533879 2.9837998851972083 -1.2027177709090113 2.598347215675261 -3.494242675802622 1.7522927039930445 0.16553665627774594 -1.5657329421879727 -2.840421101480687 2
1.3947368853375366 -0.4767009501624079 2.1444002567336806 -0.9284842047587634 4.270188712944735 -1.7486968462316663 1.890017575232482 4.785306588111508 -1.9045632811057618 0.5647968588246299 2
2.185215090422319 -0.025132191948775362 1.2861215751672752 -1.1798853651564425 -0.31816603798799004 0.49896373973438013 1.3718115508292696 0.013265509702657496 -0.7556369462154641 -1.1792525595376646 1
1.707898108588409 -1.311499281463222 1.2371432355542185 -1.1802752730796233 1.8469953399802437 2.3135169420446307 0.16189558500143852 0.9746836701790296 -3.0363724746078593 -1.2757745503175633 1
1.7842415920175148 -3.6209372830351962 2.8051101067962767 -1.409260626904942 1.2353302560378319 4.008981029100673 -1.6825682329496607 -1.0290410485215555 -2.77146808380979 0.13600371570037018 1
-0.23543708121494578 0.14161758060456675 -3.41697822343484 0.13228437834388096 1.9869109071023687 -0.7671905232145728 1.7884180682429682 -0.17157059828050414 -0.4707627634425823 1.3447851845066205 2
2.8282116561340995 -2.3345053954097112 -1.1128255606297945 -1.4919267267762903 -0.5923341759972505 -1.869816293350552 3.8239417933979003 0.8235386967872022 -4.467653259776492 0.8717978575495897 2
-0.09229020396517451 -4.190580114253644 2.3230424024375695 -0.8332083867231472 1.208487465700545 2.261996132601697 -0.6467269082582574 1.1383208147455148 -1.903222703558371 -3.156089579313793 1
0.14757817021466224 0.5934751602696438 -0.5469594638826949 -1.0664500672912745 0.13405023239701264 1.4286072266891083 1.5378561141503204 -0.8805591911072275 -1.5114556246683164 -1.2331112805824076 1
3.0710654320085014 -0.02628055856275313 0.71631826736259 -0.5945170565429987 3.764026264529005 -1.54224880791455 4.411302830198482 1.5591198766252088 -2.767846475303016 -1.6418925057015434 2
2.2097966178652255 -2.4660899967930696 2.6022149099497 1.6066392586171907 -1.9544583939423377 -1.3690377100370021 0.9194216501988476 0.21798034844604786 -2.9344415610724877 -0.95095121047335 1
-0.5078485062341036 -1.5737201991920151 0.310764652219515 -0.9315238087512948 1.6449492492565696 1.4150682016158764 1.5333738812331579 2.6186575993840226 -0.19333026968768696 -0.4383384272209795 1
0.35218089751572446 -0.5470691619361909 2.5734366480100777 -0.6716936289961961 3.2222991331472346 2.973586969982701 0.8762907503437252 -0.7283850068679381 -0.4546523199874798 -0.1369869554617803 1
1.3807552659021103 1.3171697858971023 0.7169369958197589 0.9988671388075101 0.981220369854536 2.6391006943122877 0.40937385184387987 -1.3544643629693789 -0.4795927669000478 -1.6432505337104577 2
0.22194527803097708 -1.5998616351343125 1.995191611747948 -1.0510317442537827 -0.60033114434237 -1.0196769228357958 0.612532941578732 1.879643114089252 -1.2341898428874185 -1.8094033697211604 1
0.7095832299123273 3.1195998480622418 -0.1925174125264406 0.8094606033270901 0.8579282582221923 1.8071284502951348 1.6051429033845888 0.003931540537691625 -0.9613814069925071 -2.1218831403324403 2
2.799476631455077 -4.180951217119268 1.9425621580845873 -0.31932020130723815 0.4023537619186134 4.42149294565151 1.6432441335404406 -0.9192543507003422 -0.26500723326487563 -3.66077822341574 1
-0.8034500486585527 -2.1222378628903193 -0.15790258869290597 1.4056540404820885 0.8239603719341231 1.9114164764839967 2.095382773350466 0.8853154717207743 -2.5071236168325566 -3.512311441146005 1
2.445089727951954 1.4929228503073273 -0.5276726203122784 -2.7419710876897803 -2.076719981244709 0.9773416508388755 3.2223660618619516 -2.9293856131468337 -2.5042437974005956 1.8851092870582118 1
1.1252634197197715 3.6447953071278114 -1.2997921709511342 1.0580283857018777 0.8826373352028274 1.5681254254350314 0.8817667487820082 -0.06231690709789495 -1.4492074330323694 -0.7825640847158906 2
0.7153606837139899 -0.777438529107705 2.280492415665625 -2.857157355333526 2.3728162209113277 -0.4248959263363157 -0.43423650178797657 -0.861344518520639 -1.0754521093604867 -0.569906543070076 1
1.2601911236448904 -0.5375032336091643 -2.0845142129060257 -3.3221715902489866 3.2882798062841765 1.1757990324525383 1.3632945502295246 -0.054961729364044754 -3.9717799332581625 -5.036205635542666 1
-0.7943452895740963 -0.6715373899251538 -1.7509668957170943 -2.1739519353740206 1.797266679012371 2.8873337312444343 1.1625647648650959 1.8131153810162033 -3.2185067478589775 -3.8455698281987414 2
-1.9254657465338179 4.796173950531703 1.4228147848991681 1.206419519004579 0.7188182218638962 3.020999102466628 0.27734193312664623 -1.012544146101204 -0.007734285285687981 -1.8458230940129048 2
0.5300177103198693 -0.17553828181145925 0.7559231458194113 -0.22570461247647666 0.7799797904331244 2.294433190626447 1.9957155154014754 -1.1402257609859263 -1.8369222090314592 -0.38220304056628884 1
2.922728542925541 1.0041175450997102 0.7906502683790103 -1.1716910209711155 1.3540789109408498 -0.14305179790055544 1.862913556177702 -0.6297444071120861 -2.4623156099762067 -1.0508315272869728 1
3.2413278435521957 2.9315570324640303 -0.7202113795849481 -3.057605959389682 -1.4590926794824455 -2.7534949122840087 2.2923652389092704 -3.5149728869097547 -2.682762410302 -0.48859593764270115 1
-0.08639599797594699 -0.31430747567699124 1.768709902018751 0.657539784530039 3.8461369806021932 -1.1428596211072215 0.9040019911023095 0.3725601469904032 -1.965757596145599 -1.4524250346299483 2
4.379698906956997 -1.2420576297949975 5.742718256255102 0.5959978297888329 -0.6162335925518538 2.6244655580196525 -0.5971821017438366 -0.6077522140282272 -2.2720126880369453 1.4120866186867551 1
0.5120638374398288 2.783711327185016 1.5781792645647554 -0.014416956624873078 2.7876161889658153 1.8410521757536293 -1.214388111481283 -1.410615328439062 1.2267166024802827 -1.8593189547510904 2
1.4796285599435581 5.421261752488086 -1.1439352883351803 -2.9351354089432955 2.5321008518501897 4.052692855794122 2.64966020441409 2.626624454369121 0.08060938499738546 -0.5751447647204253 2
1.6102288156554883 2.0580815900560467 0.3896145643730293 0.7564385329596898 2.0085852136922444 1.8471621859329073 2.68607390759994 0.6746209967695329 -0.135521586373611 -2.7552566044839697 2
-0.6506746639823184 3.219150387055516 1.6130814062334213 -0.8039009297387969 3.1072727090932313 3.37436073800119 0.4872885199539019 -1.0864835652006861 0.36040975190706703 0.401982206339796 2
2.9883062974394363 0.831273976108553 0.11015778791868103 -1.8885958927250561 1.473654506417979 0.19349760186696507 -0.17483107804876652 -0.737223077298756 -1.4600007359395413 -0.7425600698684891 1
1.5156065516815893 -1.3183126591826928 0.39114570269052085 -1.0243929793778026 3.4408339247145507 2.54817915290747 0.7515996125586955 1.3545246220726181 -1.3045510610026496 -1.2113488102676708 1
0.7417008699756253 -0.8077882329013735 0.23366030851891717 0.5829747247227881 0.2109250629039302 -0.31984383297785735 -0.1069152758339742 -0.47475964774153456 -1.8819166769210625 -0.3711767516530802 2
2.821480267853225 0.33058591478004273 2.6003890112400434 -0.3733829011158907 0.41179723480238106 0.6905379575808197 0.03301203166428468 0.9937146579831391 -0.2619676409706909 2.0711603282789968 1
2.3062927353004823 1.3659267731461298 0.09126681329788733 -0.31755725412195446 1.4591889921094754 -0.71997222784638 1.7211114759418318 0.8989297146875678 -0.2742707820491327 -1.5411809281520243 1
1.7898923959139683 -1.0577247000067733 0.8215269469126729 -1.5700678616911186 -1.9050634075924617 -0.2234261777370521 0.820718470510899 -0.9570957351194365 -2.330578278414924 -1.217786574788729 1
-0.19498496918392005 -0.3908281196867541 -1.0195148283301751 -1.3628275050403447 0.79424383496801 1.84179697665028 -0.19605204562760337 1.1385199749030215 -0.9726623750138168 -3.8454171708024765 1
-1.1219226922230994 1.4003914531789392 -1.3600969944561974 -0.41809436427592817 -0.08392562490687006 -0.18331735619368095 -1.8718277545880215 -0.6445700399142302 -0.5137045498582584 1.7732144293885224 2
3.111994234015574 -4.244625011097566 3.063913507063851 0.08937666834767488 0.8288652311739734 1.6716993657737387 -0.09384885615375604 -1.033813893134849 0.18042673928261244 -1.5262707230314034 1
-1.189755570602006 -0.6966062646879743 0.5887571102400433 2.0527116019176592 0.8721524955200475 0.9833118431214831 -0.7372963662447587 -1.2606763939368941 -2.3806691518989664 -1.6543204777313822 2
0.5686869620483876 0.6732064659273477 -0.484825347603409 -0.49407360431293434 2.9018173492792476 1.2222461288939395 1.2611578671478443 -0.39366317420361596 0.1718788638567088 -0.5061478368171632 2
1.942747633316492 2.152956607854142 1.1750606697349903 -1.9771603374451148 0.6612572214942327 -3.256409294049563 -0.6645753375022805 0.059481782095817115 1.3857758023420623 -2.282575065956067 2
4.200615831947695 -3.7697696056197385 -1.7527430017207029 0.75632376313325 -3.1105075609941606 3.857882347473347 6.082723086010874 -1.9743243194133524 -1.832820926444593 -0.7105889102233204 1
1.211979862674112 2.51872995048675 -2.432524560079565 0.27557307636479167 1.3134062233743826 1.5280828603886203 1.4750222448147092 0.6883527550240407 -2.5724523818264924 1.5262214357833424 2
0.016675096695882186 0.24301866346965095 -1.2104925373012012 -3.6257404195612257 -0.3787199040934226 -1.901866364337188 2.5701145756733346 0.46411891491373036 -1.2011124495365344 -2.3467254057402527 1
2.8039547106429312 -2.4621773469816635 4.016548344489079 -2.018685940790477 0.571156069450838 0.5158879253652204 -0.7443165340848319 -0.7768697151604788 -0.10203545968342898 -0.6050384028142489 1
-1.9545663079295275 -4.3011675225546275 2.9749297810430315 1.1228360358887564 1.9865367016124416 5.047926863066297 -0.1522436165227532 4.847112558464424 1.3615939145072247 4.827487077962343 1
0.4183981257147471 -1.48309609026481 1.416399417123988 -0.8429223704988631 -0.2687641256780948 -0.9329598116657565 0.9685280618880854 1.112346556426817 0.07716090109372242 -1.6695457973061998 1
2.0357921827995433 1.1225588031893579 1.379776340858201 0.7120577770215131 -1.4150557763891563 -2.4421729458681067 -0.9751682346151238 3.46074336421435 1.2262488702523497 -0.5217769921141937 2
-0.4193817857750115 -1.9487549349259141 -1.346050679726322 -0.04847516944952268 2.8885293226846493 -0.43599993344883603 -0.05828719279435601 -1.5338181026347057 -0.9216978867127638 1.4131719931695943 2
2.6392786220280353 -2.4636416578994567 3.9876316204885414 -0.88785242823577 3.4708526162571167 2.7827593954014938 -0.23827996428134757 -2.036047494039664 0.6108338756763709 1.0247126403510793 1
0.716291314899538 -0.8039699181612607 -3.1662965754555743 1.010905762696471 0.776274486751928 -0.9749359193992184 1.6073931702148347 -0.7559723441531987 -1.049239713229102 -1.0355399877417568 2
0.7476163436884955 0.6433186627935279 -1.955711327938836 1.6554077021042934 -0.558496929376997 1.0013179644966799 0.7771714996511938 0.10835291819334736 -3.6537229591017515 -1.273084188837021 2
-1.9439973846952037 0.563372721431606 0.6978444703044862 1.387681109666229 0.9496719514632506 1.5870650734493466 -0.15301828097316994 -1.7391728888356819 -1.7417352836175777 -1.1134825177922192 2
0.8994172254930465 -5.339446788284744 2.966973266178027 -0.796876077182173 4.258683887099158 3.589749592764028 -0.34240396878186274 1.6732492126808367 -1.1710284383798288 -2.2944282327149574 1
-0.12266304938865602 -2.050813473163156 0.9036155863650213 -2.935414175904246 -0.3077393166501645 -0.9996647046671344 -0.34256531207656726 -1.1635897335019099 -0.13296812055415264 -1.9131136522809282 2
1.2573781605351622 3.9615059972197546 -1.0091979431493936 -2.1556185621866915 -1.3217372139851697 3.2075279655252387 3.0091180994655553 -4.401411003125386 -3.6342396986800796 1.3055955295038464 1
-2.035967420264888 0.0568668576428355 -0.5397383288510711 3.0968479604502925 -0.049365793054886975 0.04841756156837895 -1.0107344211048863 -2.0372045001831234 -2.6529859247620724 -1.1333835492853308 2
1.36539498415318 0.8419422199172417 -1.3779289455231503 0.8120491915907038 1.80879717231155 0.38733901934387405 2.292155302253875 0.9440224267064916 -0.9482159570342629 -2.2062489370861087 2
2.225172468536801 -0.6315728219711767 2.092151162543992 0.15931275257350652 3.9137955677961056 -1.5614700935661348 2.3764764824211047 2.0233187401982393 2.4247155098699342 -3.6219833619654556 2
-0.07925912645059796 3.659751087740157 -1.2848356364474118 -1.348163595696089 1.8289782284786515 1.7019049404008628 -0.19178317487305896 -1.095696222848959 0.1821153173949177 1.3508923807210977 2
0.2055327618584153 -5.190815210007954 3.3768986976993483 -0.951554155213656 0.21842259171890477 0.7166093067418788 1.3001966979925554 3.0893386724169014 1.5140203965162158 -3.3498514116850124 2
5.066028227084168 -1.415985897856976 3.3952642013476533 0.06945230661756407 -0.45784897095037325 -3.6243514238419086 1.8453425145519908 3.201725083826956 -3.1643296203929503 -2.842110113469692 2
0.5470637550078492 -0.7530944154858131 -0.5898416786676342 -2.8570729265869756 0.2864757559041359 0.34357024764810107 3.1240073384205753 -0.3287759886257826 -2.757316531953154 -3.173322659076446 1
0.43856123474744024 -1.8865648990104513 1.3503366969012351 0.7523210881525333 3.559983822836296 2.0577682369487293 1.4503056603213824 -0.5496164345970606 -0.510932855580627 -0.9072083587461379 1
2.0413280073409883 -4.5133655048283785 1.7999356822927752 -5.095462897166531 4.129299079573562 -0.5940072352754069 5.738106761095485 5.017521880642095 -4.4722608156306425 1.7605724409744914 2
-2.795702525683118 -1.5495331788310645 -1.6197816155787872 -1.989861427071229 3.2959002160067428 1.7960953740082704 1.3723395958256734 -0.383322563705188 -1.7193997401302892 0.3740813157907348 2
4.345500101296167 -3.0194160897991735 4.235289194592649 -1.5641410593002787 0.9392289849376125 3.0641479897110067 -1.8371837249019816 -2.4865723016261945 -3.0862985127060165 -2.903353632498151 1
2.5221145455748677 0.40303076365627555 -0.20332465546774503 -1.1163230327178266 3.1034606363953197 1.0841793132637532 0.3976892101330842 0.35749964984380855 -2.387010793753825 -1.2873144808798096 1
2.3740289903472256 -2.012119617909611 0.9772576728129342 -3.068167082467565 2.7119588793101173 1.6627815467601632 1.2093620992538818 -0.19647310151434527 -2.1954562955547625 0.07547166688496376 1
-0.009747180717408321 -0.6924146055731425 1.702992163077241 -1.6748744292036912 3.0152123071224994 1.3112008958144954 -0.34950235621039827 -0.6406299932528923 0.8770919267183097 -2.5480663268099777 1
0.23172925819271306 -0.8697584456638984 -0.7361672224822033 -2.066908735153648 1.5928271394564302 -0.8833051907543641 2.091176576232294 0.8347041590601039 -0.9997506843875642 -2.0512958302962017 1
0.45793637743464577 -1.2811439972765428 -0.020953449494591547 -3.542597061564533 1.1456349062225608 -1.3839765546527563 0.9236295628072436 -0.44629287275476237 -1.5017286847518787 -0.7867191105156596 2
-0.5806225486871766 -0.10821148786890189 -0.8567552612180456 -0.6510696506132757 1.1622490264510565 1.0360889813115213 1.3555847739049187 2.059118420656154 0.8245513156467519 -0.8161817120113273 1
1.372952809093285 -0.5354638848862048 0.823706763673843 -0.6268549606870242 1.5672473712797113 1.2513009940473607 0.582657374232096 1.6039706994287872 -0.08549654533520257 1.2425314871884194 1
0.01779796727388694 -2.9043459946117904 0.4531866702355096 -2.2026755409929923 2.9725502967796515 0.46372185347584716 2.5095158008040803 2.3247135551252653 -0.6081930132371258 -2.6196189797644074 1
2.724483908678609 -0.047592419056163515 1.5538802014345552 -1.4823579606599142 -0.22581987920529634 0.6049391849444057 1.1913442501947333 -1.3421274802270888 -3.045485731766036 -2.7052135540783997 1
-1.6053569842477056 1.8431053551132224 2.6364776878299425 -2.078118563565607 3.944087244061147 5.693379313328427 0.7799899791854789 1.1383618704818241 -0.7841489429957043 1.3831940545579955 2
0.20982833799436762 2.2682405292735273 1.732166212453468 0.6247077501843694 1.319344256708978 3.592579644568965 -0.5488465567244356 -0.37191957133564746 -1.2258323661244264 -2.2234157942522437 2
1.3401881098944584 -1.3392842505178693 -0.38835155091654383 -3.0855717483947447 2.2089246577830135 0.30226790737110254 1.6982702856948602 -0.8224994791263349 0.9571138775414763 -0.8404258606654995 1
2.4804964630389126 0.7089568886532867 3.2528262948998705 -3.620369914156498 5.5707618404699195 -3.330565812250738 3.9916566045582558 4.5298527649124365 0.8212859255927294 -0.9905012415112634 2
2.9003068568607606 -3.2497825808535548 5.082304244075685 0.7464673222287002 0.12180391940774227 1.550502840293838 -1.1539636786225533 -0.4220648293164557 -2.0025141714798194 -2.7366778667871756 1
0.8134053003830543 -1.6216300117463247 1.0377782085635001 -4.635981013030212 0.5572466030274367 -1.5587835163818304 1.9017782210650465 3.4710478463295247 -0.05795760385683435 0.8767548073439486 2
3.1033043239607343 -1.4002931104333936 -1.1176114156937698 1.6458798374745187 -0.6775996828014663 1.3107380368171944 1.2322104856444644 -2.072071841316947 -2.404601442908732 -1.5392635190219783 2
-0.06811017423996035 -0.5185283290967981 1.0314799505212506 -0.8721206717502279 3.1351836621192546 1.6456094252198556 -0.18095924361907212 -2.799470780794397 1.8544322787082685 0.388068109312957 2
-1.9004214694421169 1.3045918396055196 -0.15259617565518435 0.32051664638173194 1.4291064716916486 2.333987069426265 1.8853953300931745 -0.369922608614493 -3.828889624046142 -1.5226309575644792 1
2.255259450600137 -3.233262748582481 3.7193405565015953 -0.21393318033297515 1.2682157668208198 -0.2506252577503383 2.31263797120761 3.7649029646688206 -0.8301432392425665 -3.2643883996879515 2
1.8426666275762322 -0.9085722951007965 1.2025030386848774 1.9617630400805508 0.8260781611593833 -1.4691246786708558 0.9196600507480323 0.9971277268026423 0.7813392302855084 -4.070256005781551 2
2.056627029878911 -5.078688467148606 1.795479812788756 -0.09139683725538106 3.3173649783543855 -1.6595652681076558 -0.8331229405726386 -1.0436958486258625 0.446285690649884 -2.0034333384649683 1
-0.20803030112902055 -1.578258608720252 2.8506065415243356 0.7479299343321715 1.667657474917187 -0.27419885301450764 1.2802682622346846 0.41976563606053663 -3.189293202227177 -1.337201756938386 2
1.0841193755972593 1.6251919364987901 -0.6430257603487723 0.37982028204365514 3.600975155405598 -2.215438142417617 2.226214565387334 0.7173958524868507 0.19481076249395213 -1.6874242639976984 2
1.2700908838193956 -2.4621652520992043 1.99005405529146 -0.1460275635888879 2.582268175708754 2.169128855862851 -0.5095223926731125 1.2142004841110796 -1.3420610922379983 -2.517071057389461 1
1.5551376940635093 5.137680127537672 -2.0693827743871624 1.8571854391348461 0.7702084099769845 1.9472232392142452 5.951791571329964 5.468748741036853 -3.871991121899307 -4.038958092620673 2
4.584462901662654 1.4110099581884095 -6.030153551128917 1.3907593198859314 -2.0388203174375983 -1.1188300097942925 4.2057939411793 0.4366711980281601 -2.960695786723207 -1.6445867528888884 2
-1.1606310991299953 -2.3383309957368485 2.216838127924238 -0.11873386951423259 -0.9849217197188047 0.6791511551886438 1.8848334817259502 4.0268776218872 1.9712399706325412 -0.11772156651062926 1
-0.5093656238734146 -2.205345783760097 2.1750365982530964 -2.160420307074582 2.0116690787173606 0.5439701939134156 0.8824665008821717 0.3588393959099395 -1.7749151867932085 -0.22519802673742606 2
-2.1051836036370157 2.837641903913534 -0.14121125288563374 -3.257886849111116 2.6095447080146315 1.6305409927764511 2.0517361727818817 -0.1921241325369849 -2.104634856836922 -0.36582475402198233 1
-0.4232086825769763 -0.7506253594822504 1.11818778306178 -1.810449511228465 -0.443458214608194 -0.6763238000446723 -0.7845468403336235 0.4885172897497587 0.42498721316661503 -0.3030056789901534 2
1.8248468063365157 1.1870514582749707 -1.0978356922396295 -1.3461511537550968 2.9334243694715276 1.354006760255551 1.8644061257477609 1.6985635562771546 0.31723425889809365 0.7129979065469496 1
0.011524991568257037 -1.5855479947196585 1.0385113022520804 -0.12708166328795178 2.104827004282194 0.05775437833454622 2.1251109893660654 2.1800053529001184 -0.5036993470907603 -0.14499828579431917 2
-0.0013771752093871825 -2.3004161290883927 2.054550232410911 -0.3810099018193974 -0.15021864034993215 1.1881990319467968 0.8536282738332164 1.2498719948278068 -1.1830837274755819 -1.8539545458797 1
3.56177902802065 -6.822032454283692 0.818149998511131 3.035343727148919 1.3970107856813025 1.4696175250826136 2.0852318460425634 -2.281639679852918 -1.6458960158473173 -2.3325480881025284 1
3.1519366961175512 -3.0957958745340624 0.3986482549316134 1.6320830202717596 -1.5370447887081524 2.037480179605566 2.8106789753895933 -1.8377183071073615 -1.9562424671131984 -0.018516200351885947 1
3.0189103110161684 0.34778969791293246 -0.6844630409407473 -3.3009051682249244 1.9736991714767793 1.987960171619012 1.1155388054926452 -0.8529378664426432 -3.1584803185173227 -3.608295746005321 1
2.552778928821997 -2.4183140535526517 3.8237279054826407 -1.2502768115293046 -0.15148811670803997 -2.203747844678188 1.0965875288385665 1.5761342763801978 -1.8743633627218381 -2.2626486353434494 2
4.211333704314755 -1.5170952817884964 -2.3393149327332354 -1.6867934890564 -2.4999445072476423 -1.4369624254670246 3.0538812984452637 -3.97067682508035 -1.1248671401280588 0.8155507978644174 1
1.4200985202551295 -1.0753179930317345 4.119497578431972 -1.5736681916321005 2.3070024385229466 3.712763316138073 -0.5632932312191721 -0.4123231326730227 0.6050745131831239 -1.0158089400524433 1
1.4223444825546876 3.336510385805851 1.9168916481238902 -1.8200341347395566 2.8099667294672885 5.988012033707257 2.2338324228610262 0.713604087148352 -0.6836799897949526 0.9535047214567258 2
-1.7467403556536607 -2.137815757979743 0.9188141559301397 2.420471833385559 1.4068777549390588 1.1516670390001238 -1.101768471338231 -2.8659044207501383 -2.5328516345781646 0.6355133752689854 2
-0.42632682661896415 0.053060567630500155 -0.34108313587429206 2.3876357856455295 -0.05199065397329883 0.43201076245580317 -0.5987907874744689 -2.9578339771229696 -1.432521492142289 -0.8587665898595778 2
1.6545454001084487 -1.4267844759081294 -1.1029500196594397 -0.7849638550086836 -0.014272868868088207 2.2584076246201117 1.8113440280018964 -2.587425775167982 -1.6492936517702743 -1.4675228056084846 1
-0.0162271700627854 0.2550365613299488 0.8915806222851287 0.49554644119688773 0.4665991671119817 0.9132196962110013 0.5558142107537334 -0.760065411303557 -2.163313411894387 -1.302101135129225 1
-0.0985941807384747 -1.3530164370877404 -0.7905929292931876 -0.7137587775052063 2.1374052168419677 0.3633377915996242 1.5182276173018474 0.9053667943322861 -0.2073467607530769 -3.3656389391796755 2
1.2759790598068106 -5.431359427826922 4.8864133236782195 -1.112798358721383 -0.3458310547068433 4.297642026135854 -1.7080148200645389 0.9633627253543863 -0.48392109024795504 -1.8819348113988963 1
0.5588710864320675 1.1110936879180282 -0.6634747246582364 -2.2099351350171785 -1.9397480254678907 0.5910867704174728 1.4570293057402899 -0.7680566884876103 -2.4435253854059718 -2.284435103916416 1
0.18872724000691898 2.1547581092807375 0.1306579728294801 4.174253339557689 0.08645878380917527 -0.5447286780217715 -1.2610468556790688 -2.165452611238834 -0.3808399986930573 -4.300284291070259 2
-0.7757158714617951 -0.46126479275572274 -2.2746088458102767 -1.871541603374451 4.073643707912178 -0.7069903957646377 1.4692691034032024 -0.07058652964130652 0.7206145254560083 1.4871202919481035 2
3.7701537896579924 -0.6552498499244354 4.036684819187887 -2.0951515774351805 0.4359774935844134 -2.9718396889683407 2.2802677995281364 3.0335798444277007 -0.780153499027384 -1.6333189076979995 2
2.7360621075751625 3.3120611435738945 -3.288438017215147 -0.37427286689126094 -0.01623643360632432 1.4823226981614246 3.127051329556766 0.30112751114415204 -1.4191867665661597 0.2766229994830365 2
0.56031686009443 0.2724708324545756 -1.2427314862519319 3.7161375918297934 -0.37441655961400055 -0.9076256530285007 0.8339348465608422 -3.155702065621837 -0.2260598365127232 -2.2259431098208156 2
0.763412699644474 -2.629565423289963 1.3527107022064948 1.6046278132035892 1.8558723365687837 -0.5757989982198906 3.586446711913002 1.9640294959848634 -4.0557360926495125 -0.21969332195481883 2
-0.5590657167083686 -0.6609839340055241 0.5758652931471435 -1.1162890627668185 -0.8029888360762094 1.050742886858998 2.2614325286910533 2.78646383221285 -0.09544412545321568 1.0937554757357626 1
0.5222336851404776 -2.14404692888775 -0.09936809666518154 -1.3843641295813591 0.631940557058516 0.1875321400069121 1.5334434892854611 0.2715519315405951 -1.6466528803062452 -0.8478537149585861 2
0.7969036868126218 -2.316138129720687 2.58974090027103 1.3898825244408939 1.9191811311660945 4.577325411517178 1.063170991433427 -0.4945011305041961 -1.3850172363961715 -1.4249946652643468 1
-1.337561770641671 -2.33376576767309 2.0442955586926543 -0.15600538744333048 -1.5896937508855404 0.6625437545374544 1.3598240112892412 1.9062034499388387 -0.6604988265577 -3.6333676823287826 1
3.3539796394231964 -1.7319502407291578 -1.9197681022526112 3.1055263698769098 -0.8759843348234588 0.6507694176497132 3.0137759084250044 -1.3271325073968099 -2.672501662618329 -1.6716380913251256 2
-0.4467777874421428 1.9335225890364853 -3.9929129417690232 -2.4349013120668266 2.045349927331199 2.2953444637811495 2.6467051533933192 1.33137258675005 -2.4220100029303038 -1.5836042197034086 1
0.5793981542209287 -1.305859642034499 5.463571686429094 -1.5890936686865036 4.375650958822057 -1.7906806833063396 -3.233907645939601 0.21207621897090845 1.007158498874952 0.11784613133457 1
1.5217166815222403 -0.06813186162249552 -2.572829374773505 0.7996056368082632 0.1821182271671269 1.6159932735457812 3.1188580897152502 0.7120297055926128 -2.6619686648147365 -0.6453005540949355 2
1.7813471342566092 -1.714144212855922 -0.3895328100867921 -1.9349119025934955 1.378567170044914 2.023281902709864 2.7145036593469563 -1.8285026664817123 -1.0497606782998725 -0.9402501488597887 1
-0.11809265978801897 1.2624999239186336 0.37771821512591 -3.05053509393473 3.389760518955509 4.474805694859046 0.6682559437082063 0.30931601378224305 -0.531289315584091 2.3814873641070826 2
2.108287730578037 -4.089477774602061 0.5971675636914318 0.3649262194613587 0.39930184413474956 2.4587727059356093 2.0710861103402944 -0.5742713979387425 -0.8463057534062834 -2.929126393151037 1
0.3753041718133645 -1.630848381287651 -0.23109990860982332 -3.2105664907091156 2.7267140131424377 -0.4424122799821659 3.0892956085053234 1.974121420858666 -0.8437660476915261 0.6695856883449718 2
-1.111851559655503 -1.6256673787340215 2.119782985246552 -1.5160996092353762 6.254215005596755 2.5379814999173984 -0.2880871314099127 0.051866256663575694 0.8192515005484655 -3.0274428822978505 1
-0.21457479073042318 0.0025436452462672676 -0.392573027457517 -4.585554278953181 5.023151751294484 -1.1244179117308715 2.981831280430192 -0.03920845727486921 -2.4649673167383757 2.4913097662075367 2
0.3608154012151965 -5.054035207149615 2.0833168083437803 -1.0554170526039812 4.7020424088181265 3.087517039366109 -0.03362268190397555 2.256384374506439 -0.853255273052844 -2.511683392816485 1
3.8740233147168497 -3.396768548837896 3.9991931188561978 -2.1209057285119686 0.6528796149063176 -1.076516228484767 -2.334988612580637 -1.0746413428085366 1.8770540576645574 -1.260109044740537 1
-0.7220567485069986 -1.1552559416543644 1.4260873331699835 -1.9054121784467126 -1.3548835415287104 -1.2442072615095503 -1.4933382756348035 -0.6404328417552976 -1.2861590154646374 0.06508706081424065 2
1.7297329981902994 -0.9267564526964192 -2.1847176505153545 0.08303860127023877 1.842574176822672 -1.398577581123733 0.002295252436830153 -2.64197608079013 0.5130036311800423 -0.35720276959875097 2
-0.028509975190318837 -4.062568459632535 3.968472855429957 -0.37349642973362474 -1.3101409921078737 5.615019026373034 -1.02375466045302 1.6185133555850353 -1.4713284225557337 -0.23997883606450487 1
1.356915907633285 3.2423609374683924 2.888270585078442 -2.9343530069789905 3.351534765167165 -3.9963285324455957 0.559637919399443 0.4845995269391502 -0.33540168831282613 -0.7683621364910265 2
5.885127116863633 -2.221453987208398 1.0433527132571108 -1.7831461126822237 0.4600128088568306 -3.1717729921273397 6.587011409831599 4.227630042526833 -5.535272120627633 0.2721294472933018 2
5.458348305673663 5.8515431435198435 -3.3599184808091165 -1.742280950962062 1.289904325133453 2.2920420127063617 6.1930403904441835 3.5367473020312756 0.5438709923307905 -3.1767182110228895 2
-0.21464497346476863 -5.059740312731079 -1.0945536144504082 -3.469888969251136 -0.7718541468613145 1.221936324167154 -0.46417287062317136 2.578558200376791 1.7448811501599897 -0.4177567659450314 2
2.404247058089526 1.5240516743715915 2.86782014879957 -2.74898987080983 5.203044392745425 -3.8294496718668785 2.796664573259089 3.676672357612186 1.2729721803219638 -1.3533056663166767 2
0.9457012194976407 -0.4700078228694492 -0.8457568825790853 -2.604601583377748 2.1783795163348207 2.4756929776826597 1.2679111204845883 1.0456555615398246 -0.19160832624415025 -0.1598440534141442 1
-0.9977745147068062 -1.1485723338128038 -0.04689504285298596 -1.0446452655001346 0.42416441323958076 1.7587863447310381 2.7974420848496875 2.1756725847241754 -1.0113237153692223 -0.22925715806231062 1
-2.0185677676522746 -1.2075074528267253 1.0097583730965847 -0.43778204687008315 -2.110691329568853 2.160717379780524 0.8310341430124764 2.6450412004516544 0.30506865355247714 1.4282464769070997 1
2.37825075199864 -0.35280869235776313 -0.5607214937228775 -0.5675417563342158 1.0006328683875234 4.155167963967877 4.392779425792409 1.7674017830332778 -2.151731828048379 -1.6176110157954935 2
-1.052968459861885 -1.5167145638644726 0.3132284238126892 0.21279980004080445 -2.4060997978463003 0.02401444360364202 -2.701075558941938 -0.32473906806873765 -2.190884055566367 0.2330588336875825 2
0.8424740227639566 -3.6342959289296863 0.9796211476344494 0.22614473869293383 -0.03604282506972312 0.20783364149013317 1.5338769818545086 1.3215898089876683 -3.626612725028516 -0.6113047602652981 2
3.9493344535588086 -4.051437922658536 1.1511978123693083 -0.0489301951420299 -0.1024722118140835 -2.1053100620919705 1.060620786644223 -1.1896300715311283 0.8847558992333495 -0.07954744463963603 1
5.281251349018672 -2.93102561563362 -0.02409222623604923 -0.9841161897743004 -3.3433109004832104 -5.172810576575812 1.2452074276468441 -2.2989712178246027 0.39660760204232925 0.8701107577957541 1
0.4282133552275895 -0.20487024293306755 1.401212778380252 -1.567223376491972 1.476735074536688 2.727567636045305 1.126128362918453 -0.4684666190896929 -0.9588658448430387 -1.1133843046729215 1
0.13874253997630837 0.5965369719161777 1.4003161361556753 -1.8369895688139026 0.021779715809694067 -1.5965280723554467 0.8881404640439801 -1.1253660556990517 -3.602021112182383 0.3208300593930995 1
3.909296158397551 -2.687132132232437 2.8702533303561233 -1.8912667003660062 1.0633499903651766 -2.2587555205870187 2.5005865749600424 4.6300321478012965 -0.6224727671565876 -1.1510682565906498 2
-0.46737195840130896 1.0057301493390924 0.055924076582505866 1.0415858868561783 0.5252469619601001 -0.8187545633125608 -0.7227888019119313 1.075812414132618 -0.6474367550974653 -0.007752175735668332 2
0.6663551298092144 1.2043075686277747 -0.33889469131903516 -0.04601510132480413 -2.0283522789853206 1.5910924953617438 3.5247239900756675 -1.282862384056183 -3.5601764052253215 -0.3432257514268131 1
0.18914896820345128 0.0009938638108257791 0.315076358636458 -0.9881398963758011 1.3608106449428958 -0.7724227632605039 1.7620335508871547 -0.45209569738253375 -1.3763561117293868 -0.614332456195126 1
0.13556201569736337 -3.1936248864564045 0.898431650989549 0.19555263542665946 2.0538703284522413 1.186366182274027 1.326351766290902 2.1627961471459463 1.1782950420999287 -2.104844662572307 2
2.468666658346954 -3.0599988315876825 0.7735317647948369 2.3052008009042324 1.5656268852970947 3.7803972171493583 1.821345532050232 -2.4101141111984314 -1.0266188770218638 -0.6229495680913615 1
0.7353173626672593 -2.447775662529419 0.5770846340686508 -0.8210354820941903 3.617575133147842 1.158635961981234 0.3023148660821121 1.9481267059879297 -0.2435431189506715 -2.962929999307183 1
2.3031666940155695 2.8974922824838956 0.846037599376753 -1.782812601670848 2.7839071692410204 4.474207168771695 1.3715417218829942 0.17432721886019964 -0.05602291631523737 0.8352487807783087 2
2.0844804090325884 -1.5835946412200292 -0.07666964534986698 1.2759339673370156 -2.647009376452117 -0.8088976806482628 -0.47605871211303397 -0.8951083001379443 -3.2026704237365125 -0.9648474659683928 2
0.9796499331795073 -1.4621320600401044 -1.8902871006835946 -2.9855674429823313 2.1615098500104084 -1.4028067319652413 2.909549093042632 -1.8875017837872399 -2.304420643101881 -0.9567830242605069 2
3.104080124936911 0.6022669652826016 -1.489330906648484 -3.224534162515814 2.794759605132777 -0.0678973214082288 2.1356526578346973 -1.314038474586198 -3.476927258264799 -4.22486860488354 1
-0.028256989385958775 -4.286059443511919 3.1510644812223254 -1.3938001362407197 -0.7758686100337762 3.4353104515840736 -1.5054374212443435 1.24698677750324 -0.46327920724083715 -1.408016418750712 1
-0.6530037829692801 -1.1043758913451365 -1.3894170553529963 0.4634778828838937 0.39717013950738245 -0.08362800307163998 0.3352560899921191 -1.2491254376866499 -1.5234868344263632 -1.765562152672259 2
3.7863244913153005 -2.9270470856505124 2.648826085920848 -2.2954036476518658 0.7635266101382093 -3.1285438603498763 -0.0998054476469139 -0.7298406754933822 2.5992516944938733 1.551203093305801 1
-2.608186660257831 2.3180161995510824 -0.4680480343495812 -2.8155190528988134 0.598500791996827 1.4588680712360131 1.738170492206648 1.3869584027766706 -2.369087789968246 -3.7357542511580646 1
2.696212656784505 -1.3920249627418575 2.2557385572302775 -2.1864459093448567 2.314670075515482 -1.8820302240728997 3.621774331448783 2.08994736435585 -2.564968694856299 -1.3155916839778805 2
3.0388082090622883 -2.6742182955573037 4.515992647201877 -0.16958360572248254 0.9701045784406207 2.879840807407658 -0.15778152040080928 -0.2741512421186929 -1.8505990790478064 2.123637510434007 1
4.578538494064187 2.903552531429429 -1.5976022272436345 2.039720134071513 0.23707282590176737 0.4872690306743478 3.5794904867828388 0.8236175242660586 -0.10953918627217063 -5.102225689004786 2
1.275965346067062 -3.6281588487320624 2.760387129947812 0.7950542879698046 3.5982817727740533 -0.5071503052473889 -0.25918287289675557 -0.39363744780695376 -0.14391185485174574 -0.8973527964134411 1
2.3138998610179 0.23283421577545127 -0.5681335755854424 -2.535841453635247 1.7970572620449994 0.28399327876249525 0.6057325460827334 -0.6818890124475474 -1.7193453641185037 -2.0017450667502135 1
-0.6628115788244511 -3.783167264353067 -0.4788204962185445 1.031947608268216 -1.6570663178314304 1.8150440747363579 0.8433928355772935 1.36460023819305 -1.3302163320102254 -0.4546161350564374 2
-0.6888240237582408 -0.17981188151745986 0.1685429123517641 1.182317030923266 0.7325895591969981 1.7674589365975124 -0.16892451969386402 -2.3389774712399873 -0.6671210505676173 -0.8947995428950328 2
2.246044639523411 1.4339984365870437 -0.2167776751830659 -0.7444784484862267 1.2007937117962924 1.1602383934405929 1.3934674767057318 -0.182186105512949 -2.2821031442266415 -0.42010407560021323 1
0.12456269506545692 -1.298905197006742 -0.11056502837894633 0.09795901207671864 1.4532119015041354 0.3313121527374985 1.2746854281566553 0.8992882802239534 -1.7834889527489803 1.1839856951505832 2
2.066033857912106 1.873401612404889 0.6717132845409877 -3.166685159364271 3.815659994677095 -2.8397592989482052 2.4359240844091437 2.0458309798519885 -1.9844302384757841 1.7147642944042576 2
0.1342923136746933 -1.631133449950405 5.348439440030206 -0.40172812950082404 -0.015262844791857022 0.09110636736151179 -1.1988905454701797 2.7507585224429336 1.0322843266253687 -2.620462735684055 2
-0.1826383763640267 3.4153524884132667 0.3314032730100541 -4.995072488294228 -0.7938396886987178 1.899678279685481 1.1457000231627992 -0.9568335150848478 -1.5896668630575816 -0.6923736108815903 1
1.4119706486228976 3.5330558362611724 0.5629365516045965 0.24893146859270887 -0.8730255938162577 -3.1123236372298964 -2.0528546316580525 -3.279088595569502 -1.6052521214005981 -1.23863849594997 2
3.1614566760786 0.6438874247037343 -1.3701539494512769 -1.6930193607200938 2.623970512465443 1.8455444570105426 4.169204911803338 2.6089810511363583 -0.3688118400252175 -2.828651734651536 2
4.332687747961597 -0.6204879054636363 0.7958517218466946 -1.9858690272702186 1.4764912071433827 -3.3301867877963125 1.8296035279881384 1.947912360544159 -1.1180159291958427 -2.09467726822544 2
-0.684936418887466 -0.981534915538534 0.9608156608357956 -0.31214026353291013 -0.6462807062099465 1.6877345718230048 1.3605652543559423 1.8720926582455535 -1.5706875632147659 -0.2298024464198073 1
-0.1260220754032415 1.0630663163377339 -2.8839324982714176 0.6474188053860777 0.8811111560943519 0.7843294801417913 0.05671516367148166 -1.0232150171526986 -3.4393682942887644 2.551324680581712 2
0.9510814038553459 -5.331841942524355 4.753545139440384 0.4984976378590289 1.7655568998065279 3.6533176014111137 -2.0883035884655032 2.13343117784817 0.590826227635971 -0.41163577073263224 1
5.217372466854064 -1.3906620978893485 -4.247096867505012 1.389589162496747 -0.6974612958011179 -1.4739189540188469 3.7488389822881887 -1.277540293737106 -1.3689995970835969 -1.6977037076122772 2
0.4607104272542111 -1.969925863605059 -1.2073662915848717 3.0711989673901097 1.3568700480488356 0.3817765478397118 3.7577811153235254 0.8248268058494876 -3.860891857947625 -1.7654648034145044 2
-0.8280663267132091 -0.6407410633095219 -0.09967077162548399 1.6312779471755536 2.039109399481238 -0.12567008388972867 -0.4807448328993924 -0.6517464245238322 -0.9817299125676734 -1.840223856752976 2
-0.04120866142889068 2.4439372783067363 -1.513051979522741 -0.6874684716859596 2.1456812432206664 2.2209553720824218 2.933794411144679 1.9498971886766765 -0.8567351620740251 -0.8621344502040376 2
1.6348176427321266 1.0641458649948485 0.2437192144517013 -1.0644485138286068 0.44479945667072485 -2.3222402785729805 -0.4780553749369709 -1.3052490806766395 -0.3794932429399005 -1.5859218403600437 2
0.3902702664594222 -2.216545076323762 -1.630929427520425 -1.9680453367858357 2.3792915505434076 0.7222889289961085 2.633461628443688 -1.163981701472991 -0.6777898144535133 -2.470889984557129 1
0.6870844113150139 0.9108627985207624 1.2187787071368081 -0.6921290220090168 2.7298951505971423 1.3528413569078843 -0.7580281382238814 -1.5133041308555566 2.1595928514679126 -2.3051460084369495 2
2.113821325672993 1.175687767028685 -0.6527580504526795 -1.793712393123264 2.0995743753139653 -2.481973795922232 3.437622025057506 0.32966842031344135 -1.651251806832167 -1.7718302702927962 1
1.6828727273556343 -3.700343191559606 0.11757653899721543 0.731296255392009 0.8460758410113259 2.684038526494558 2.594408339657826 -0.09478163285976915 0.3668386170155271 -1.7720871511132177 1
0.15231436222991113 -1.3633952903905369 0.3453134075822476 -0.29068441723154614 -0.0019403732856810851 4.031251792308291 0.9221071426120863 -0.7339282756811998 -2.206761137020281 -4.289819061936484 1
-1.3850169634239324 -0.93274683523074 1.4970270163183867 -1.2416922713398404 2.1844437900940905 0.5300515476955101 -0.7991884632091353 0.09939859382684246 0.8634396121858876 -1.295890757556811 2
2.5068844502587613 -1.1312382564280017 -2.551114352703842 1.3453924368996197 1.3048311088844233 -0.7339574372653968 2.1737357532662793 -0.1689554838340963 -2.0418818798432623 -1.3689979023172985 2
0.23403168364456395 2.65361966959922 -1.193151410172883 -2.1731599462168196 -3.1441412330431016 -1.1147183172340585 4.453869918767892 -0.2788707178941525 -2.060576893343823 -0.8076955605406269 1
0.8506336700822397 -2.97786529823113 1.5444292835035354 0.5609249306105151 -0.22918900512754203 0.3567395005220857 0.5916882235646737 1.740682074421767 -1.843791829352206 -1.9542813935799375 2
3.4967013095577375 -3.286349787855694 1.5851274040502927 -1.5624344425000567 -1.0795799833214357 -2.1355841266807563 1.222061757730302 -0.8257651037771262 -0.04536384828609641 -0.25122252028449343 1
0.09168464219358663 0.15722711669930667 0.6136112109036476 2.259287789648095 2.502386279214745 -0.6277125079243719 -1.3762865365061163 -3.030528621958188 1.1494221792909087 -2.039727609290501 2
1.8205025461283502 1.0078140238315758 -0.9613327322449772 -2.6109506382388066 3.1362957365337354 2.4842475246645708 1.5111335849017213 -0.13608673612104072 1.1691300455770248 0.5755175715429703 2
-0.6413929384769776 -2.1638180449487336 -0.09498895415577424 -1.373881714845138 1.000819110439122 0.09212120147156777 1.5154487656664808 -1.1883301787610794 -2.4135849353742267 -1.6779683368501948 2
-0.404904546442191 -3.087768544400262 1.3700385701934756 -1.5852012183816178 0.39213306575524276 2.1784046425297907 0.3623356659465319 1.1820630602787006 -1.5532431322714755 -1.7629011817048363 1
0.9133804227101879 4.096733572501847 -4.048931193770082 0.6077688862106845 0.04815137476678977 -0.3208816767875602 1.763656191224667 -0.8086607887526525 -0.742932280697557 0.43010219450838383 2
2.158687517448243 0.0017109130275492213 0.3327287221763855 2.158441490650583 2.708432127434574 0.793660397718478 0.5494333528922961 -0.13325592345114845 -1.5838225966252992 -1.7069566698154541 2
2.3596828227761613 -3.049988537038744 1.4297376445145833 -0.7798538974328897 0.35758530817572365 0.6592250321515458 1.0116430050379435 -0.6647315341968916 1.058528200321625 -1.5902810706036723 1
1.9442274241625075 2.1032110204716346 -0.862957688418607 3.897821223629742 -1.1478313833131648 -0.3532792531264761 -0.02002558599364912 0.16135115712815806 -1.5914206000993225 -6.838391299160135 2
-0.0727203761247992 -0.723391144862946 -0.08816824168451354 -0.1604157164835086 0.2095408660979089 3.7391690049513104 2.3385226044135115 -1.2249866434094825 -2.9305853685282433 -2.308909654238138 1
0.9352141727077953 -2.709695794311701 2.2629559391038163 -2.72195912406944 -2.707446173416012 0.7764954136603792 0.848114375363503 -2.0733666067712613 -3.6846186504895657 -4.222690084063657 1
1.7195667619748187 -0.44542981788331004 -0.966883400727391 -3.010782338397426 -0.7297467954518191 0.2783047255470724 1.7995314950877863 -2.134879626399308 -1.5422375822243861 -1.2029751605250094 1
0.5593152496051512 4.017489250025854 -0.41435102016422365 1.015552644927597 0.9075577192974811 1.347420644540805 0.9414959653223516 -0.35338386346590345 -0.11871052151963801 -2.3467243957727266 2
2.614566101694886 -0.5123018504287044 4.421054256440437 0.5127074951981603 1.6492837727301461 -2.174816664554105 0.027913216569870336 1.8167776919427407 -2.4390559173416095 -1.895051039245237 2
-1.3725747339757781 -3.2201824856263914 2.4595435702823423 -0.046432973532622324 0.7699419808903423 4.893514871177839 0.6836042833093309 4.3808018802904725 0.5672217595223992 2.9517060323175808 1
3.410835518820885 0.6932316970513496 -2.0458024029498 -0.17730591977450527 1.592652713521423 1.1505267835616697 2.4701046140523495 -0.5849416643222392 -0.29029839722094897 0.5287185197469604 2
2.8363809533675473 3.362850212244038 -2.320763644993293 1.3372315972841822 -0.26256131715094244 1.6888509828471667 1.7860614865406983 0.6829533871552358 -2.2302435514318772 -1.5433590188879907 2
4.5263220793295975 -4.400578803646184 3.2348690202220047 -0.799734002345852 -1.148473182153133 -1.5669526487147363 1.7620704848447157 5.170424380910836 1.356347231364893 -3.9161641421230646 2
1.8731808269792702 -1.9634341281681724 -1.294452111232006 -2.7131862164149503 -1.691887150979111 -2.2413509003730856 1.7405094457768322 0.39228426766353564 0.4917870504094686 -2.2251507024013986 1
1.2395876248591957 2.9680771627045566 0.8524391193582367 -0.7782949911834415 2.490152182199372 -3.0551617270937723 -0.022135437112222878 -0.2840606785357118 0.9878828203510126 -3.4031034912774203 2
2.418916172243561 1.9440868947847822 -5.7599998659481475 -0.4969223025123768 1.3702271632590661 -2.536671231157853 2.4385304043751153 0.3467581195566809 -0.6822041378682833 0.22931436282642337 2
1.0711291259430202 -1.49226866107948 2.510990535792926 -0.2242718031430987 -0.19927974008726013 0.36741973302106545 2.322337950184001 1.3719586924401461 -1.477489149938616 -0.951426026720777 1
5.47088585389854 1.0241641628169598 -3.9606187148419623 3.271859169891931 -0.6621964975635506 -1.5319595304429354 3.0959062917187543 1.8994546906950531 -3.6933648686748928 -4.90538700197179 2
-1.065339499502715 -0.014404388156135095 -0.32884788755258954 1.740407453306922 0.1846523275370071 1.2702172518336374 -0.6287859955205994 -0.9505779660877528 -3.2063215965563328 -1.7497623455749876 2
1.793837890394827 -0.7935037833481258 2.102766716342492 -3.9502191412998138 2.948895336766425 -1.6428448944129448 -1.2069225450802148 -1.1748870246027763 2.7975422881502316 -0.762468790106145 1
2.846592128656825 -0.10336214950498013 0.22093381063556627 0.7415384783300053 2.8409815032011094 0.6889089212378955 -0.3150221335976855 -1.9169197256926311 0.7366406208772718 -0.657614137556394 2
4.186820589431484 -4.575640113588788 2.4479006011753945 -1.3433986481440474 0.5041005871081222 2.1394077612869378 1.467263681489992 -1.2829624895851433 1.449511738052724 -0.6569177339163335 1
-0.9201313867039722 0.5180790261634354 -2.108772109512375 -1.9725302218388938 0.41158759094123076 -0.7737433655067427 3.314904561093579 1.673302326121906 -0.6002792651047599 0.3756395449687222 1
-1.3529222621588994 -0.43061770770984376 1.0053399304655257 -1.7372119233359706 1.853852199965564 -0.06989171481120904 1.1341020554751151 0.7908916365099412 -2.9370573074719157 -3.15911387030511 1
0.09288042935047303 1.0198643662081244 -1.0563377636075266 0.4676993738737534 0.08666263273676234 -1.4309478599198138 -0.45834636220044955 -0.8578760420844895 -0.33993873244143524 -0.64659347867313 2
-1.2596778592714988 -0.9194498718766169 1.97994385907859 1.0347591079530525 -1.3883584961194706 -0.4831494932654745 2.1950575504201826 3.8079237591408863 1.9555514165055317 -0.45984060038344543 1
-0.9306364127503395 -0.6142954361635418 0.29117496439782165 -0.2780651404298754 -1.1987989315057495 0.47253600105309146 -2.241870119662269 0.033344682660395364 2.3955711984691437 -3.128670834953159 2
-0.22984063013083222 -4.048672770386883 1.9346509846980111 1.2159497376168127 5.812376371948196 0.851345784843812 0.2792733586851359 0.46140541005228775 1.1045335545071784 -2.1105773278213484 1
-0.10265699543145379 -0.524937973657676 0.9888024227474647 -0.6618585349801216 3.189613279056573 1.6717091459826254 1.2601625563214287 -0.8602010551027142 -1.3429324979385466 -0.27351743418042307 1
2.1217276047734215 -2.5881487977892683 1.2500250242706903 -1.0427839047381184 1.4617957918960507 -0.05489352263496472 0.801194250363902 -1.6703737397049614 -0.1671985885404823 -0.43755013798071973 1
2.2871900927119455 -4.339905740546215 4.459969117910159 1.761516536300634 3.258050151813057 2.2308459383830073 -0.7118221449503654 -1.1890572972302158 -0.7009611480142581 0.5990105475630849 1
2.4781675659136746 -0.694140215178761 0.28461373464142636 -3.1194474513446773 -0.12488949845435782 -3.2183813637410448 2.0660998306068885 1.4841589115904132 -2.6340740776180125 0.9364055679977499 2
1.7745663466134758 -3.352875436328826 0.6642998877975985 -0.6164912148045079 3.544072082846404 -3.7602531468656197 -0.3731585466168972 -0.8095511307472016 1.5130631020351695 -0.5829786622109121 1
2.3754875869877647 -3.264247598708672 0.07639155962196664 0.42656440434188025 2.666495008713078 0.1291674305127991 -1.9219397966421852 -3.895438932541825 0.4359873411382993 0.4812465468405407 2
0.39230117532531406 -0.004141504582639732 2.6630265108652713 -1.8504505213059264 2.4850852460133375 1.6548145765780111 1.1370090630172922 -0.6217356923609001 -1.6681610628647199 0.9663890745679113 1
3.288397794724203 -3.425136372692826 0.7780512839136087 -1.6155996161083657 0.5260964198814116 -0.9675239175265292 3.026627670553407 3.5299427168251056 -2.089727671600005 0.3302693394578007 2
1.9937391271329439 -0.10908583719995901 0.19556422643703553 -1.133849120013594 1.97688149658606 2.7164960952203314 -0.6203771372120048 0.2482122286255054 -1.1080817768777287 -0.19815434906736307 1
1.422765719894842 1.094801080852041 -0.6558790544727495 -1.6027556013712776 1.4642996248503537 -1.5415477308546608 2.6655820625430597 1.3911254581691284 -0.04813644913462478 -1.404018809546469 1
0.9994490685976847 -3.394887476858164 2.060769827734924 -1.5010871775406058 1.122952459019411 3.5863427503815766 -1.2684724894075576 0.8924554935754848 -1.942325771179658 -3.45439956785283 1
0.10125724651636281 0.38255469880348913 -0.7869633170346735 -0.7872853190699095 1.8423007761811752 2.113808322711945 1.9096898758179304 2.216985156467365 -0.6991518024444403 2.0754522080840694 1
2.952591753779633 1.8514632861640994 -1.5352373037188891 -3.238265746023993 1.2877230314029138 -3.002383671862157 2.723243405360628 -1.7545783772593468 -1.4598251136753757 -2.35210092361633 1
0.9375412898085866 -0.6699012948732394 -0.8822551068324553 -3.2345400204048937 -1.6186605938891088 1.4429910349721626 2.6502576300119727 -0.7740230981714138 -2.319885389276942 -2.7493666550447164 1
-1.4199404841167858 -0.2599448086676397 1.9858595927791725 2.975514313683343 2.053536693329362 -0.18237504766839807 -1.1737012490886793 -1.3121741348054972 -0.6358740223216355 -4.435283167521985 2
0.6807539375745785 0.6066586463626545 -0.7028522169296763 2.614228965821646 0.508413662009126 -1.266389177963386 -0.8124713402121957 -1.7400844122058694 -1.0004026786146514 -3.753618237301928 2
1.5493400714938401 -4.517686617869982 3.7603682600325454 -1.149671547955639 1.0826538695733736 0.5394170628689694 -0.31498871714584764 -0.5611102647712296 -2.365335920072066 -3.360041083518128 1
1.8562827703762161 -3.5590278693541686 1.983354811338426 1.5909810560873576 0.4046653248753306 0.529584076324586 3.0740763620316387 2.8975317437482313 -2.8691209271256883 -1.5067981859161619 2
-0.6772282662114459 -0.4314267318321797 0.16132760591649253 -1.0773844650680067 2.563942155294936 0.7207138134922444 1.5774648427751088 -0.2790109084258745 -1.0676223752524236 -2.1245263073540306 1
-1.5680864626161228 -4.516319707338198 1.701540673869717 -0.13677319481908223 2.701399591113158 5.825877754117133 -0.9155662981018569 4.321189849590613 1.2605994836133991 1.0419314850609345 1
0.5645973735541772 -0.34247023375965635 2.4542115538239706 -0.627370824532431 1.3564509828552334 5.803949765549827 1.5048325207017428 -0.7667321579084616 -1.7088484644429567 -1.4173858643507322 1
2.326277854851566 -3.9616939351362794 1.3740374691841835 -0.6874998673326271 -2.8012562395706566 -1.0559478596694012 0.24566835674220855 2.2678905666797684 -1.0820562549531987 -1.8762074911171163 2
0.14229337510022866 0.724524866684982 2.9156708275342624 -1.246995580560064 2.860720066005676 -1.9683248996299048 -1.3785246102539066 1.0384769263760354 -0.18002429732912806 -1.9212762746586438 2
0.49142765997257853 -1.7986966662409736 1.1467489550647352 -0.9403856000288661 2.737062328405748 -4.185539704652928 0.39306238319481424 -0.015187667196952859 0.07833864299324644 -0.6725625770792518 1
1.9878766657642468 -0.2322320438846156 1.6538858989144067 -1.3375511069596584 -0.8310407171396892 5.5832246168872555 2.956523842315459 -1.4130834164049204 -1.7150777299707225 -0.4067015891967781 1
3.480960993388244 -0.054630788744807424 1.5646373627792913 -2.1623451464600825 0.604577646184475 -1.2589220202664615 1.286331053274349 -1.4542559658436134 -1.6799390181244682 -1.877675037051929 1
0.792698015829316 -0.6405482892919327 0.9963356656508519 -4.475739041934089 -0.5828222646801662 -2.3018249070003085 -0.5484608535369371 0.45100992455885425 1.0241833724436602 -0.04681638142596023 2
-0.04646611092587305 -1.359054928523554 0.23897345651075874 -0.8145810255786092 2.652240591280222 0.06205126089819579 2.160527240775668 0.7434009132361966 -0.29631966870522963 -1.57084877072854 2
-2.0212445339373186 1.096929189419646 0.5504077105140589 0.17804255952726256 1.4515128708982288 -0.41863313351199205 -1.51366984356684 -1.1200312207693948 -0.6027784412442254 -0.5023808892254479 2
2.114620355262117 -0.5488695698097019 -4.620899072307873 3.1105955298579624 -1.501172946264608 -1.4138229656410495 3.024794749162089 0.39956964860015964 -4.970322271699665 -2.7733204560878457 2
0.722790331552996 1.4480994910319827 -0.25757980301064 -0.8835003169172334 -0.6974074994903785 -1.4594247804401372 2.0342936228113864 0.8704301408080024 -1.1715389617597063 -0.2196304924976803 1
1.4010836723780418 -3.0745801222854547 1.0713501653864563 0.9430257900125227 3.1140825352100308 0.5073246645318277 1.8902682698194464 -0.6418884348246685 -0.043782947410307416 -0.053208909688212236 1
1.2487669950214537 -0.46292006003618824 -4.1108495820141115 -0.4399227979313114 1.6130399834875573 -1.5413216844058333 2.820818117057849 0.2683889440170768 -1.0995067985073044 -0.43569334714978203 2
1.6253012906435345 -1.8778150420624464 2.951194262328526 0.22173830661037708 2.469178536960669 0.35590678474777104 -1.4653247467696668 -1.3423899102106192 0.609493876366054 -0.7773990845028952 1
-0.29379661946192703 3.661544039248021 -2.0212557835409504 -3.745980390772911 -3.193173058323141 2.044963995318794 3.8314202989523394 -1.4249067632761652 -4.64739560998928 -1.4507304385506907 1
-4.828207681346213 1.6237226491105137 0.26350527611744035 2.0376707385523067 1.1159754660744112 0.49505457354369065 -1.757924670510235 -1.0033373293276122 -1.3914782034985342 -1.2785823311769096 2
-0.2980485838345879 0.8057684887243723 1.7691521519716669 -3.673806923600215 4.050891083511287 -1.0094448757797652 0.8813477037035677 -0.6704926558150146 0.32804662124444106 -1.6970108317828148 2
1.2476153284532 -2.648630686813076 -0.27156109982464915 -2.74077751604609 4.869181615035945 4.018792031369217 -1.3552729173317326 0.1476216384952892 -1.3829052643872584 -0.8626629122443114 1
0.530930847236949 -2.7580012144323054 1.6847111668167547 -2.736843127518427 2.3262379089764047 -0.3954509335963956 -0.6263634818418178 0.9302728409493211 0.4149717165404567 -3.3618568540700746 1
-3.196448455664185 4.808142477953393 0.8186095219042723 -2.702872712660213 0.7908323569028782 4.6498544364811885 1.0929563990448379 -0.2111405501373268 -4.614758850355042 -2.2606098998930664 1
2.787530680339165 0.49651517094227915 -2.751403411246812 -0.04928244132384374 0.13741049169165764 1.6984145248651483 0.5594545956191609 -2.07561606912547 -1.602591130551703 2.104892550721863 2
0.7750539639630112 1.2498975289092344 1.1677527532302208 0.5700115997912689 3.3277931918222565 -1.2441015353940574 -0.019673081030439077 1.8140611750458224 2.254474808222047 -3.0404800760407418 2